********************************************************************************
Palmer Station Weather Highlights: September 2007

        Temperature:    Abs Max:   4.2 C 	Day: 19
                        Abs Min: -12.7 C 	Day: 7
                            Avg:  -2.4 C
                        Avg Max:   0.0 C
                        Avg Min:  -4.4 C

        Pressure:       Abs Max: 1020.8 mb 	Day: 9
                        Abs Min:  953.1 mb  	Day: 29
                            Avg:  993.9 mb
                        Avg Max:  998.8 mb
                        Avg Min:  988.3 mb

        Wind:             Peak: 64 kts 		Day: 28
                           Avg: 11 kts
                        Days Prevailing:      N: 10
                                             NE:  8
                                              E:  1
                                             SE:  5
                                              S:  0
                                             SW:  3
                                              W:  1
                                             NW:  2

        Precipitation:  Melted: 56.9 mm 	YTD: 284.7 mm
                          Snow:   44 cm 	YTD:   265 cm
                Maximum Snowstake Depth: 76 cm 	Day: 12


============================== Daily Weather Data ==============================
Column Titles:
        1. Day                          9. Wind 2-Min Peak 	     (knots)
        2. Temperature High    (C)     10. Wind 2-min Peak Direction (degrees)
        3. Temperature Low     (C)     11. Wind Average 	     (knots)
        4. Temperature Average (C)     12. Wind Prevailing Direction
        5. Pressure High       (mb)    13. Precipitation Melted      (mm)
        6. Pressure Low        (mb)    14. Precipitation Snow 	     (cm)
        7. Pressure Average    (mb)    15. Depth at Snowstake 	     (cm)
        8. Wind 5-Sec Peak     (knots) 16. Sea Temp/Ice 	     (WMO code)

 1  0.3  -6.0 -2.4  992.9  976.6  983.7 55 40 027 21 NE  0.0  0 67 0101860790
 2  0.2  -2.4 -0.7  988.3  980.5  983.8 59 46 020 21  N  0.0  0 67 0101860690
 3 -0.5  -4.1 -2.7  997.5  988.2  993.1 34 27 350 14 NW  3.3  1 67 0101851690
 4 -3.1  -6.4 -5.1  998.2  993.0  996.4 12 11 026  4 NE  0.0  0 67 0101851690
 5 -5.3  -9.6 -7.3  999.6  991.4  993.6 21 18 226  8 SW  0.5  0 67 0101751690
 6 -7.0 -11.0 -9.3 1008.7  999.7 1005.5 15 12 222  5 NE  0.0  3 70 0101751790
 7 -2.6 -12.7 -9.4 1010.1 1004.2 1008.7 26 20 025  6  E  0.8  0 70 0101851790
 8 -1.2  -4.9 -3.2 1020.1 1004.6 1015.1 31 22 346  7 SW  0.0  3 65 0101831790
 9 -0.9  -3.1 -1.3 1020.8 1019.3 1020.1 22 19 336 11  N  0.3  0 65 0101831790
10  0.3  -1.3 -0.7 1020.0 1010.6 1015.5 28 21 012 12  N  0.0  0 65 0101831790
11 -0.4  -3.1 -1.4 1011.9  998.5 1006.1 26 20 022  9  N  4.3  1 66 0101851790
12  0.1  -3.1 -1.4  998.4  982.2  988.6 38 31 234 15  N  2.8 10 76 0101851790
13 -2.9  -9.0 -6.4 1005.5  987.2  997.2 32 25 230  9 SW  0.0  5 66 0101851690
14 -1.6  -9.9 -5.3 1008.7 1004.1 1006.3 17 12 130  4 SE  1.5  0 66 0101851690
15  1.9  -3.3 -1.4 1009.7 1000.5 1006.9 29 22 013  5 SE 14.7  6 72 0101851690
16  2.7  -5.6 -0.7 1008.2  991.5 1000.1 56 36 345 14  N  7.9  0 72 0101851690
17 -1.0  -7.8 -4.4 1010.4 1003.6 1007.9 11  9 123  3 SE  1.8  0 72 0101851690
18  3.6  -5.1 -0.3 1003.7 1000.7 1002.6 38 31 026  8 NE  0.5  0 72 0101851690
19  4.2  -0.4  1.8 1001.1  997.5  998.7 47 37 036 21 NE  8.9  0 70 0101761690
20  1.9  -1.9 -0.5 1004.3  997.9 1001.6 38 29 038  5 SE  0.3  4 63 0101660690
21  1.7  -1.9 -0.1 1004.1  995.3  999.6 45 39 052 17  N  0.0  0 61 01016205/0
22  0.4  -3.6 -2.1 1006.3 1001.0 1003.8 31 25 028 12  W  1.3  3 66 01017400/2
23  1.8  -2.6 -1.3 1001.5  993.2  997.1 10  8 129  2 SE  2.5  5 68 0101720590
24  2.7  -2.2 -0.5  993.8  967.5  984.4 53 43 045 13 NE  0.8  0 68 0101620490
25  1.5  -0.9  0.2  973.9  965.5  969.0 27 22 031 12  N  2.3  3 72 0101620490
26  1.2  -0.8  0.1  972.8  960.6  965.6 47 36 033 20  N  1.8  0 70 0101620490
27  1.0  -2.3 -0.7  977.8  963.4  968.1 29 25 025 10 NE  0.0  0 69 0101520490
28 -0.4  -4.5 -2.4  980.4  955.4  973.3 64 52 042 13 NE  0.0  0 70 0101620490
29  0.5  -1.8 -0.9  961.4  953.1  958.3 51 40 043 15 NW  0.0  0 68 0101570490
30  0.4  -1.8 -0.7  973.2  961.0  966.6 32 25 348 15  N  0.8  0 67 0101830490