********************************************************************************
Palmer Station Weather Highlights: August 2007

        Temperature:    Abs Max:   3.3 C 	Day: 19
                        Abs Min: -16.3 C 	Day: 11
                            Avg:  -4.6 C
                        Avg Max:  -1.5 C
                        Avg Min:  -7.4 C

        Pressure:       Abs Max: 1012.0 mb 	Day: 18
                        Abs Min:  957.0 mb 	Day:  8
                            Avg:  984.2 mb
                        Avg Max:  989.2 mb
                        Avg Min:  978.8 mb

        Wind:             Peak: 58 kts 		Day: 12
                           Avg: 12 kts
                        Days Prevailing:      N: 8
                                             NE: 6
                                              E: 4
                                             SE: 3
                                              S: 0
                                             SW: 3
                                              W: 4
                                             NW: 3

        Precipitation:  Melted: 28.7 mm 	YTD: 227.8 mm
                          Snow:   54 cm 	YTD:   221 cm
                Maximum Snowstake Depth: 72 cm 	Day: 25


============================== Daily Weather Data ==============================
Column Titles:
        1. Day 			        9. Wind 2-Min Peak           (knots)
        2. Temperature High    (C)     10. Wind 2-min Peak Direction (degrees)
        3. Temperature Low     (C)     11. Wind Average              (knots)
        4. Temperature Average (C)     12. Wind Prevailing Direction
        5. Pressure High       (mb)    13. Precipitation Melted      (mm)
        6. Pressure Low        (mb)    14. Precipitation Snow        (cm)
        7. Pressure Average    (mb)    15. Depth at Snowstake        (cm)
        8. Wind 5-Sec Peak     (knots) 16. Sea Temp/Ice              (WMO code)

 1 0.7 -7.6 -4.3 1001.3 993.3 998.8 39 34 022 5 E 1.0 3 52 0101770696
 2 2.9 -2.5 -0.2 993.6 973.9 982.5 47 40 030 19 NW 0.5 0 49 010160/6/0
 3 -2.2 -4.4 -3.3 993.9 982.5 989.6 23 19 266 10 W 1.0 2 51 0101760690
 4 1.0 -3.8 -1.4 993.4 983.9 989.2 50 39 038 18 NE 0.3 0 49 0101760590
 5 0.2 -2.3 -1.0 983.8 959.5 968.1 53 43 043 23 N 0.8 0 49 0101760590
 6 -1.5 -3.6 -2.4 960.6 957.3 959.3 42 35 029 19 N 0.0 0 49 0101860590
 7 -2.9 -8.3 -6.2 974.5 959.6 968.8 40 31 019 15 N 1.0 2 51 0101860690
 8 -4.5 -8.4 -6.2 971.5 957.0 963.0 39 33 029 17 N 0.0 0 51 0101860690
 9 -0.8 -11.1 -8.0 979.0 963.5 973.6 49 39 022 17 W 0.0 0 49 0101851696
10 -0.7 -15.1 -9.4 984.6 966.8 973.2 44 34 247 18 SW 3.6 6 51 0101851696
11 -0.7 -16.3 -9.9 989.9 980.8 984.5 34 28 336 14 SE 8.9 5 51 0101851696
12 -0.4 -13.8 -5.3 985.8 974.7 981.9 58 41 353 23 N 0.3 10 57 010185169/
13 -11.5 -13.4 -12.6 987.3 984.7 985.8 17 13 221 8 SW 0.0 0 57 010185169/
14 -10.2 -14.3 -11.6 1004.2 987.2 994.1 21 16 231 8 SW 0.0 0 57 0101851742
15 -1.0 -10.8 -7.1 1007.5 998.7 1003.6 22 17 332 7 W 2.0 1 58 0101851742
16 -0.6 -6.9 -3.3 1006.7 1002.6 1005.0 12 8 319 4 NW 0.8 5 63 0101851742
17 -1.1 -5.5 -2.2 1011.1 1005.8 1007.8 10 9 336 4 NW 0.3 0 63 0101851742
18 2.4 -6.8 -1.6 1012.0 994.6 1005.4 44 36 027 15 NE 0.0 0 63 0101851762
19 3.3 -1.3 1.4 995.6 986.0 993.1 44 32 027 17 N 1.0 0 60 0101851762
20 3.1 -2.2 0.5 986.1 980.8 983.7 43 36 017 11 N 0.0 0 59 0101881890
21 1.6 -0.1 0.6 985.5 980.0 983.1 49 39 044 23 NE 0.0 0 58 0101721790
22 1.9 -2.6 -0.7 986.4 981.8 984.4 30 25 036 9 NE 1.0 0 58 0101721790
23 -2.5 -5.8 -4.2 982.8 980.9 981.7 15 12 154 5 SE 0.0 2 60 0101760690
24 -2.8 -8.5 -5.0 981.7 965.9 974.1 20 15 123 6 E 0.0 0 60 0101760990
25 -3.8 -10.0 -6.2 979.3 966.4 974.3 23 20 327 9 W 4.1 12 72 0101760990
26 -3.1 -9.7 -5.8 980.9 976.1 978.0 24 18 043 4 N 0.0 0 72 0101760990
27 -4.6 -7.5 -6.1 991.2 981.0 986.5 26 21 024 10 NE 0.0 0 72 0101760990
28 -4.6 -9.0 -6.8 991.5 982.0 988.0 43 21 023 10 NE 0.0 0 72 0101760790
29 -1.7 -6.2 -3.8 984.9 978.5 982.3 34 28 136 9 SE 1.5 3 64 0101860790
30 -2.5 -8.0 -5.6 985.4 979.0 982.5 44 35 044 6 E 0.0 0 64 0101760790
31 -0.7 -4.9 -3.5 993.0 979.0 985.5 50 41 038 15 E 0.8 3 67 0101860790
