********************************************************************************
Palmer Station Weather Highlights: January 2007

        Temperature:    Abs Max:  9.9 C 	Day: 17
                        Abs Min: -1.0 C 	Day: 7
                            Avg:  2.7 C
                        Avg Max:  5.2 C
                        Avg Min:  1.1 C

           Pressure:    Abs Max: 1008.4 mb 	Day: 25
                        Abs Min:  965.7 mb 	Day: 17
                            Avg:  990.5 mb
                        Avg Max:  993.3 mb
                        Avg Min:  987.9 mb

               Wind:      Peak: 40 kts 		Day: 17
                           Avg:  6 kts
                        Days Prevailing:      N: 10
                                             NE: 3
                                              E: 3
                                             SE: 5
                                              S: 0
                                             SW: 10
                                              W: 0
                                             NW: 0

        Precipitation:           Melted: 21.6 mm  YTD: 21.6 mm
                                   Snow:  0   cm  YTD:  0   cm
                Maximum Snowstake Depth:  0   cm  Day: NA


============================== Daily Weather Data ==============================
Column Titles:
        1. Day 				 9. Wind 2-Min Peak (knots)
        2. Temperature High (C) 	10. Wind 2-min Peak Direction (degrees)
        3. Temperature Low (C) 		11. Wind Average (knots)
        4. Temperature Average (C) 	12. Wind Prevailing Direction
        5. Pressure High (mb) 		13. Precipitation Melted (mm)
        6. Pressure Low (mb) 		14. Precipitation Snow (cm)
        7. Pressure Average (mb) 	15. Depth at Snowstake (cm)
        8. Wind 5-Sec Peak (knots) 	16. Sea Temp/Ice (WMO code)

 1 4.5  0.9 2.4  990.9  988.4  989.6 14 12 013  3 NE 0.0 0 0 000220/6/0
 2 4.6  1.3 2.9  988.4  980.6  984.8 33 26 028 11  N 0.3 0 0 000170/6/0
 3 4.9  0.5 2.1  981.6  979.4  980.4 30 22 016  6  N 4.8 0 0 000180/7/0
 4 2.1  0.4 1.0  985.9  980.1  983.5 27 22 226 14 SW 0.0 0 0 000190/7/0
 5 1.7  0.1 0.8  985.7  982.8  984.2 29 24 227 14 SW 0.0 0 0 000220/7/0
 6 5.7 -0.1 1.3  992.1  985.2  986.9 23 18 232 11 SW 0.0 0 0 000250/7/0
 7 5.8 -1.0 2.3  993.2  992.0  992.7  9  6 005  3  N 0.0 0 0 000200/6/0
 8 7.0  0.7 3.0  993.1  987.5  990.9 22 16 098  3  N 0.0 0 0 000170/7/0
 9 7.1  1.5 3.4  988.0  985.9  987.3 20 15 103  5 SE 4.6 0 0 000170/7/0
10 5.0  0.5 2.3  986.1  977.0  980.1 13 12 339  3  N 0.0 0 0 000160/7/0
11 3.5  1.0 2.1  979.9  977.1  978.5  9  7 350  3  N 0.3 0 0 000150/6/0
12 4.1  1.3 2.5  987.3  979.9  982.6 17 14 234  5 SW 0.0 0 0 000180/6/0
13 3.1  0.5 2.2  989.5  987.3  988.8 23 19 235 12 SW 0.0 0 0 000220/6/0
14 5.4  1.4 2.9  989.9  987.8  988.5 16 14 225  5 SW 0.0 0 0 000240/6/0
15 3.7  0.9 2.5  989.6  969.1  977.4 35 28 044 10  E 0.0 0 0 000160/7/0
16 6.1  1.4 3.1  970.6  966.3  968.6 18 15 019  5 SE 0.3 0 0 000200/6/0
17 9.9  4.2 6.4  986.1  965.7  972.6 40 30 115 13  E 0.0 0 0 000180/7/0
18 8.4  4.0 6.0 1000.0  986.2  995.9 24 17 117  7  E 0.0 0 0 000200/6/0
19 6.9  1.3 2.2 1001.4  999.8 1000.7 13 12 235  6  N 0.0 0 0 000100/6/0
20 2.5  0.4 1.5 1002.0  999.8 1000.5 24 17 232  9 SW 0.0 0 0 000190/6/0
21 1.8  0.9 1.3 1005.8 1001.9 1004.6 18 14 234  8 SW 0.0 0 0 000180/6/0
22 6.0  0.5 2.1 1008.2 1005.5 1007.1 12 10 227  4 SW 0.5 0 0 000200/6/0
23 4.4  1.5 2.8 1007.7 1006.0 1006.7  8  7 322  2  N 0.0 0 0 000190/6/0
24 3.6  1.4 2.4 1008.1 1006.1 1007.0 13 10 227  4 SW 0.0 0 0 000150/6/0
25 6.3 -1.0 2.2 1008.4 1000.9 1006.2  9  8 135  3 SE 0.0 0 0 000140/6/0
26 5.0  0.6 2.6 1000.9  993.4  996.6 10  8 354  4 SE 0.0 0 0 000150/7/0
27 7.4  1.6 3.1  995.3  992.0  993.4  8  7 356  2  N 1.5 0 0 000160/7/0
28 7.1  1.9 3.8  996.8  995.1  996.3 19 11 059  3  N 1.8 0 0 000150/7/0
29 7.3  2.6 5.0  996.4  993.5  995.2 34 29 027 10 NE 2.5 0 0 000140/7/0
30 7.1  2.5 4.4  994.6  987.2  990.9 30 26 027  6 NE 1.0 0 0 000160/6/0
31 4.6  0.7 1.9  989.1  986.9  987.9 11 10 239  3 SE 4.1 0 0 000160/6/0
