********************************************************************************
Palmer Station Weather Highlights:       December 2007

        Temperature:    Abs Max:     7.2 C          Day: 20
                        Abs Min:    -2.0 C          Day: 25
                            Avg:     1.2 C
                        Avg Max:     3.6 C
                        Avg Min:    -0.4 C

        Pressure:       Abs Max:  1009.1 mb         Day: 18
                        Abs Min:   958.9 mb         Day: 11
                            Avg:   982.7 mb
                        Avg Max:   987.1 mb
                        Avg Min:   978.1 mb

        Wind:             Peak:       54 kts        Day: 2
                           Avg:        9 kts
                        Days Prevailing:      N: 6
                                             NE: 4
                                              E: 1
                                             SE: 2
                                              S: 1
                                             SW: 8
                                              W: 3
                                             NW: 6

        Precipitation:  Melted:     44.7 mm         YTD:   372.1 mm
                          Snow:        7 cm         YTD:     342 cm
                Maximum Snowstake Depth:      58 cm Day: 1


============================== Daily Weather Data ==============================
Column Titles:
        1. Day                         9. Wind 2-Min Peak            (knots)
        2. Temperature High    (C)    10. Wind 2-min Peak Direction  (degrees)
        3. Temperature Low     (C)    11. Wind Average               (knots)
        4. Temperature Average (C)    12. Wind Prevailing Direction
        5. Pressure High      (mb)    13. Precipitation Melted       (mm)
        6. Pressure Low       (mb)    14. Precipitation Snow         (cm)
        7. Pressure Average   (mb)    15. Depth at Snowstake         (cm)
        8. Wind 5-Sec Peak (knots)    16. Sea Temp/Ice               (WMO code)

 1   7.1   0.6   3.0  981.7  975.1  979.4 45 37 030 15 NE  1.5  0  58 0000120600
 2   4.5   1.9   2.9  975.5  967.8  970.5 54 32 024 18 NE  4.3  0  54 0100320600
 3   5.0  -0.3   1.3  977.8  969.5  972.9 22 17 042  4 NW  0.0  0  44 0100300600
 4  -0.1  -1.3  -1.0  982.8  977.8  980.1 19 17 237 12 SW  0.0  0  42 0100100600
 5  -0.1  -1.4  -0.8  994.0  982.8  988.9 18 15 227  8 SW  0.0  0  38 0100120600
 6   2.8  -1.3   0.3  993.8  970.2  983.9 37 29 025 16 NE  0.0  4  42 0100220400
 7   3.0  -1.5  -0.2  970.0  963.1  965.8 31 25 235 13 SW 10.4  0  41 0100420400
 8   4.2  -1.9   0.2  968.0  966.0  966.7 24 21 227  7 SW  0.0  0  40 0100220400
 9   2.6  -1.9   0.5  975.2  968.0  971.9 22 17 190  7 SW  0.0  0  33 0000320400
10   3.8  -1.7  -0.1  975.7  964.9  972.6 22 15 124  6 SE  0.5  0  31 0000620400
11   2.8  -0.9   0.6  965.0  958.9  961.8 20 17 336  7 NW  2.3  0  28 0100620400
12   3.7  -1.4   0.4  969.8  963.3  964.6 17 15 030  5 N   0.0  0  24 0100620400
13   2.3  -0.5   0.4  985.7  969.9  979.8 29 24 030  9 SW  0.0  0  23 0000520400
14   3.8   0.5   1.3  989.8  979.3  982.8 37 30 027 14 NE  3.8  0  21 0000100400
15   2.8  -0.2   0.7  991.7  988.3  990.0 15 12 281  5 SE  3.8  0  19 0000200400
16   2.8   0.0   0.9  995.1  989.0  992.2 32 26 023  9 NW  2.0  0  17 0000220400
17   1.6  -0.7   0.2 1003.1  990.0  996.0 16 14 328  5 SW  0.5  0  15 0100540400
18   2.8  -1.7  -0.1 1009.1 1003.1 1006.8  8  7 229  3 S   0.0  0  12 0000240400
19   5.3  -1.0   1.2 1008.3  994.7 1002.9 10 10 326  4 NW  0.0  0   8 0000440400
20   7.2   1.0   2.7  996.7  993.4  994.7 30 25 353  5 SW  0.0  0   4 0001230400
21   5.2   0.6   1.9  999.0  996.7  998.1 13 13 272  7 W   0.0  0   2 0001520400
22   4.0  -1.3   1.3  997.3  982.5  989.1 31 25 355  5 N   0.0  0   0 0001100400
23   4.1   0.3   2.0  985.3  982.4  984.0 25 22 351  8 N   1.3  0   0 0000820400
24   1.7   0.0   0.9  987.4  983.3  985.0 20 14 318  8 NW  2.0  3   3 0000620400
25   1.6  -2.0   0.0  989.4  980.8  984.1 24 21 255  9 W   0.0  0   0 0001030400
26   2.4   0.2   1.0  998.4  989.4  995.4 19 17 256 11 W   0.0  0   0 0001220400
27   3.6  -1.7   1.1  997.7  986.7  993.8 21 17 005  5 N   0.0  0   0 0002120400
28   4.5   2.2   3.8  986.9  980.2  983.6 37 31 359 17 N   0.3  0   0 0001230400
29   5.4   0.2   3.0  987.5  975.6  982.3 26 23 311 11 N   3.6  0   0 0001320200
30   6.1   2.6   4.0  987.5  966.2  977.5 39 25 353 11 E   7.9  0   0 0000800100
31   4.9   0.6   2.8  973.5  962.5  966.6 40 32 001 15 NW  0.5  0   0 0000600100
