********************************************************************************
Palmer Station Weather Highlights: October 2007

        Temperature:    Abs Max:  4.8 C 	Day: 3
                        Abs Min: -9.6 C 	Day: 9
                            Avg: -2.7 C
                        Avg Max:  0.5 C
                        Avg Min: -5.0 C

        Pressure: 	Abs Max: 1002.2 mb 	Day: 3
                        Abs Min:  956.1 mb 	Day: 1
                            Avg:  981.8 mb
                        Avg Max:  986.8 mb
                        Avg Min:  976.2 mb

        Wind: 		  Peak: 64 kts 		Day: 22
                           Avg: 10 kts
                        Days Prevailing:      N: 3
                                             NE: 9
                                              E: 8
                                             SE: 2
                                              S: 0
                                             SW: 5
                                              W: 1
                                             NW: 3

        Precipitation:  Melted: 23.6 mm YTD: 308.3 mm
                          Snow:   49 cm YTD:   314 cm
                Maximum Snowstake Depth: 90 cm 	Day: 12


============================== Daily Weather Data ==============================
Column Titles:
        1. Day 				 9. Wind 2-Min Peak 	      (knots)
        2. Temperature High 	(C)     10. Wind 2-min Peak Direction (degrees)
        3. Temperature Low 	(C)     11. Wind Average 	      (knots)
        4. Temperature Average 	(C)     12. Wind Prevailing Direction
        5. Pressure High 	(mb)    13. Precipitation Melted      (mm)
        6. Pressure Low 	(mb)    14. Precipitation Snow        (cm)
        7. Pressure Average 	(mb)    15. Depth at Snowstake        (cm)
        8. Wind 5-Sec Peak 	(knots) 16. Sea Temp/Ice 	      (WMO code)

October 2007
  1  1.8 -4.1 -1.6  972.4 956.1  962.0 39 27 031 16  E 0.0  0 66 01017304/0
  2  0.7 -3.5 -1.7  998.7 966.5  986.5 33 28 023 10 NE 1.5  2 68 01017204/0
  3  4.8 -0.5  1.9 1002.2 997.3 1000.3 36 28 029 12 NE 0.0  0 66 01014204/0
  4  3.4 -3.0 -0.1  997.9 987.6  991.7 26 14 133  3 NE 0.0  0 64 01014204/0
  5 -1.2 -3.2 -2.3 1000.0 988.6  994.6 20 18 243  8  W 0.0  0 62 01014204/0
  6 -0.4 -2.6 -1.4 1001.2 998.3  999.9 19 17 240  7 NW 0.0  0 62 01014204/0
  7  0.1 -2.3 -1.1  999.9 971.3  987.2 41 40 350 21 NW 0.3  2 64 01016404/0
  8 -2.2 -7.7 -3.9  975.4 962.7  968.3 44 39 231 18 SW 1.0  1 65 01017404/0
  9 -1.8 -9.6 -6.9  993.2 975.2  988.1 40 31 222 15 SW 0.0  0 64 01016204/0
 10  0.2 -2.9 -1.0  992.4 974.8  984.5 25 19 357 13  N 7.1  6 70 01017404/0
 11  2.5 -2.6 -1.2  977.9 975.1  976.9 18 15 329  4 NW 1.0 16 86 01017404/0
 12 -1.2 -4.1 -2.9  986.4 974.0  979.3 20 17 201  8 SW 0.8  4 90 01016404/0
 13 -1.7 -8.4 -5.4  993.4 986.4  991.3 28 24 229  7  E 0.0  0 85 01016504/0
 14 -3.6 -8.1 -5.4  990.6 964.7  980.0 32 26 038 13  E 0.0  0 81 01015304/0
 15 -5.8 -9.0 -7.6  964.9 957.7  960.5 42 30 121 19 SE 0.0  0 80 01009204/0
 16 -2.1 -8.0 -6.3  975.9 964.7  970.6 22 18 242  8 SW 0.0  0 79 010130/4/0
 17  0.0 -8.9 -4.6  984.3 975.7  978.5 24 17 034  7  E 0.0  0 78 010110/4/0
 18 -2.6 -8.6 -5.5  996.7 984.3  991.9 20 17 028  8 NE 0.0  0 78 010120/6/0
 19 -1.4 -6.5 -3.9  998.6 996.8  997.8 32 26 019 14 NE 0.0  0 77 010120/6/0
 20 -2.0 -7.2 -4.5  998.3 988.8  994.8 26 22 019  8  E 0.0  0 77 010140/4/0
 21  1.6 -2.8 -0.7  988.8 977.8  983.9 42 32 047 15  E 0.8  0 77 010120/4/0
 22  4.2 -0.5  1.5  986.6 969.6  975.3 64 34 044 20 NE 0.5  0 76 010090/4/0
 23  3.1 -4.1 -0.7  983.0 972.1  979.5 20 17 236  7 SW 0.8  2 72 01011404/0
 24  3.3 -5.3 -1.7  983.7 981.8  982.9 18 14 021  3 NE 0.0  0 71 01013304/0
 25  0.3 -4.0 -1.5  981.8 972.4  977.3 41 32 072 12  E 0.0  0 70 01011204/0
 26 -0.4 -4.2 -2.5  979.8 972.5  977.2 57 46 032 22 NE 0.3  0 70 01012204/0
 27  0.9 -3.8 -1.6  977.2 970.9  973.2 19 16 121  4 SE 6.9 13 82 01011204/0
 28  3.0 -3.8 -0.8  972.0 969.5  970.4 23 18 022  6  E 0.8  0 81 01011204/0
 29  4.7 -4.5 -3.0  977.3 972.0  974.1 17 13 265  5  N 2.0  3 83 01015404/0
 30  2.9 -5.9 -2.9  980.8 977.4  978.8 15 12 021  5  N 0.0  0 82 01012204/0
 31  3.8 -6.7 -2.9  981.0 978.9  979.9 10  7 024  4 NE 0.0  0 80 01007204/0