********************************************************************************
Palmer Station Weather Highlights: February 2007

        Temperature:    Abs Max:  6.0 C 	Day: 16
                        Abs Min: -1.3 C 	Day: 22
                            Avg:  2.0 C
                        Avg Max:  4.1 C
                        Avg Min:  0.5 C

        Pressure:       Abs Max: 1000.2 mb 	Day: 17
                        Abs Min:  970.8 mb 	Day: 13
                            Avg:  987.0 mb
                        Avg Max:  990.7 mb
                        Avg Min:  982.7 mb

        Wind: 		  Peak: 35 kts 		Day: 5
                           Avg: 6 kts
                        Days Prevailing:      N: 9
                                             NE: 8
                                              E: 4
                                             SE: 3
                                              S: 1
                                             SW: 3
                                              W: 0
                                             NW: 0

        Precipitation:           Melted: 50.8 mm 	YTD: 72.4 mm
                                   Snow:   20 cm 	YTD: 20 cm
                Maximum Snowstake Depth:    0 cm 	Day: NA


============================== Daily Weather Data ==============================
Column Titles:
        1. Day 				 9. Wind 2-Min Peak 		(knots)
        2. Temperature High 	(C) 	10. Wind 2-min Peak Direction 	(degrees)
        3. Temperature Low 	(C) 	11. Wind Average 		(knots)
        4. Temperature Average 	(C) 	12. Wind Prevailing Direction
        5. Pressure High 	(mb) 	13. Precipitation Melted 	(mm)
        6. Pressure Low 	(mb) 	14. Precipitation Snow 		(cm)
        7. Pressure Average 	(mb) 	15. Depth at Snowstake 		(cm)
        8. Wind 5-Sec Peak 	(knots) 16. Sea Temp/Ice 		(WMO code)

 1 4.1  0.7 2.5  988.6 974.5 979.9 30 22 029 10  E  0.0 0 0 000190/6/0
 2 4.2  2.0 3.4  996.0 977.0 988.0 30 26 031 14  E  0.0 0 0 000190/6/0
 3 5.1  0.2 2.0  996.0 993.9 994.9 10  9 330  2 NE  2.0 1 0 000180/6/0
 4 4.1 -0.7 1.4  994.5 991.9 993.8  8  7 324  3 NE  0.0 0 0 000110/6/0
 5 5.7  1.5 3.4  991.9 988.4 989.9 35 28 026 11 NE  0.5 0 0 000160/7/0
 6 4.2  1.8 2.8  989.3 985.6 988.1 31 25 030  5 NE  0.5 0 0 000180/6/0
 7 5.9  0.1 2.1  985.6 974.4 979.0 18 13 214  6 SW  0.0 0 0 000250/6/0
 8 5.9  3.3 4.6  989.1 974.5 984.3 27 21 118  9 SW  0.0 0 0 000250/6/0
 9 3.5  1.5 2.0  996.5 989.2 993.9 20 18 235 10 SW  0.0 0 0 000200/6/0
10 2.9  0.1 1.5  996.4 980.1 988.2 20 15 346  5 NE 11.4 1 0 000180/6/0
11 3.3  2.1 2.7  990.9 981.9 988.3 25 19 350 12  N  4.3 0 0 000050/6/0
12 5.2  1.6 3.0  991.8 979.1 988.8 24 18 074  5  N  2.3 0 0 000140/6/0
13 5.8  2.1 4.0  979.1 970.8 973.8 35 28 043 10  E  3.6 0 0 000170/7/0
14 3.0  0.6 1.6  991.4 976.9 984.3 16 14 247  6  N  2.3 0 0 000080/7/0
15 5.1 -0.1 1.5  995.4 991.4 994.2 20 16 304  6  N  0.8 0 0 000150/6/0
16 6.0 -0.7 2.3  994.8 991.8 993.0 14 13 042  5 NE  0.0 0 0 000180/6/0
17 3.4 -0.6 1.2 1000.2 994.6 998.7 11 10 026  4  N  0.0 0 0 000150/7/0
18 3.3  1.2 2.0 1000.0 998.7 999.4 15 13 240  4  N  0.0 0 0 000170/6/0
19 2.7  0.4 1.3  999.1 986.3 993.3 15 13 253  6  N  3.1 1 0 010050/6/0
20 3.5 -0.2 1.1  986.3 974.9 977.8 25 19 120  7 SE  2.5 3 0 000190/6/0
21 4.6  0.4 2.1  985.1 976.4 980.5 24 19 120  6  E  0.0 0 0 000160/6/0
22 5.4 -1.3 1.0  990.8 985.2 988.8 12 10 023  4 NE  0.0 0 0 000170/6/0
23 2.5 -0.5 0.6  990.2 981.7 986.6 12  9 138  5 NE  7.1 3 0 000140/6/0
24 3.4  0.4 1.5  981.9 976.7 979.8 13  8 146  3 SE  1.8 2 0 000120/6/0
25 3.6 -0.1 1.1  976.7 974.1 974.9 11  8 161  2  S  4.6 5 0 000130/6/0
26 1.5 -0.2 0.6  983.7 975.7 979.5 19 15 018  4  N  1.0 1 0 000140/6/0
27 3.3  0.0 1.0  989.5 983.7 986.6 18 13 029  4 SE  3.1 3 0 000120/6/0
28 3.2 -1.1 0.5  989.7 986.7 988.4 31 22 017 10  N  0.0 0 0 000110/7/0
