********************************************************************************
Palmer Station Weather Highlights: June 2007

        Temperature:    Abs Max:  0.2 C 	Day: 4
                        Abs Min: -8.5 C 	Day: 12
                            Avg: -4.3 C
                        Avg Max: -2.8 C
                        Avg Min: -5.8 C

        Pressure:       Abs Max: 1008.3 mb	Day: 12
                        Abs Min:  969.5 mb 	Day: 1
                            Avg:  990.5 mb
                        Avg Max:  994.0 mb
                        Avg Min:  987.0 mb

        Wind:             Peak: 57 kts 		Day: 13
                           Avg:  8 kts
                        Days Prevailing:      N:  5
                                             NE:  8
                                              E: 10
                                             SE:  1
                                              S:  1
                                             SW:  5
                                              W:  0
                                             NW:  0

        Precipitation:  Melted: 11.7 mm 	YTD: 182.9 mm
                          Snow:   37 cm 	YTD:   140 cm
                Maximum Snowstake Depth: 49 cm  Day: 22


============================== Daily Weather Data ==============================
Column Titles:
        1. Day 				 9. Wind 2-Min Peak           (knots)
        2. Temperature High    (C) 	10. Wind 2-min Peak Direction (degrees)
        3. Temperature Low     (C) 	11. Wind Average              (knots)
        4. Temperature Average (C) 	12. Wind Prevailing Direction
        5. Pressure High       (mb) 	13. Precipitation Melted      (mm)
        6. Pressure Low        (mb) 	14. Precipitation Snow        (cm)
        7. Pressure Average    (mb) 	15. Depth at Snowstake        (cm)
        8. Wind 5-Sec Peak     (knots) 	16. Sea Temp/Ice              (WMO code)

 1 -2.1 -5.4 -3.6  981.2  969.5  976.2 19 17 050  6  E 0.0  0 35 010110/6/0
 2 -3.0 -6.0 -4.8  984.5  980.8  982.8 11  8 099  4  E 0.0  0 35 010100/6/0
 3 -2.7 -5.3 -4.3  982.5  975.1  978.0 22 14 121  4  E 0.0  0 35 010130/6/0
 4  0.2 -6.0 -4.5  989.4  976.2  981.1 13 11 105  3  E 0.0  0 34 010150/6/0
 5 -1.8 -4.2 -2.7  997.5  989.5  994.3 10  9 220  4  E 0.0  0 34 0101760500
 6 -2.2 -4.9 -3.5 1000.0  997.5  999.1 18 15 060  5  E 0.0  0 33 0101760500
 7 -2.7 -4.5 -3.4  999.2  995.7  996.9 25 15 133  8 SE 1.3 10 43 010110/5/0
 8 -2.4 -6.1 -4.5 1006.5  998.2 1002.2 17 14 001  4 NE 0.0  0 43 010110/5/0
 9 -4.8 -6.5 -5.6 1007.0 1004.2 1005.9 12 10 025  5  N 0.3  0 43 010150/5/0
10 -5.2 -7.4 -6.0 1005.5 1004.1 1004.8 12  9 183  4 NE 0.8  4 44 010140/5/0
11 -5.7 -8.1 -6.1 1005.9 1004.6 1005.1 15 11 209  4  S 0.3  2 46 010150/5/0
12 -2.3 -8.5 -5.8 1008.3  989.2 1003.8 40 32 032 13 NE 0.0  0 46 010110/5/0
13 -0.6 -3.6 -2.5  989.2  976.9  980.7 57 44 029 22 SW 1.0  1 44 010120/5/0
14 -2.7 -6.4 -4.7  983.7  978.6  981.1 21 18 042  7 NE 0.0  0 40 010130/5/0
15 -3.5 -5.9 -4.6  985.7  979.1  982.7  8  6 353  3 NE 1.8  3 43 010140/5/0
16 -2.3 -5.7 -4.3  985.3  980.1  982.2 30 25 056  9 NE 0.8  1 43 010140/5/0
17 -5.0 -7.7 -6.0  984.1  977.3  981.9 36 27 068  5  E 1.0  2 40 010140/5/0
18 -4.5 -7.2 -6.0  985.2  977.0  980.3 37 28 076 17  E 0.0  0 40 010090/5/0
19 -1.0 -8.2 -4.0  985.1  975.6  979.3 46 35 047 21  E 0.0  0 38 010090/5/0
20  0.0 -3.8 -1.9  988.9  981.8  985.5 41 34 030 13  E 0.3  0 38 010090/5/0
21 -1.4 -2.5 -1.9  990.6  987.4  989.3 20 17 156  6  N 2.3  7 44 010110/5/0
22 -1.7 -4.9 -3.1  993.0  987.2  990.1 20 14 001  6  N 1.5  5 49 010120/5/0
23 -2.5 -5.7 -3.9  996.9  989.7  993.6 12 10 011  4 NE 0.0  0 48 010140/5/0
24 -3.6 -5.9 -4.9  997.1  990.8  994.1 20 14 077  5  N 0.0  0 48 0101620590
25 -3.9 -6.4 -5.4  999.0  990.7  994.4 33 23 099 12 NE 0.0  0 46 010140/5/0
26 -2.7 -6.0 -3.9 1000.3  998.7  999.6 12 10 013  4  N 0.3  0 46 010150/5/0
27 -3.5 -5.3 -4.4  998.8  990.4  995.3 17 14 229  6 SW 0.3  2 48 010170/5/0
28 -4.3 -5.7 -5.2  990.5  984.9  986.8 22 16 236  9 SW 0.0  0 47 010160/5/0
29 -3.4 -5.0 -4.3  992.9  987.0  989.1 17 13 214  5 SW 0.0  0 46 010170/5/0
30 -3.4 -4.5 -3.9 1006.8  992.8  998.7 36 28 234 19 SW 0.0  0 45 010170/5/0
