********************************************************************************
Palmer Station Weather Highlights:       November 2007

        Temperature:    Abs Max:     6.1 C          Day: 19
                        Abs Min:    -6.5 C          Day: 4
                            Avg:    -0.8 C
                        Avg Max:     2.3 C
                        Avg Min:    -2.5 C

        Pressure:       Abs Max:  1008.6 mb         Day: 13
                        Abs Min:   961.7 mb         Day: 24
                            Avg:   989.1 mb
                        Avg Max:   992.9 mb
                        Avg Min:   985.0 mb

        Wind:             Peak:       49 kts        Day: 23
                           Avg:        7 kts
                        Days Prevailing:      N: 4
                                             NE: 5
                                              E: 2
                                             SE: 3
                                              S: 0
                                             SW: 9
                                              W: 2
                                             NW: 5

        Precipitation:  Melted:     19.1 mm         YTD:   327.4 mm
                          Snow:       21 cm         YTD:     335 cm
                Maximum Snowstake Depth:      82 cm Day: 8


============================== Daily Weather Data ==============================
Column Titles:
        1. Day                         9. Wind 2-Min Peak            (knots)
        2. Temperature High    (C)    10. Wind 2-min Peak Direction  (degrees)
        3. Temperature Low     (C)    11. Wind Average               (knots)
        4. Temperature Average (C)    12. Wind Prevailing Direction
        5. Pressure High      (mb)    13. Precipitation Melted       (mm)
        6. Pressure Low       (mb)    14. Precipitation Snow         (cm)
        7. Pressure Average   (mb)    15. Depth at Snowstake         (cm)
        8. Wind 5-Sec Peak (knots)    16. Sea Temp/Ice               (WMO code)

 1   2.7  -6.1  -2.5  982.0  979.4  981.0  8  6 240  3 NE  0.0  0  80 01009304/0
 2   2.5  -3.5  -1.5  987.4  980.2  982.3 18 16 242  4 SW  0.0  0  78 01013304/0
 3   0.1  -4.0  -3.0  994.0  987.4  991.4 18 16 241  7 SW  0.0  0  77 01012204/0
 4   1.6  -6.5  -2.4  993.8  983.3  989.2 34 28 020  8 N   0.0  0  76 01010204/0
 5   2.4  -1.3  -0.4  983.4  978.7  980.5 27 20 069  7 SE  0.0  0  75 01009204//
 6   2.7  -0.5   0.7  988.6  980.4  985.0 31 25 028  7 NE  0.3  0  75 01009204/0
 7   5.0  -1.2  -0.1  998.2  988.6  993.8  9  6 042  2 SE  2.5  5  80 01008204/0
 8   2.1  -2.2  -0.7 1001.2  998.2 1000.4  9  7 044  2 NW  1.0  4  82 01099304/0
 9   5.5  -3.1  -0.1 1005.2 1000.8 1003.1  8  8 272  2 NE  0.0  0  80 01006204/0
10   2.4  -1.7  -0.3 1005.3 1000.3 1002.4  8  6 284  3 W   0.0  0  77 0100520400
11  -0.5  -2.6  -1.6 1002.2 1000.4 1001.0  9  8 294  5 W   0.3  0  76 0100420400
12  -0.5  -2.0  -1.5 1006.8 1002.2 1004.2 17 15 245  8 SW  0.0  0  75 010030/400
13   1.7  -2.6  -1.8 1008.6 1004.4 1007.4 16 14 207  6 SW  0.0  0  75 01005204/0
14   3.3  -2.3  -0.9 1004.4  999.9 1002.2 11 10 236  4 SE  0.8  1  76 01005204/0
15   5.4  -1.2   0.7  999.8  981.3  993.1 37 26 072 11 E   1.3  2  78 0100730400
16   3.2  -1.5   0.1  985.5  979.4  983.1 26 20 070  8 NW  1.0  0  78 0100820400
17   0.1  -1.9  -1.3  984.2  980.2  981.3 14 12 191  6 SW  0.5  0  78 010080/700
18   1.1  -2.3  -1.2  985.1  980.1  982.2  8  7 121  3 NE  0.0  0  78 0101140700
19   6.1  -3.5  -1.0  986.3  983.5  984.5 15 13 228  4 N   0.5  2  80 0100740700
20  -1.3  -3.4  -2.1  995.1  986.3  991.4 28 22 228 14 SW  0.0  0  78 010990/700
21   0.6  -4.0  -2.4  995.0  986.7  991.1 26 21 212  8 SW  0.0  0  76 010100/700
22  -0.8  -3.4  -2.1  998.4  987.0  992.6 28 24 226 12 SW  0.0  0  75 0100720600
23   2.2  -2.9   0.0  998.1  966.5  984.2 49 40 029 17 NE  8.6  1  76 0100830600
24   1.9  -1.1   0.2  967.9  961.7  964.3 43 28 351 18 N   2.3  1  77 0101430600
25   1.6  -1.5   0.0  979.1  967.9  973.8 22 18 069  9 E   0.0  5  82 0100930600
26   3.7  -1.7   0.0  979.7  976.0  977.5 22 14 082  5 NW  0.0  0  78 0100530600
27   4.8  -1.9   0.4  985.5  976.3  979.5 14 13 314  5 NW  0.0  0  74 0100920600
28   2.4  -1.4   0.4  992.1  985.5  989.8 34 26 017 11 N   0.0  0  73 0100520600
29   3.9  -1.9   0.5  997.2  988.4  992.2 15 12 147  4 SW  0.0  0  72 0100520600
30   3.2  -2.5   0.2  997.5  979.8  989.9 11 10 324  4 NW  0.0  0  68 0100320600
