********************************************************************************
Palmer Station Weather Highlights: April 2007

        Temperature:    Abs Max:  4.3 C 	Day: 6
                        Abs Min: -9.1 C 	Day: 27
                            Avg: -1.9 C
                        Avg Max: -0.5 C
                        Avg Min: -3.4 C

           Pressure:    Abs Max: 1027.7 mb 	Day: 29
                        Abs Min:  971.7 mb 	Day: 22
                            Avg:  989.7 mb
                        Avg Max:  994.5 mb
                        Avg Min:  985.2 mb

               Wind:       Peak: 81 kts 	Day: 5
                            Avg:  8 kts
                        Days Prevailing:      N:  2
                                             NE:  5
                                              E: 11
                                             SE: 10
                                              S:  1
                                             SW:  1
                                              W:  0
                                             NW:  0

        Precipitation:           Melted: 46.2 mm YTD: 144.0 mm
                                   Snow:   16 cm YTD:    66 cm
                Maximum Snowstake Depth:   14 cm Day:    24


============================== Daily Weather Data ==============================
Column Titles:
        1. Day 				9. Wind 2-Min Peak            (knots)
        2. Temperature High    (C) 	10. Wind 2-min Peak Direction (degrees)
        3. Temperature Low     (C) 	11. Wind Average              (knots)
        4. Temperature Average (C) 	12. Wind Prevailing Direction
        5. Pressure High       (mb) 	13. Precipitation Melted      (mm)
        6. Pressure Low        (mb) 	14. Precipitation Snow        (cm)
        7. Pressure Average    (mb) 	15. Depth at Snowstake        (cm)
        8. Wind 5-Sec Peak     (knots) 	16. Sea Temp/Ice              (WMO code) 

     1  0.9 -2.0 -0.5  994.5  985.5  991.4 30 23 081  8  E  0.0 0  5 000030/5/0
     2  2.3 -1.1  0.0  994.5  975.3  985.1 44 28 124 16 SE  0.0 0  4 000100/5/0
     3  3.9  0.3  1.8  986.8  974.3  978.0 36 26 100  9  E  0.0 0  4 000080/4/0
     4  1.3 -1.2  0.1 1002.2  986.8  997.2 29 19 040  6  N  0.0 0  0 010040/5/0
     5  4.0 -0.9  1.5  999.3  978.1  987.5 81 62 051 18 SE 28.7 0  0 000080/5/0
     6  4.3  0.4  3.0  985.0  975.4  979.1 44 36 052 18 NE  3.3 0  0 000090/5/0
     7  2.0  0.3  1.2  981.5  978.0  980.2 32 25 051 12 NE  2.8 1  1 010000/5/0
     8  0.9 -0.7  0.1  984.6  980.8  983.1 21 16 306  8  N  0.5 1  2 010030/5/0
     9  0.0 -3.1 -1.6  985.4  980.8  983.9 18 12 135  4  E  0.3 0  2 010040/5/0
    10 -1.6 -3.8 -2.7  987.7  984.2  985.0 11  8 135  3 NE  0.0 0  2 010070/5/0
    11 -1.0 -2.5 -2.0  995.8  987.7  992.3 10  8 208  3 NE  0.0 0  0 010030/5/0
    12 -0.8 -5.0 -3.0  995.8  991.2  994.3 12 10 224  4  E  0.0 0  0 010060/5/0
    13 -2.0 -6.1 -4.1  991.1  979.3  984.9 12  9 173  4  E  0.0 0  0 010090/5/0
    14 -2.4 -4.4 -3.1  980.5  975.6  977.7 16 13 195  7  S  0.0 0  0 000010/5/0
    15 -3.3 -5.3 -4.2  986.5  980.6  983.5 19 15 245  8 NE  3.3 7  9 01008605/0
    16 -3.2 -5.4 -3.9  999.6  986.5  993.6 21 17 241  9 SW  0.0 0  9 01010605/0
    17 -2.5 -4.1 -3.3  999.8  994.2  997.3 19 15 211  4 SE  0.0 0  8 01005605/0
    18  0.1 -2.7 -1.7  994.2  989.0  992.1 18 12 146  4 SE  5.1 0  8 01004605/0
    19  3.1 -0.4  1.7  989.1  978.7  983.5 35 30 057  9 SE  0.3 5 13 010020/5/0
    20  1.1 -1.3 -0.1  986.7  978.2  980.9 22 17 053  4  E  0.0 0 12 010020/5/0
    21 -0.8 -2.4 -1.6  992.5  986.4  990.0 39 30 052 13  E  0.0 0 12 000010/5/0
    22  0.9 -2.1 -1.1  986.3  971.7  975.1 32 23 123 10 SE  0.3 0 12 000050/5/0
    23 -0.1 -2.6 -1.4  983.7  973.6  977.3 18 15 078  5 SE  0.0 0 12 000050/5/0
    24 -0.5 -5.1 -2.6  991.7  983.7  987.4 27 23 137  7 SE  1.5 2 14 000020/5/0
    25 -3.5 -7.5 -5.6  998.6  991.7  995.8 25 19 136 10 SE  0.0 0 14 010000/5/0
    26 -4.3 -7.1 -5.7  998.7  990.9  995.6 19 15 079  8  E  0.0 0 13 000000/5/0
    27 -5.2 -9.1 -7.1  995.0  988.3  990.5 28 20 136 10 SE  0.0 0 13 010010/5/0
    28 -3.4 -8.2 -5.4 1012.7  995.0 1003.2 14 12 041  6  E  0.0 0 12 010040/6/0
    29 -2.1 -5.0 -3.7 1027.7 1012.8 1021.4  7  6 097  4  E  0.0 0 12 010040/6/0
    30 -1.7 -5.0 -2.9 1027.6 1022.3 1024.5 10  7 206  4  E  0.3 0 12 010050/6/0
