********************************************************************************
Palmer Station Weather Highlights: July 2007

        Temperature:    Abs Max:   1.8 C 	Day: 29
                        Abs Min: -13.7 C 	Day: 15
                            Avg:  -6.5 C
                        Avg Max:  -4.3 C
                        Avg Min:  -8.6 C

        Pressure:       Abs Max: 1017.1 mb 	Day: 15
                        Abs Min:  952.8 mb 	Day: 3
                            Avg:  992.7 mb
                        Avg Max:  998.1 mb
                        Avg Min:  986.6 mb

        Wind:             Peak: 49 kts 		Day: 3
                           Avg: 10 kts
                             Days Prevailing: N:  3
                                             NE:  6
                                              E: 11
                                             SE:  1
                                              S:  1
                                             SW:  8
                                              W:  1
                                             NW:  0

        Precipitation:  Melted: 16.2 mm YTD: 199.1 mm
                          Snow:   27 cm YTD:   167 cm
                Maximum Snowstake Depth: 51 cm 	Day: 31


============================== Daily Weather Data ==============================
Column Titles:
        1. Day 				9. Wind 2-Min Peak            (knots)
        2. Temperature High    (C) 	10. Wind 2-min Peak Direction (degrees)
        3. Temperature Low     (C) 	11. Wind Average              (knots)
        4. Temperature Average (C) 	12. Wind Prevailing Direction
        5. Pressure High       (mb) 	13. Precipitation Melted      (mm)
        6. Pressure Low        (mb) 	14. Precipitation Snow        (cm)
        7. Pressure Average    (mb) 	15. Depth at Snowstake        (cm)
        8. Wind 5-Sec Peak     (knots) 	16. Sea Temp/Ice              (WMO code)

 1 -1.3  -4.5  -3.9 1009.3  994.1 1005.8 20 16 039  9 SW 0.3 0 45 010170/5/0
 2  0.2  -3.2  -1.2  994.0  958.1  975.4 28 22 025 10  N 2.0 3 45 0101660690
 3 -3.0 -11.8  -9.7  960.9  952.8  956.2 49 33 116 20  E 0.0 0 41 0101460690
 4 -6.2 -11.4  -8.6  979.6  960.7  970.6 42 34 121 13  E 0.0 0 38 010160/6/0
 5 -2.8 -13.6  -8.7  999.9  979.6  991.0 48 36 116 19  E 0.0 0 38 010130/6/0
 6 -2.7  -5.7  -4.2 1003.3  999.5 1002.3 32 27 119  7  E 0.0 0 38 010140/5/0
 7 -3.0  -5.3  -4.0 1002.4  998.5 1000.0 12 10 027  5 NE 0.0 0 38 010160/5/0
 8 -1.3  -3.5  -2.3  999.6  986.4  992.2 32 26 230 13 SW 0.5 1 38 0101760590
 9 -2.3  -8.3  -6.0 1005.6  986.9  998.5 32 26 205  9  E 0.0 0 36 010160/6/0
10 -3.6  -5.5  -4.1 1006.8 1001.2 1005.4 12 11 018  6  N 0.0 0 37 010170/6/0
11 -1.8  -5.0  -3.7 1001.2  991.1  995.0 35 28 248 16 SW 0.0 0 37 010180/6/0
12 -4.9  -6.9  -5.7  992.2  987.2  989.8 32 25 229 19 SW 0.0 0 37 010180/7/0
13 -5.8  -7.1  -6.5  993.9  992.0  992.8 24 19 237 11 SW 0.0 0 37 0101760890
14 -6.6 -13.6 -11.1 1014.0  993.4 1002.8 33 27 024 13  E 0.3 0 36 0101760890
15 -9.0 -13.7 -11.8 1017.1 1011.9 1015.4 15 14 034  7 NE 0.0 0 36 0101760896
16 -8.6 -10.6  -9.2 1011.9 1004.1 1006.4 18 16 019  4  S 0.0 0 36 0101660796
17 -7.0 -10.5  -8.4 1006.7 1002.1 1004.9 19 17 017  7  E 0.0 0 36 0101560696
18 -7.2  -8.8  -7.7 1003.1 1001.5 1002.3 14 13 019  5  N 0.0 0 36 0101460696
19 -6.8  -8.2  -7.6 1001.9  997.3  999.0 12  9 200  4 SW 0.3 0 36 0101560696
20 -7.9  -9.6  -8.6 1001.9  997.3  999.1 15 12 019  4 NE 0.0 2 38 0101560696
21 -7.1  -9.8  -8.3 1006.3 1001.8 1004.1 11  9 021  4 NE 0.0 0 38 0101560896
22 -6.2 -10.6  -8.1 1006.5 1002.7 1005.1 10  8 039  5  E 0.0 0 38 0101660896
23 -7.8 -10.6  -8.5 1002.7  990.8  997.7 11  9 049  4  E 0.0 0 38 0101660791
24 -1.4  -8.2  -5.2  990.8  963.1  974.5 49 36 072 13  E 0.0 0 38 010150/5/0
25 -7.1 -13.1 -10.9  989.1  968.2  979.2 47 35 077 10  E 0.0 0 35 010160/5/0
26 -8.0 -13.1  -9.5 1001.2  989.2  996.2 25 21 233  9 SW 0.0 0 35 010160/5/0
27 -4.8 -12.2 -10.1 1000.5  983.8  996.1 35 28 265 11 SW 0.3 0 35 0101660696
28 -1.3  -7.3  -4.0  983.9  974.9  979.6 28 21 121  7 SE 2.3 5 47 /////60696
29  1.8  -3.3  -0.2  974.8  963.9  967.8 48 38 025 23 NE 4.6 5 49 /////0/6/0
30  1.2  -2.0   0.1  980.2  971.8  976.2 39 31 017 13 NE 4.1 5 47 0101560696
31  0.1  -8.2  -4.4 1001.3  980.2  993.1 23 19 241  6  W 1.8 6 51 0101770696