********************************************************************************
Palmer Station Weather Highlights: March 2007

        Temperature:    Abs Max:  6.3 C 	Day: 17
                        Abs Min: -5.8 C 	Day: 4
                            Avg:  0.0 C
                        Avg Max:  1.9 C
                        Avg Min: -1.5 C

           Pressure:    Abs Max: 1007.0 mb 	Day: 15
                        Abs Min:  948.9 mb 	Day: 19
                            Avg:  987.5 mb
                        Avg Max:  991.7 mb
                        Avg Min:  983.7 mb

               Wind:       Peak: 55 kts 	Day: 18
                            Avg:  9 kts
                        Days Prevailing:      N:  2
                                             NE:  4
                                              E:  6
                                             SE:  6
                                              S:  1
                                             SW: 10
                                              W:  1
                                             NW:  1

        Precipitation:  Melted: 25.4 mm 	YTD: 97.8 mm
                          Snow:   30 cm 	YTD:   50 cm
            Maximum Snowstake Depth: 20 cm 	Day: 20


============================== Daily Weather Data ==============================
Column Titles:
        1. Day 				 9. Wind 2-Min Peak 		(knots)
        2. Temperature High 	(C) 	10. Wind 2-min Peak Direction	(degrees)
        3. Temperature Low 	(C) 	11. Wind Average		(knots)
        4. Temperature Average 	(C) 	12. Wind Prevailing Direction
        5. Pressure High 	(mb) 	13. Precipitation Melted	(mm)
        6. Pressure Low 	(mb) 	14. Precipitation Snow		(cm)
        7. Pressure Average 	(mb) 	15. Depth at Snowstake		(cm)
        8. Wind 5-Sec Peak 	(knots) 16. Sea Temp/Ice		(WMO code)

 1  1.5 -1.1  0.2  988.6  986.3  987.4 29 23 019 11 SW 2.3 4  6 000110/7/0
 2  1.3 -2.4 -0.4  991.0  988.5  989.9 16 14 237  6 SW 0.0 0  0 000080/6/0
 3 -0.7 -4.0 -1.9  990.9  986.2  988.0 25 19 122  7 SE 0.0 1  0 000150/6/0
 4 -0.4 -5.8 -3.4  995.0  988.4  991.2 22 16 119  7  E 0.0 0  0 000140/6/0
 5  0.9 -3.0 -1.0  995.6  989.4  993.5 34 27 222  8 SW 0.0 1  0 000040/6/0
 6  1.5  0.2  0.8  997.8  987.5  991.3 37 30 222 16 SW 0.0 1  0 000090/6/0
 7  2.7  0.2  0.8 1006.5  997.8 1003.4 22 18 227  8 SW 0.0 0  0 000110/6/0
 8  2.2  0.1  1.2 1005.5  995.7  998.7 29 23 270 14  W 0.5 0  0 000050/6/0
 9  1.2  0.1  0.5  999.3  997.0  998.2 23 19 221 12 SW 0.0 0  0 000070/6/0
10  0.7 -1.0 -0.3  998.8  995.9  997.4 35 26 021  6 NE 0.5 0  0 000030/6/0
11  0.0 -2.4 -1.6  997.6  996.6  997.1 14 12 019  6  N 0.0 1  0 000050/7/0
12  0.5 -2.3 -0.8  997.7  996.0  996.6 19 16 232  6 SW 0.0 1  0 000030/7/0
13  0.4 -1.1 -0.5  999.3  996.8  997.8 26 20 226  9 SW 0.0 0  0 000060/7/0
14 -0.8 -3.2 -1.8 1006.3  999.3 1003.4 20 16 118  4 SE 0.3 3  3 000070/7/0
15  1.0 -2.8 -1.4 1007.0 1004.9 1006.4 10  8 062  4 NE 0.0 0  0 000010/7/0
16  5.4 -2.9  1.6 1004.9  977.1  992.3 46 35 059 13 SE 0.8 0  0 000070/6/0
17  6.3  2.2  4.5  977.2  968.1  970.7 37 32 052 14 NE 4.6 0  0 000100/6/0
18  5.8  2.2  3.7  973.9  954.8  965.5 55 43 074 22  E 3.3 0  0 000130/5/0
19  4.4 -0.9  1.4  958.2  948.9  952.8 33 26 242  8  N 4.6 0  0 000050/5/0
20  1.5 -1.0  0.2  971.7  958.2  965.0 32 26 244 13 SW 0.8 6 20 000020/5/0
21  3.9 -1.4  0.8  980.6  971.7  975.6 21 16 216  7 SW 0.0 0 12 000060/5/0
22  1.6 -3.1 -1.1  993.1  980.5  987.5 20 17 079  7  E 0.0 0  8 000070/5/0
23  2.2 -3.2 -1.3  997.6  993.1  996.2 11  9 053  5  E 0.0 0  6 000020/5/0
24  0.6 -2.5 -0.8 1002.2  997.5  999.7 11  9 206  4  S 0.0 0  0 010000/5/0
25  0.4 -2.4 -0.9 1002.5  998.9 1001.2 25 20 053  8  E 0.0 0  0 000050/5/0
26  1.6 -1.9  0.1  998.9  983.1  992.8 33 26 078  9 SE 1.8 2  2 000050/5/0
27  4.6  0.5  2.0  983.0  971.0  973.4 54 43 085 18 SE 0.0 1  4 000100/5/0
28  3.0 -0.2  1.8  971.2  960.5  965.0 33 25 057 12 NE 3.6 0  0 000110/5/0
29  1.7 -0.4  0.4  974.5  964.8  968.8 25 19 073  8 SE 1.8 8  8 000090/5/0
30  0.6 -1.2 -0.2  986.7  974.5  978.9 13 10 339  3 NW 0.8 1  9 000060/5/0
31  1.9 -3.3 -1.2  990.9  984.8  988.1 26 17 107  5  E 0.0 0  7 000030/5/0
