Palmer Station Weather Highlights:       October, 2018

        Temperature:    Abs Max:   5.9 C                          Day: 27
                        Abs Min:   -14.1 C                        Day: 4
                            Avg:   -2.6 C

        Pressure:       Abs Max:   1014.2 mb              Day: 17
                        Abs Min:   963 mb                 Day: 30
                            Avg:   990.9 mb

        Wind:             Peak:    56 kts                         Day: 30
                           Avg:    9.3 kts
                        Days Prevailing:
                                             NW : 6 
                                             NNE : 5 
                                             SW : 5 
                                             NNW : 4 
                                             ESE : 3 
                                             N : 3 
                                             ENE : 3 
                                             NE : 1 
                                             WSW : 1 
                                             W : 0 
                                             S : 0 
                                             SSE : 0 
                                             SSW : 0 
                                             WNW : 0 
                                             SE : 0 
                                             E : 0 


        Precipitation: Rainfall:      39.1 mm                     YTD:     mm
                           Snow:      40 cm                       YTD:     cm
        Maximum Snowstake Depth:      129.6 cm                    Day: 23

============================= Daily Weather Data ============================= 
Column Titles:
        1. Day                         9. Wind 5-Sec Peak Direction 
        2. Temperature High    (C)    10. Wind Average               (knots)
        3. Temperature Low     (C)    11. Wind Prevailing Direction
        4. Temperature Average (C)    12. Rainfall                   (mm)
        5. Pressure High      (mb)    13. Precipitation Snow         (cm)
        6. Pressure Low       (mb)    14. Depth at Snowstake         (cm)
        7. Pressure Average   (mb)    15. Sea Surface Temperature    (C)
        8. Wind 5-Sec Peak (knots)    16. Sea Ice                    (WMO code)

01      -2.2    -13.1   -9.3    982.4   977.7   979.5   26.6    5       4.4     NNE     0       0       119.2   -1.8    51631 
02      -2.8    -8.7    -4.9    986     978.7   982.3   30.2    7       9.3     N       0.8     0       116.6   -1.8    51631 
03      -6.8    -11.5   -8.4    1001.6  985.9   992.7   8.5     24      2.6     NNE     0.3     6       122.8   -1.8    51631 
04      -9.6    -14.1   -11.9   1004.4  999.7   1002.9  9.8     305     3.2     NNW     0       0       122.8   -1.8    41631 
05      -1.6    -12.3   -5.3    999.7   990.1   993.6   13.2    101     3.4     ESE     0       1       123.6   -1.8    41631 
06      0.5     -3.5    -2      990.1   983.1   987     14.2    102     1.7     NW      2.5     1       124.2   -1.7    41631 
07      3.6     -3.8    0.7     983.2   968.4   974     38.9    65      14.8    ENE     0       0       114.8   -1.7    3/601 
08      4.1     -1.3    1.5     984     970.6   975.6   34.5    52      15.2    NNW     0       0       112.2   -1.5    31601 
09      -0.2    -3.4    -1.8    992.2   984     988.8   28.9    35      9.9     NE      0       0       111.8   -1.5    11601 
10      -2.8    -5.4    -4.4    997.5   992.2   994.8   11.5    220     3       NNE     0       0       111.6   -1.5    11601 
11      -2.3    -5.2    -3.9    997.3   993.2   996.1   13.4    209     3.5     ENE     0       0       111.6   -1.5    11600 
12      -0.9    -6.4    -2.9    993.2   978.7   984.9   30.5    67      9.4     ENE     0       0       111.4   -1.4    11600 
13      -1      -5.1    -3.2    986     979.2   981.7   29.7    67      8.6     ESE     0       0       111     -1.3    21630 
14      -2.2    -4.9    -3.7    994.7   986     990.4   14.4    15      7.6     N       0       0       110.6   -1.4    21631 
15      -2.2    -5.8    -4.2    998     994.6   996     5.8     338     3       NNE     0       0       110.4   -1.4    21621 
16      -4      -7.5    -5.9    1010.4  998     1002.7  10.9    174     3.6     SW      0       0       109.8   -1.3    21621 
17      -1.3    -5.5    -2.9    1014.2  1010.3  1012.7  16.4    227     6.7     SW      0       0       110     -1.2    21621 
18      -0.3    -2.1    -1      1011.5  1007.5  1009.8  16.2    308     6.6     NW      0.3     1       111.2   -1.2    21681 
19      0.2     -1.3    -0.9    1007.6  992.5   1002.7  26.5    317     8.8     NW      1       2       113.4   -1.2    216/2 
20      -0.6    -5.6    -3.1    992.6   985.2   987.8   36.9    221     18.2    SW      1       9       122.6   -1.4    31663 
21      -4.9    -5.9    -5.3    994     988     990.9   31.7    213     15      SW      0       2       124.8   -1.6    41763 
22      0.5     -5.3    -1.9    994.1   987     989.5   21.6    247     7.3     WSW     3       4       129     -1.6    52743 
23      -0.3    -1.9    -0.9    993.5   989.6   991.9   18.3    235     8.4     NW      0       1       129.6   -1.6    52743 
24      -0.1    -1.2    -0.7    1006.4  993.3   1002.1  18      218     8.4     SW      0.3     0       129.2   -1.6    52743 
25      0.1     -0.5    -0.3    1010.4  1005.9  1009    11.9    313     4.6     NW      0.3     0       127.8   -1.6    52642 
26      0.9     -1.1    -0.2    1009.5  998.4   1004.7  13.9    101     2.6     NW      0       0       125.4   -1.6    52642 
27      5.9     -0.2    3.4     998.4   979.5   988.5   30.2    28      10.7    ESE     0       0       121.6   -1.5    52641 
28      3.3     -0.6    1.5     979.8   963.9   970.8   48.3    4       24.1    NNW     2.5     0       116.8   -1.3    22630 
29      1.2     -2.2    -0.4    978.7   971.2   975.4   42.9    328     17.3    NNW     2.8     5       122.2   -1.3    22600 
30      1.6     -2.1    -0.3    982.1   963     973.8   55.6    1       26.2    NNE     9.1     0       121.8   -1.3    22600 
31      2.1     -1.1    0.7     988.1   982.1   985.9   46.3    346     20.6    N       15.2    8       129.4   -1.3    32640 
