******************************************************************************
Palmer Station Weather Highlights:       July, 2018

        Temperature:    Abs Max:   3.6 C                          Day: 9
                        Abs Min:   -14.8 C                        Day: 11
                            Avg:   -4.9 C

        Pressure:       Abs Max:   1017.1 mb              Day: 3
                        Abs Min:   958.6 mb               Day: 11
                            Avg:   989 mb

        Wind:             Peak:    66 kts                         Day: 26
                           Avg:    14.1 kts
                        Days Prevailing:
                                             N : 7 
                                             NW : 6 
                                             SW : 4 
                                             NNW : 3 
                                             NNE : 3 
                                             SSW : 3 
                                             ESE : 2 
                                             W : 1 
                                             S : 1 
                                             WNW : 1 
                                             ENE : 0 
                                             SSE : 0 
                                             WSW : 0 
                                             SE : 0 
                                             E : 0 
                                             NE : 0 


        Precipitation: Rainfall:      91.4 mm                     YTD:    508 mm
                           Snow:      45 cm                       YTD:     cm
        Maximum Snowstake Depth:      66 cm                       Day: 30

============================= Daily Weather Data ============================= 
Column Titles:
        1. Day                         9. Wind 5-Sec Peak Direction 
        2. Temperature High    (C)    10. Wind Average               (knots)
        3. Temperature Low     (C)    11. Wind Prevailing Direction
        4. Temperature Average (C)    12. Rainfall                   (mm)
        5. Pressure High      (mb)    13. Precipitation Snow         (cm)
        6. Pressure Low       (mb)    14. Depth at Snowstake         (cm)
        7. Pressure Average   (mb)    15. Sea Surface Temperature    (C)
        8. Wind 5-Sec Peak (knots)    16. Sea Ice                    (WMO code)

01      -8      -13.9   -10.8   1004.4  984.7   991.2   35.7    116     14.8    ESE     0       0       34      -1.7    0/6/0 
02      -8.5    -11.4   -9.1    1011    1004.4  1008.8  16.5    198     6.3     SSW     0       0       32.8    -1.7    0/6/0 
03      -7.8    -10.9   -9      1017.1  1010.9  1014.5  19.6    22      6.5     NNE     0       0       32.8    -1.7    0/6/0 
04      -5.9    -7.8    -6.9    1016.1  1010.6  1013.4  17.8    187     6.1     SSW     0       0       31      -1.7    0/6/0 
05      -1.9    -8.2    -4.9    1010.6  996     1002.2  27.7    232     8       NW      0.8     5       35.6    -1.7    0/6/0 
06      -1.2    -7.4    -5.1    1003.4  993.9   999.6   26.5    344     10.5    SW      0.8     0       35.2    -1.7    20932 
07      -1.4    -7.7    -5.7    1010.8  994.3   1004.2  27.7    207     12.5    SW      0       0       35.2    -1.7    20932 
08      1.7     -8.6    -4.5    1010.6  989     1002.7  47.2    9       12.8    NNE     4.8     5       40      -1.8    0/9/0 
09      3.6     -1.2    0.8     989.1   965.6   978.4   40.1    10      13.2    N       9.7     3       43      -1.6    0/8/0 
10      1.9     -4.4    -1.2    968.3   958.7   963.7   45.3    315     20.7    NNW     1.8     0       43.2    -1.7    0/6/0 
11      -4.1    -14.8   -10.2   972.3   958.6   966.2   44.4    306     17.1    W       0       0       43.2    -1.8    0/6/0 
12      -12.3   -14.6   -13.1   987.7   972.1   981.2   22.8    182     11.9    SSW     0       1       43.8    -1.8    0/6/0 
13      -9.7    -12.8   -11.5   989.2   979.3   984.2   19.9    177     7.1     S       0.5     1       45      -1.8    0/6/0 
14      -8      -10.1   -9.2    995.1   989.1   992.7   14.9    230     5.3     SW      0       0       45.2    -1.8    0/6/0 
15      -6.5    -8.2    -7.5    999.1   994.7   996.7   19.1    244     7.8     SW      0       1       45.8    -1.8    0/6/0 
16      -2.7    -7.3    -4.7    1004.4  998.7   1000.3  15.1    308     5.6     NW      0       4       49.6    -1.8    0/6/0 
17      -2.3    -4      -3.3    1012.6  1004.4  1009    14.1    227     5.9     NW      0       2       51.4    -1.7    0/6/0 
18      0.4     -4.6    -2.2    1013.4  1007.6  1010.8  34.9    336     6.7     NW      0.5     0       51.4    -1.7    0/6/0 
19      1.2     -2.4    -0.4    1013.3  998.7   1009.4  50.9    16      17.8    NW      2       0       51.4    -1.7    0/6/0 
20      2.6     0.2     1.1     998.9   981.7   988.9   60.8    345     39.7    N       28.7    0       43      -1.6    0/6/0 
21      2.4     -2.5    0.8     984.2   974.2   978.7   48.1    1       28.5    N       5.8     0       42.2    -1.6    0/6/0 
22      1.3     -5.1    -1.6    987.3   979.8   984.7   33.7    2       16.1    N       0       5       47.2    -1.5    0/6/0 
23      2.5     0.1     1       980     964.3   969.5   48.4    11      28.3    N       2       2       49.6    -1.3    0/6/0 
24      0.2     -1.9    -0.7    971.1   965.1   968.1   43.8    5       18.3    NNW     1.5     4       53.8    -1.3    0/6/0 
25      1.2     -4.7    -1.7    982.3   959.8   971.9   48.8    4       22.7    NNW     6.6     4       58      -1.4    0/6/0 
26      0.5     -2.7    -1.1    987.1   968.8   978.3   65.9    7       28.4    N       6.9     2       60      -1.4    0/6/0 
27      1.3     -5.9    -1.6    979     964.5   971.2   59.8    32      27.4    N       18.8    3       62.6    -1.6    0/6/0 
28      -5      -8.5    -6.6    986.8   975.4   982.4   26.6    288     9.7     WNW     0       0       62.6    -1.7    51223 
29      -1.8    -7.2    -4.5    986.3   979.6   981.7   37.6    20      13      NNE     0       0       62.6    -1.7    51223 
30      -3.6    -10.8   -7.6    984.9   978.1   981.5   17.6    101     6.7     ESE     0.3     3       66      -1.7    51123 
31      -8.3    -13.7   -10.7   978.2   969     971.4   8.7     298     2.2     NW      0       0       66      -1.7    51123 
