Palmer Station Weather Highlights:       September, 2018

        Temperature:    Abs Max:   3.8 C                          Day: 11
                        Abs Min:   -16.5 C                        Day: 18
                            Avg:   -5.6 C

        Pressure:       Abs Max:   1013.2 mb              Day: 20
                        Abs Min:   938.4 mb               Day: 13
                            Avg:   985.3 mb

        Wind:             Peak:    62 kts                         Day: 13
                           Avg:    13.8 kts
                        Days Prevailing:
                                             NNW : 5 
                                             N : 5 
                                             NNE : 5 
                                             ESE : 4 
                                             NE : 3 
                                             NW : 2 
                                             SW : 2 
                                             SSW : 2 
                                             WSW : 1 
                                             S : 1 
                                             SSE : 0 
                                             W : 0 
                                             ENE : 0 
                                             WNW : 0 
                                             SE : 0 
                                             E : 0 


        Precipitation: Rainfall:      92.7 mm                     YTD:     mm
                           Snow:      52 cm                       YTD:     cm
        Maximum Snowstake Depth:      317.4 cm                    Day: 30

============================= Daily Weather Data ============================= 
Column Titles:
        1. Day                         9. Wind 5-Sec Peak Direction 
        2. Temperature High    (C)    10. Wind Average               (knots)
        3. Temperature Low     (C)    11. Wind Prevailing Direction
        4. Temperature Average (C)    12. Rainfall                   (mm)
        5. Pressure High      (mb)    13. Precipitation Snow         (cm)
        6. Pressure Low       (mb)    14. Depth at Snowstake         (cm)
        7. Pressure Average   (mb)    15. Sea Surface Temperature    (C)
        8. Wind 5-Sec Peak (knots)    16. Sea Ice                    (WMO code)

01      2       -1.2    0.3     982.6   972.3   979.3   40.2    349     19.7    NNW     4.1     3       93.2    -1.6    0/6/0 
02      2.2     -8.4    -0.1    972.9   956.7   962.2   36.6    14      9.4     ESE     2.8     7       100.2   -1.6    0/6/0 
03      -8.5    -15.9   -13.5   982.3   966.5   977.4   19      231     7.7     WSW     0       7       107.4   -1.7    10623 
04      -10.1   -14.1   -11.9   975.7   968.7   970.9   22.2    195     8.1     SSW     0       0       106.6   -1.7    10623 
05      -1.5    -15.3   -10.8   988.4   974.3   983.2   28.3    5       6.2     ESE     0.5     0       105.6   -1.7    10623 
06      1.6     -1.5    0.5     988     982.4   985.9   46.1    8       30.1    N       7.9     11      116.4   -1.7    21623 
07      1.9     0       0.8     982.6   969.5   976.7   60.8    351     36.8    N       5.6     0       102.4   -1.6    0/6/0 
08      1.5     -0.7    0.4     981.7   971.4   978.1   51.3    353     34.1    N       7.9     0       102.4   -1.6    0/6/0 
09      1       -3.2    -0.9    994.1   977.1   986     59.3    3       28.8    NNW     3.6     0       102.4   -1.5    41621 
10      3.8     -0.5    1.1     994.8   982.4   988.4   57.8    343     27.1    NNW     10.2    0       102.4   -1.5    0/6/0 
11      3.8     0.8     2       984.6   973.2   978.1   56.6    10      29.6    NNE     11.4    0       102.4   -1.5    0/6/0 
12      1.8     -2.3    -0.2    973.8   959.1   966.3   54      12      30.5    NNW     11.4    0       102.4   -1.5    0/6/0 
13      -0.6    -5.1    -2.3    969.5   938.4   952     62.4    1       33.1    NNE     2.8     0       102.4   -1.6    0/6/0 
14      -3.2    -8.8    -6      977     954.8   963.1   24.4    345     9.9     SW      0.8     10      112.4   -1.7    41612 
15      -4.6    -9.5    -7.6    983.5   977.1   981.7   14.8    117     5.3     ESE     0.3     0       112.4   -1.7    41612 
16      -3      -9.9    -5.2    989.4   982.5   986.1   43.1    5       17.7    N       0.3     0       106.4   -1.7    51612 
17      -4.9    -15.3   -12.4   992.9   986.2   990.4   30.9    280     10.1    SW      0       0       106.4   -1.7    51612 
18      -8.3    -16.5   -13.1   996     983.5   988.7   22.5    182     5.5     S       0       0       106.4   -1.7    51612 
19      -4.8    -16     -12.5   1012.8  996     1006.9  4.8     17      1.2     NNE     0       0       106     -1.7    51612 
20      -4      -15.1   -11.1   1013.2  1006.1  1009.6  5.7     349     1       NNE     0       0       106     -1.7    51612 
21      -2.3    -11.3   -7.5    1007.3  1005.6  1006.5  6.9     321     1.1     NE      0       0       106     -1.7    51612 
22      -1      -6.3    -4.1    1005.8  1001.5  1003.7  10.4    261     1.9     NW      0       0       106     -1.7    51612 
23      -2.6    -6.7    -4.8    1001.6  995.4   998.3   9.3     214     2.5     NW      0       0       106     -1.8    51612 
24      -3.8    -9.8    -7.4    1002.9  996.5   999.3   11.5    202     3.2     SSW     0       0       106     -1.7    51612 
25      -9      -12.5   -11.4   1005.9  1003    1004.8  10.1    136     1.5     NNE     0       1       107.2   -1.7    51612 
26      0.4     -11.4   -2.5    1004.7  977.5   992.2   54.9    304     26      N       16      0       107.2   -1.7    51612 
27      0.2     -4.4    -2.2    981.6   963.6   974.2   41.2    354     14.9    ESE     4.3     2       109.2   -1.8    31611 
28      -2.9    -7.6    -5.2    994.2   973.2   987.8   22.2    273     5.6     NE      3       11      120.6   -1.8    31611 
29      -5.2    -11.1   -9.2    996     992     994.6   8.9     355     3.4     NNW     0       0       120.6   -1.8    51611 
30      -9.7    -13.1   -11.2   992     982.4   987     7.4     217     2.1     NE      0       0       317.4   -1.8    51611 
