******************************************************************************
Palmer Station Weather Highlights:       August, 2018

        Temperature:    Abs Max:   3.4 C                          Day: 9
                        Abs Min:   -21.9 C                        Day: 7
                            Avg:   -6.3 C

        Pressure:       Abs Max:   1017.9 mb              Day: 8
                        Abs Min:   943.2 mb               Day: 4
                            Avg:   983.1 mb

        Wind:             Peak:    76 kts                         Day: 19
                           Avg:    11.9 kts
                        Days Prevailing:
                                             N : 4 
                                             ESE : 4 
                                             NNE : 4 
                                             W : 3 
                                             SW : 3 
                                             NW : 3 
                                             WSW : 3 
                                             SSW : 2 
                                             S : 2 
                                             E : 1 
                                             NNW : 1 
                                             SE : 1 
                                             ENE : 0 
                                             SSE : 0 
                                             NE : 0 
                                             WNW : 0 


        Precipitation: Rainfall:      76.7 mm                     YTD:     mm
                           Snow:      50 cm                       YTD:     cm
        Maximum Snowstake Depth:      90.2 cm                     Day: 8

============================= Daily Weather Data ============================= 
Column Titles:
        1. Day                         9. Wind 5-Sec Peak Direction 
        2. Temperature High    (C)    10. Wind Average               (knots)
        3. Temperature Low     (C)    11. Wind Prevailing Direction
        4. Temperature Average (C)    12. Rainfall                   (mm)
        5. Pressure High      (mb)    13. Precipitation Snow         (cm)
        6. Pressure Low       (mb)    14. Depth at Snowstake         (cm)
        7. Pressure Average   (mb)    15. Sea Surface Temperature    (C)
        8. Wind 5-Sec Peak (knots)    16. Sea Ice                    (WMO code)

01	-10.4	-17.8	-12.5	984.3	969.1	972.9	22.9	241	2.4	WSW	1.8	14	79.8	-1.8	51123 
02	-17.3	-20.8	-19	993.7	984.3	990.8	20.1	242	6.7	SW	0	0	79.8	-1.8	51123 
03	3.4	-20.1	-4.9	987	950.4	964.6	48.3	3	15.7	NNE	8.6	0	70.6	-1.8	51121 
04	0.6	-18.1	-6.9	969.4	943.2	951.9	40.5	24	14	W	0.3	0	70.6	-1.7	51121 
05	-17.8	-19.6	-19.1	987.1	969.4	979.8	19.2	244	9	WSW	0	10	80.6	-1.7	51121 
06	-17.6	-20.5	-18.7	997.7	986.6	991	21.4	201	7.2	SW	0	4	84.8	-1.8	51121 
07	-19.2	-21.9	-20.5	1012.2	997.5	1003.8	27.2	209	8.6	SSW	0	5	90.2	-1.8	51121 
08	-10.6	-20.9	-17.3	1017.9	1011.1	1015.5	18	98	2.6	ESE	0	0	90.2	-1.8	51121 
09	3.4	-12.7	0.2	1011.2	984.8	994.6	61.5	16	31	NNE	26.4	0	90.2	-1.7	51121 
10	3.2	-4.1	-0.1	1007.8	984.5	994.4	37.6	9	5.5	W	7.6	0	90.2	-1.7	51121 
11	-1.5	-7.4	-4.4	1010.3	1006.1	1008.7	37.6			NW	0	0	75.4	-1.7	1/6/0 
12	-3	-5.5	-4.3	1006.7	1001.1	1003.9	37.6			ESE	0	0	75.4	-1.6	1/6/0 
13	2.3	-4.2	-1	1001.1	991.5	996.3	30.8	44	3.6	SE	0	0	75.4	-1.5	1/6/0 
14	2.1	-3.8	-0.3	992.9	989.3	991.5	37.1	51	14.1	N	0	0	75.4	-1.4	0/6/0 
15	1.9	-3.3	0.6	991	977.7	984.4	47.9	25	27.7	NNE	3	0	75.4	-1.3	0/6/0 
16	1.4	-0.8	0.5	978.1	970.9	973	46	9	22.8	NNE	2.3	0	75.4	-1.3	0/6/0 
17	0.3	-2.7	-1.2	971.2	965.5	968.7	31.1	338	15.6	N	0.3	2	77.8	-1.3	0/6/0 
18	-1.9	-6	-4.5	975.4	965.2	972.3	40.2	28	16.2	NW	0	0	77.8	-1.5	0/6/0 
19	-1.8	-8.8	-5.1	977.1	947.3	958.8	76.5	29	20.9	SW	0.8	3	80.4	-1.5	0/6/0 
20	-8.8	-12.5	-10.8	987.3	977.2	982.9	19.4	231	6.5	S	0	3	83.2	-1.7	1/6/0 
21	-9.7	-13.5	-12	995	987.3	989.2	11.7	198	3.9	S	0	1	83.8	-1.6	1/6/0 
22	-1.6	-13.9	-7.4	998.8	995.1	997.5	29.1	24	8.3	ESE	0	0	83.4	-1.6	1/6/0 
23	0.3	-3.8	-2	996.7	963.9	979.7	33.4	91	16.8	E	0	0	82.8	-1.5	0/6/0 
24	-1.5	-5.7	-3	975.6	964.5	971.2	30.8	23	13.3	NW	0	0	83	-1.6	0/6/0 
25	0.6	-2.4	-1.1	971.9	962.3	965.6	41.8	4	10.9	N	0	0	83	-1.6	0/6/0 
26	-1.7	-8.6	-5	983.7	969	978.8	26.4	266	10.4	W	0.8	1	83.6	-1.7	10660 
27	0.7	-6.4	-1	981.8	967.9	972.6	62.4	9	23.7	N	18.8	3	86.8	-1.7	0/6/0 
28	1.4	-3	0.1	968.3	953	960.1	55.3	40	18.8	ESE	0.5	0	86.4	-1.6	0/6/0 
29	-2.3	-5.1	-4.1	984.1	960.1	971.5	34	19	8.2	SSW	0	1	87.2	-1.7	0/6/0 
30	-4.4	-9.7	-7.9	1000.3	984.1	994.7	17.4	191	5.7	WSW	0	2	89.2	-1.7	0/6/0 
31	1.4	-6.8	-1.3	1000.2	981.9	992.6	55.4	345	18.5	NNW	5.6	1	89.8	-1.7	0/6/0 


