********************************************************************************
Palmer Station Weather Highlights:       July 2006

        Temperature:    Abs Max:     3.4 C          Day: 4
                        Abs Min:   -15.2 C          Day: 27
                            Avg:    -4.3 C
                        Avg Max:    -2.2 C
                        Avg Min:    -6.3 C

        Pressure:       Abs Max:  1016.6 mb         Day: 24
                        Abs Min:   962.4 mb         Day: 12
                            Avg:   992.5 mb
                        Avg Max:   997.3 mb
                        Avg Min:   987.0 mb

        Wind:             Peak:       53 kts        Day: 8
                           Avg:       12 kts
                        Days Prevailing:      N: 6
                                             NE: 7
                                              E: 1
                                             SE: 1
                                              S: 1
                                             SW: 10
                                              W: 0
                                             NW: 5

        Precipitation:  Melted:     32.0 mm         YTD:   332.8 mm
                          Snow:       59 cm         YTD:     153 cm
                Maximum Snowstake Depth:      49 cm Day: 26


============================== Daily Weather Data==============================
Column Titles:
        1. Day                         9. Wind 2-Min Peak (knots)
        2. Temperature High    (C)    10. Wind 2-min Peak Direction (degrees)
        3. Temperature Low     (C)    11. Wind Average (knots)
        4. Temperature Average (C)    12. Wind Prevailing Direction
        5. Pressure High      (mb)    13. Precipitation Melted (mm)
        6. Pressure Low       (mb)    14. Precipitation Snow (cm)
        7. Pressure Average   (mb)    15. Depth at Snowstake (cm)
        8. Wind 5-Sec Peak (knots)    16. Sea Temp/Ice (WMO code)

 1   1.6  -1.9  -0.5  994.9  979.9  988.6 51 42 035 17 NW  2.0  1  19 0100721690
 2   0.3  -2.5  -1.2  999.6  992.5  997.1 41 34 337 12 N   1.8  5  25 0100921690
 3   2.2  -2.8   0.3  998.8  986.4  994.2 42 36 034 15 NE  0.0  0  22 0100621690
 4   3.4   0.6   2.0  986.6  972.6  978.5 51 39 033 26 NE  3.3  0  18 0100521690
 5   0.6  -7.7  -5.3  998.9  973.0  987.4 34 26 018 20 SW  1.3  2  21 0101121690
 6  -0.7  -7.4  -3.7 1002.7  998.7 1000.5 29 23 222 14 NW  3.3  3  29 0101421690
 7  -0.8  -2.1  -0.9 1007.5  998.8 1003.5 22 18 308 13 NW  0.0  1  28 0101521690
 8   0.6  -4.6  -1.7 1007.6  991.2  999.3 53 43 032 19 NE  0.3  2  30 0101221690
 9  -3.1  -5.7  -4.6 1002.0  983.6  995.9 35 29 036 11 NE  0.0  0  27 0101121690
10  -0.7  -6.4  -3.2  983.5  966.7  973.5 52 42 028 16 NE  2.3  4  34 0101221690
11  -5.5  -8.4  -7.2  966.7  963.8  964.6 24 22 023 12 N   0.5  1  32 0101621690
12  -6.6  -9.7  -7.7  964.9  962.4  963.4 21 17 210  9 SW  0.0  1  33 0101721690
13  -7.4  -8.8  -8.3  969.7  964.4  965.9 21 16 256  9 SW  0.0  1  33 0101521690
14  -7.7  -9.3  -8.5  980.5  969.7  977.1 26 22 230 10 SW  0.0  1  30 0101522690
15  -7.6 -10.5  -9.1  993.9  979.0  986.6 31 24 246 13 SW  0.0  0  27 0101822690
16  -1.9 -10.3  -5.9  997.1  984.7  991.1 36 28 227 12 SW  2.3  2  27 0101722690
17  -1.5  -4.8  -3.3 1002.0  997.0 1000.7 32 25 227  8 N   0.8  3  27 0101622690
18   0.0  -2.5  -1.2 1001.4  991.7  996.9 37 30 024 14 N   0.8  4  28 0101722690
19  -0.4  -6.9  -4.1  992.7  990.5  991.6 16 13 000  6 NW  0.0  1  28 0101522690
20  -2.2  -5.8  -3.4  995.1  990.9  992.3 23 20 017 10 N   0.0  0  27 0101621690
21  -3.3  -5.9  -4.7  996.2  990.8  994.6 24 20 025 13 NE  0.0  0  26 0101421690
22  -0.1  -5.6  -2.7  992.1  985.8  988.5 38 29 043  9 E   0.3  0  27 0101421690
23  -0.4  -4.3  -2.5 1007.6  992.1  998.9 19 11 128  4 SE  7.6 19  44 0101221690
24  -2.1  -3.9  -3.0 1016.6 1007.6 1013.6 24 20 023 10 N   0.3  1  38 0101221690
25  -2.3  -5.6  -3.9 1016.1  997.0 1006.2 42 35 027 17 NE  1.3  1  27 0101321690
26  -0.9  -4.8  -2.6 1001.6  985.1  995.7 39 32 337 18 NW  3.8  5  49 0101421690
27  -0.9 -15.2 -11.3  998.3  981.4  990.9 40 31 333 21 SW  0.0  0  45 0101721690
28  -9.6 -12.7 -11.3 1009.0  998.0 1003.6 37 28 239 13 SW  0.0  0  45 0101722690
29  -4.4  -9.6  -7.0 1010.0 1007.6 1008.7 14 10 306  5 SW  0.0  0  44 0101622690
30  -3.4  -4.8  -4.1 1010.4 1007.7 1009.0 11  9 249  3 S   0.0  0  43 0101622690
31  -2.1  -4.4  -3.1 1011.4 1005.2 1008.6 21 18 231  6 SW  0.3  1  43 0101722690