********************************************************************************
Palmer Station Weather Highlights:       January 2006

        Temperature:    Abs Max:    10.6 C          Day: 22
                        Abs Min:    -1.4 C          Day: 8
                            Avg:     2.3 C
                        Avg Max:     5.0 C
                        Avg Min:     0.5 C

        Pressure:       Abs Max:  1009.1 mb         Day: 2
                        Abs Min:   973.4 mb         Day: 23
                            Avg:   990.9 mb
                        Avg Max:   993.9 mb
                        Avg Min:   987.6 mb

        Wind:             Peak:       64 kts        Day: 23
                           Avg:        6 kts
                        Days Prevailing:      N: 9
                                             NE: 6
                                              E: 0
                                             SE: 3
                                              S: 2
                                             SW: 4
                                              W: 4
                                             NW: 3

        Precipitation:  Melted:     24.7 mm         YTD:   485.7 mm
                          Snow:        1 cm         YTD:     304 cm
                Maximum Snowstake Depth:       0 cm Day: NA


============================== Daily Weather Data==============================
Column Titles:
        1. Day                         9. Wind 2-Min Peak (knots)
        2. Temperature High    (C)    10. Wind 2-min Peak Direction (degrees)
        3. Temperature Low     (C)    11. Wind Average (knots)
        4. Temperature Average (C)    12. Wind Prevailing Direction
        5. Pressure High      (mb)    13. Precipitation Melted (mm)
        6. Pressure Low       (mb)    14. Precipitation Snow (cm)
        7. Pressure Average   (mb)    15. Depth at Snowstake (cm)
        8. Wind 5-Sec Peak (knots)    16. Sea Temp/Ice (WMO code)

 1   3.3  -0.1   1.5 1009.0 1000.0 1004.8 19 16 267  8 W   0.5  0   0 0000529392
 2   6.7   1.0   3.2 1009.1 1004.5 1007.7 20 17 014  6 N   1.8  0   0 0001029391
 3   5.5   2.2   3.7 1004.5  999.5 1001.1 20 16 022  5 SE  8.9  0   0 0000529390
 4   8.3   0.9   3.6 1001.1  994.5  998.6 11 10 135  3 SE  0.0  0   0 0000829390
 5   6.3  -0.3   1.6  995.1  992.7  993.6  9  6 005  3 NW  0.0  0   0 0001229390
 6   2.1  -1.2   0.0  995.8  992.4  994.6  9  6 347  3 NW  0.0  0   0 0001429390
 7   1.2  -1.2  -0.3  992.4  985.7  988.5 10  8 208  3 SW  0.0  0   0 0001129390
 8   1.1  -1.4  -0.4  985.7  980.6  982.5 11  9 237  3 S   0.0  1   0 0001129390
 9   0.0  -1.4  -0.6  984.4  980.3  981.7 12  9 248  5 W   0.0  0   0 0000829390
10   4.0  -0.8   1.0  988.1  984.4  986.2 11  9 235  2 N   0.0  0   0 0000629390
11   2.0  -0.1   0.6  992.4  988.0  990.2 17 12 263  6 SW  0.0  0   0 0000829390
12   4.8  -0.1   1.8  993.5  989.6  992.3 11  9 230  3 W   0.0  0   0 0001029390
13   4.7   0.2   2.1  989.6  979.9  983.6 10  8 337  2 NW  0.3  0   0 0000929390
14   3.7   1.3   2.2  993.9  979.8  985.6 14 11 132  4 W   1.0  0   0 0001529390
15   4.0   1.0   2.2  997.6  993.9  996.1 14 12 306  6 N   0.0  0   0 0001529390
16   4.6  -0.3   2.5  997.5  988.0  993.5 39 32 021 10 N   0.0  0   0 0001529390
17   4.5   1.7   3.1  991.4  989.4  990.7 29 23 021  7 SE  3.6  0   0 0001229390
18   7.2   0.8   3.6  990.6  977.8  982.5 36 30 030  7 NE  1.3  0   0 0001729390
19   3.9   0.2   2.0  995.8  979.5  988.1 20 15 245  6 SW  1.0  0   0 0001329390
20   5.8  -1.0   1.9  998.5  995.6  997.3 11  8 120  3 NE  0.0  0   0 0001729390
21   8.4   2.9   5.4  998.5  995.4  997.0 39 31 032 14 NE  1.0  0   0 0001129390
22  10.6   4.6   7.4  996.0  981.0  991.4 49 40 046 18 NE  0.8  0   0 0001429390
23   9.3   1.8   4.2  989.4  973.4  983.8 64 53 030 23 N   4.1  0   0 0001229390
24   4.4   1.7   2.7  990.3  988.6  989.4 23 18 339  9 N   0.5  0   0 0000729390
25   4.4   1.9   3.4  990.1  984.2  987.4 23 20 032  5 NE  0.0  0   0 0001229390
26   5.9   0.6   2.0  984.2  981.1  982.2  9  7 214  2 N   0.0  0   0 0001329390
27   2.1  -0.4   0.6  985.3  981.1  982.9  9  8 257  3 SW  0.0  0   0 0001429390
28   5.4  -0.7   1.0  985.4  984.0  984.6 11  9 234  3 S   0.0  0   0 0001529390
29   7.3  -0.5   2.7  989.7  984.9  986.8 11  9 359  3 N   0.0  0   0 0001529390
30   7.0   1.2   4.1  996.7  989.6  993.2 18 12 083  3 N   0.0  0   0 0001929390
31   6.6   1.6   3.9 1000.7  996.7  999.4 11  9 038  3 NE  0.0  0   0 0002429390