********************************************************************************
Palmer Station Weather Highlights: May 2007

        Temperature:    Abs Max:  4.7 C     	Day: 14
                        Abs Min: -7.0 C 	Day: 18
                            Avg: -2.1 C
                        Avg Max: -0.4 C
                        Avg Min: -3.6 C

        Pressure:       Abs Max: 1024.3 mb 	Day: 6
                        Abs Min:  961.8 mb 	Day: 31
                            Avg:  997.6 mb
                        Avg Max: 1002.0 mb
                        Avg Min:  992.6 mb

        Wind: 		  Peak: 64 kts 		Day: 30
                           Avg:  8 kts
                        Days Prevailing:      N: 3
                                             NE: 9
                                              E: 6
                                             SE: 7
                                              S: 4
                                             SW: 0
                                              W: 1
                                             NW: 1

        Precipitation:  	 Melted: 27.2 mm 	 YTD: 171.2 mm
                          	   Snow:   37 cm 	 YTD:   103 cm
                Maximum Snowstake Depth:   35 cm	 Day: 31


============================== Daily Weather Data ==============================
Column Titles:
        1. Day 				 9. Wind 2-Min Peak 	      (knots)
        2. Temperature High 	(C) 	10. Wind 2-min Peak Direction (degrees)
        3. Temperature Low 	(C) 	11. Wind Average 	      (knots)
        4. Temperature Average 	(C) 	12. Wind Prevailing Direction
        5. Pressure High 	(mb) 	13. Precipitation Melted      (mm)
        6. Pressure Low 	(mb) 	14. Precipitation Snow        (cm)
        7. Pressure Average 	(mb) 	15. Depth at Snowstake        (cm)
        8. Wind 5-Sec Peak 	(knots) 16. Sea Temp/Ice              (WMO code)

 1 -2.2 -4.4 -3.2 1022.4 1020.8 1021.2 15 11 179  4  S 0.0 0 12 010070/6/0
 2 -0.1 -3.6 -2.3 1021.4 1016.1 1018.9 18 14 195  4  S 0.0 0 11 010110/6/0
 3 -0.8 -4.6 -2.4 1016.1 1013.9 1015.2  9  7 052  3  E 0.0 0 11 010070/6/0
 4 -2.8 -6.2 -4.3 1017.5 1013.2 1014.3  9  7 100  4  E 0.0 0 11 010080/6/0
 5 -1.9 -6.3 -5.0 1024.0 1017.5 1021.4  6  5 126  2  E 0.0 0 11 010110/6/0
 6 -4.0 -6.6 -5.4 1024.3 1021.6 1023.6 14 12 215  3  E 0.0 0 11 010120/6/0
 7 -3.5 -5.9 -4.3 1021.5 1016.8 1019.2 18 14 194  5  S 0.0 0 11 010100/6/0
 8  1.7 -6.9 -2.2 1016.8  989.6 1003.7 53 42 058 11 SE 3.1 0 11 010050/6/0
 9  1.7 -1.4 -0.3  992.9  988.3  990.6 24 21 074  9  W 3.3 8 19 010070/6/0
10  1.8 -1.4  0.0  988.8  983.2  986.0 28 22 059 10 SE 0.8 2 21 010060/5/0
11  0.7 -1.8 -0.4  988.7  971.0  979.2 52 41 070 18 NE 1.0 3 24 010050/5/0
12  0.2 -1.9 -0.4  984.5  975.7  981.3 30 23 268 15 NW 1.3 2 26 010050/5/0
13  1.6 -0.1  0.7  989.8  984.2  987.0 30 23 039 16  N 0.3 5 31 010130/5/0
14  4.7  0.3  2.4  990.4  986.6  988.4 28 22 063  7 SE 0.0 0 30 010070/6/0
15  1.6 -1.9 -0.4  986.7  983.0  984.4 12 10 351  4  N 0.8 0 28 010060/6/0
16 -1.7 -3.9 -2.6  987.0  984.0  984.8 16 13 046  5 NE 0.0 2 25 010070/6/0
17 -2.1 -3.1 -2.5  995.9  987.0  991.5 38 30 057 15 NE 0.0 0 25 010060/6/0
18 -2.3 -7.0 -5.1  998.1  986.0  994.7 39 31 052 15 NE 0.0 0 25 010060/6/0
19 -3.4 -6.6 -5.1  986.9  981.8  983.7 22 15 137  5  E 0.0 0 25 010090/6/0
20 -4.1 -6.1 -4.8  988.4  985.3  987.3 20 17 044  6 NE 0.0 0 25 010090/6/0
21 -1.3 -4.3 -2.3  995.1  984.8  988.4 17 12 133  4 SE 0.0 0 25 010090/6/0
22  0.1 -3.4 -2.3  996.5  982.5  992.6 33 23 087  6 SE 4.6 8 32 010050/6/0
23  2.9 -1.1  0.7  983.8  968.2  973.1 51 41 059 16 SE 0.3 0 30 010020/6/0
24 -0.6 -4.0 -2.5  993.4  973.1  983.8 25 20 045 10 NE 0.0 1 31 010090/6/0
25 -2.0 -3.9 -2.9 1013.2  993.5 1005.1 12 11 199  4  S 0.0 0 31 010050/6/0
26 -1.9 -4.9 -3.5 1020.4 1013.2 1016.5 12  7 329  4  E 0.0 0 30 010060/6/0
27 -1.0 -3.6 -2.2 1021.6 1020.3 1021.1 11  9 005  4  N 0.0 0 30 010100/6/0
28  0.6 -1.7 -0.7 1021.5 1012.6 1017.9 14 10 047  4 SE 0.0 1 31 010100/6/0
29  3.3 -1.7  0.6 1012.7  990.3  999.9 44 36 054 15 NE 1.3 0 29 010090/6/0
30  0.9 -1.1  0.2  993.6  966.2  982.3 64 51 060 23 NE 8.9 3 33 010110/6/0
31  0.7 -3.5 -1.6  969.5  961.8  967.0 49 41 051 13 NE 1.8 2 35 010100/6/0
