********************************************************************************
Palmer Station Weather Highlights:       March 2006

        Temperature:    Abs Max:     6.7 C          Day: 16
                        Abs Min:    -2.3 C          Day: 20
                            Avg:     2.3 C
                        Avg Max:     4.2 C
                        Avg Min:     0.7 C

        Pressure:       Abs Max:   995.5 mb         Day: 26
                        Abs Min:   954.9 mb         Day: 7
                            Avg:   976.8 mb
                        Avg Max:   982.0 mb
                        Avg Min:   970.7 mb

        Wind:             Peak:       60 kts        Day: 8
                           Avg:       12 kts
                        Days Prevailing:      N: 15
                                             NE: 5
                                              E: 3
                                             SE: 2
                                              S: 0
                                             SW: 4
                                              W: 2
                                             NW: 0

        Precipitation:  Melted:     97.8 mm         YTD:   155.0 mm
                          Snow:        5 cm         YTD:       6 cm
                Maximum Snowstake Depth:       0 cm Day: NA


============================== Daily Weather Data==============================
Column Titles:
        1. Day                         9. Wind 2-Min Peak (knots)
        2. Temperature High    (C)    10. Wind 2-min Peak Direction (degrees)
        3. Temperature Low     (C)    11. Wind Average (knots)
        4. Temperature Average (C)    12. Wind Prevailing Direction 
        5. Pressure High      (mb)    13. Precipitation Melted (mm)
        6. Pressure Low       (mb)    14. Precipitation Snow (cm)
        7. Pressure Average   (mb)    15. Depth at Snowstake (cm)
        8. Wind 5-Sec Peak (knots)    16. Sea Temp/Ice (WMO code)

 1   2.8   0.0   1.2  978.8  976.7  977.4 13 11 257  4 W   0.0  0   0 0001429390
 2   4.7   1.1   2.9  978.2  964.6  970.1 54 44 032 15 N   1.8  0   0 0001529390
 3   5.4   2.8   3.9  966.8  960.6  963.3 33 27 028  9 SE  1.8  0   0 0001529390
 4   3.4  -0.1   1.2  979.6  962.6  971.8 27 22 354  8 N  14.5  2   0 0000629390
 5   5.0   0.6   2.6  979.9  972.9  977.6 33 27 034 12 N   0.0  0   0 0000829390
 6   4.5   0.0   2.1  973.1  969.3  972.0 32 21 079  4 E   0.0  0   0 0001029390
 7   5.1   1.5   3.0  971.9  954.9  965.3 44 35 046 17 E   3.8  0   0 0001529390
 8   4.7   1.0   3.3  974.8  955.2  966.5 60 45 028 13 NE  6.4  0   0 0001329390
 9   1.1  -0.5   0.5  988.0  974.8  983.0 18 15 241  8 SW  4.8  1   0 0000629390
10   4.9  -0.7   1.4  988.0  966.8  978.5 33 21 044 11 E   0.0  0   0 0001329390
11   5.6   2.4   3.6  970.3  966.8  967.6 34 23 028  7 N   3.3  0   0 0001429390
12   2.6   1.2   2.0  982.9  970.3  975.7 33 27 028 13 N   1.5  0   0 0000529390
13   4.6   1.3   2.5  986.9  980.2  984.4 29 24 029  7 N   1.8  0   0 0001229390
14   3.0   0.7   1.8  980.8  976.8  978.6 18 13 111  3 N   9.4  0   0 0001029390
15   5.2   0.4   2.5  985.6  980.7  983.4 31 24 023  8 N   0.0  0   0 0001029390
16   6.7   2.5   5.0  984.5  975.4  978.4 50 39 037 20 NE  3.1  0   0 0001529390
17   5.8   3.2   4.5  975.8  970.6  973.3 45 34 032 17 NE  4.8  0   0 0001729390
18   3.3   0.7   2.1  977.4  973.2  975.2 17 13 332  5 N   3.3  0   0 0001229390
19   1.2  -0.9   0.0  992.6  977.4  985.7 26 23 237 10 SW  1.5  2   0 0001329390
20   4.6  -2.3   1.9  992.6  974.0  984.5 48 39 033 18 NE  1.0  0   0 0001229390
21   4.2   2.3   3.2  974.2  963.9  968.5 36 29 026 19 N   5.6  0   0 0000929390
22   3.3   0.5   2.3  980.9  964.7  972.6 32 25 352 18 N   6.4  0   0 0100329390
23   4.2   0.6   2.1  982.7  980.8  981.9 17 13 344  5 SE  2.0  0   0 0001229290
24   4.3  -0.1   1.5  981.5  974.5  977.6 25 19 223  6 SW  0.3  0   0 0001229290
25   4.0  -0.6   0.6  986.8  979.4  984.5 25 21 026  7 SW  2.8  0   0 0001329290
26   3.9   0.6   2.3  995.5  983.9  989.5 30 24 025 11 N   6.4  0   0 0100529190
27   6.1   0.4   3.3  995.5  978.5  987.6 44 36 024 17 NE  2.0  0   0 0001129190
28   4.6   2.0   3.1  980.3  958.7  975.1 59 46 032 16 N   3.6  0   0 0000629190
29   3.5  -0.5   1.3  981.3  957.9  973.1 39 30 338 18 W   1.0  0   0 0001329190
30   3.5   0.7   2.5  980.4  971.1  977.2 50 40 031 21 N   2.8  0   0 0001029190
31   3.5   0.5   2.2  992.9  975.4  982.3 54 24 339 16 N   2.3  0   0 0100429190