********************************************************************************
Palmer Station Weather Highlights:       May 2006

        Temperature:    Abs Max:     6.1 C          Day: 3
                        Abs Min:    -8.5 C          Day: 20
                            Avg:    -1.4 C
                        Avg Max:     0.7 C
                        Avg Min:    -3.2 C

        Pressure:       Abs Max:  1021.1 mb         Day: 27
                        Abs Min:   953.4 mb         Day: 7
                            Avg:   985.0 mb
                        Avg Max:   992.5 mb
                        Avg Min:   978.6 mb

        Wind:             Peak:       65 kts        Day: 3
                           Avg:       15 kts
                        Days Prevailing:      N: 5
                                             NE: 5
                                              E: 1
                                             SE: 2
                                              S: 1
                                             SW: 8
                                              W: 1
                                             NW: 8

        Precipitation:  Melted:     65.0 mm         YTD:   253.3 mm
                          Snow:       21 cm         YTD:      40 cm
                Maximum Snowstake Depth:      17 cm Day: 19


============================== Daily Weather Data==============================
Column Titles:
        1. Day                         9. Wind 2-Min Peak (knots)
        2. Temperature High    (C)    10. Wind 2-min Peak Direction (degrees)
        3. Temperature Low     (C)    11. Wind Average (knots)
        4. Temperature Average (C)    12. Wind Prevailing Direction
        5. Pressure High      (mb)    13. Precipitation Melted (mm)
        6. Pressure Low       (mb)    14. Precipitation Snow (cm)
        7. Pressure Average   (mb)    15. Depth at Snowstake (cm)
        8. Wind 5-Sec Peak (knots)    16. Sea Temp/Ice (WMO code)

 1   3.7   0.9   2.0  987.9  974.1  982.0 53 42 044 23 NW 12.2  0   0 0000521790
 2   2.6   0.6   1.5  995.3  985.5  990.8 38 27 337 17 NW  1.0  0   0 0000221790
 3   6.1   0.6   2.7  991.3  954.9  967.2 65 50 041 29 N  11.2  0   0 0000421790
 4   1.1  -1.8  -0.1  984.2  955.1  964.9 50 38 237 24 NW  1.0  2  11 0100621790
 5   0.9  -2.8  -1.3  989.0  983.0  986.5 34 28 240 10 SW  0.0  1  10 0000121790
 6   2.9  -0.7   0.8  987.8  972.6  979.6 43 35 027 20 N   3.8  0   4 0100121690
 7   0.3  -1.9  -0.6  982.7  953.4  967.6 43 30 071 15 E   0.0  0   4 0000321690
 8  -0.1  -4.0  -2.4  983.8  972.5  979.9 33 24 251 13 SW  0.0  1   8 0100221690
 9   0.2  -3.8  -2.9  983.1  978.5  981.6 31 26 045 10 NE  0.0  0   7 0100621690
10   2.0  -0.9   0.3  984.6  960.1  969.9 59 45 035 28 NW  3.8  4  14 0100221690
11   2.7   0.1   1.3  987.6  978.2  984.4 41 32 356 17 N   7.4  0  13 0100520690
12   2.8  -3.1   0.5  978.1  959.8  965.3 61 44 000 28 NW  8.1  0   5 0100620690
13   1.2  -3.8  -0.8  967.6  959.4  963.0 46 36 356 25 NW  2.0  1   8 0101220690
14  -0.5  -3.4  -1.8  967.3  962.5  964.9 49 37 294 22 NW  0.0  0   9 0101020690
15  -1.7  -4.8  -2.8  980.1  963.0  969.0 36 30 305 17 NW  0.0  1  13 0101320690
16  -2.9  -4.5  -3.7  982.2  971.9  978.0 30 23 190  8 S   0.0  0  12 0100621690
17  -3.1  -5.6  -4.0  979.5  971.8  976.2 31 22 119 10 SW  0.0  0  11 0100621690
18  -2.3  -5.2  -3.7  983.9  968.2  974.5 33 27 045 16 SW  0.0  0  11 0100521690
19  -0.5  -5.7  -4.0  984.6  960.7  969.2 54 44 025 18 W   0.0  5  17 0100821690
20  -4.1  -8.5  -6.3  988.1  961.5  975.7 31 25 228 13 SW  0.0  0  16 0100722690
21  -2.0  -5.9  -4.4 1000.8  988.1  996.6 26 21 230  9 SW  0.0  0  16 0100922690
22   0.2  -2.4  -1.1 1003.5  998.6 1001.1 20 16 338  7 N   0.0  0  16 0101222690
23   6.1  -1.2   2.8 1002.9  982.6  993.2 63 45 031 22 NE  3.8  0   0 0100522690
24   4.9  -1.3   2.4  994.5  977.7  983.7 46 35 019 19 N   8.1  0   0 0100422690
25  -1.1  -3.3  -2.7  998.9  994.3  996.1 17 14 202 10 SW  0.0  1   2 0100322190
26  -3.2  -5.6  -3.9 1014.6  999.0 1007.5 20 16 230  7 SW  0.0  0   2 0100322190
27  -2.8  -6.0  -4.8 1021.1 1014.6 1018.5 25 18 032  7 NE  0.0  0   2 0100422690
28   3.2  -6.3  -3.7 1019.9 1009.0 1013.6 27 23 023  7 NE  2.0  2   3 0100922690
29   5.0  -1.1   0.6 1010.1 1005.9 1007.9 32 24 032  7 SE  0.5  3   5 0100622690
30   2.2  -3.0  -0.4 1016.1 1005.4 1010.8 37 31 035  6 NE  0.0  0   4 0100722690
31  -1.7  -4.7  -3.5 1017.5 1015.4 1016.6 10  9 340  3 SE  0.0  0   4 0101022690