Palmer Station Weather Highlights: November 2006

        Temperature: 	Abs Max:  5.9 C 	Day: 29
                        Abs Min: -5.3 C 	Day: 2
                            Avg: -0.5 C
                        Avg Max:  2.1 C
                        Avg Min: -2.3 C

        Pressure: 	Abs Max: 1005.8 mb 	Day: 25
                        Abs Min:  941.9 mb 	Day: 4
                            Avg:  980.6 mb
                        Avg Max:  985.2 mb
                        Avg Min:  975.8 mb

        Wind: 		   Peak: 48 kts		Day: 12
                            Avg:  7 kts
                        Days Prevailing:      N: 4
                                             NE: 2
                                              E: 2
                                             SE: 8
                                              S: 0
                                             SW: 8
                                              W: 3
                                             NW: 3

        Precipitation: 	 	 Melted: 19.8 mm 	YTD: 468.7 mm
                           	   Snow: 27 cm 		YTD: 311 cm
                Maximum Snowstake Depth: 11 cm 		Day: 5


============================== Daily Weather Data==============================
Column Titles:
        1. Day 			 	 9. Wind 2-Min Peak (knots)
        2. Temperature High (C) 	10. Wind 2-min Peak Direction (degrees)
        3. Temperature Low (C) 		11. Wind Average (knots)
        4. Temperature Average (C) 	12. Wind Prevailing Direction
        5. Pressure High (mb) 		13. Precipitation Melted (mm)
        6. Pressure Low (mb) 		14. Precipitation Snow (cm)
        7. Pressure Average (mb) 	15. Depth at Snowstake (cm)
        8. Wind 5-Sec Peak (knots) 	16. Sea Temp/Ice (WMO code)

 1  0.0 -2.6 -1.3  973.9  963.5  968.8 25 20 353 11  W 0.5 3  8 010120/6/0
 2 -2.3 -5.3 -4.0  983.9  973.9  980.1 25 20 229 13 SW 0.0 0  6 010110/6/0
 3  0.0 -4.5 -2.1  983.3  971.2  976.3 22 16 338  6 NW 1.0 2  7 0101280696
 4  0.8 -4.2 -1.4  973.0  941.9  957.5 39 27 075  9  E 1.0 0  5 010090/6/0
 5  1.9 -2.3 -0.3  959.2  942.3  949.2 36 29 021 15  N 0.8 9 11 010070/6/0
 6  3.8 -1.9  0.0  974.5  959.1  967.6 35 28 041 12  E 0.0 0  6 010060/6/0
 7  1.5 -2.2  0.2  974.9  967.1  970.8 47 38 028 16 NE 0.3 2  5 010070/6/0
 8  2.4 -3.2 -0.8  975.3  973.5  974.5 18 15 014  4  N 0.3 1  5 010050/6/0
 9 -0.1 -1.1 -0.7  997.5  974.0  984.9 23 20 306  9 NW 6.4 6 10 010070/6/0
10  3.6 -3.0 -0.1 1001.9  997.5 1000.3 10  8 294  3 NE 0.0 0 10 010080/6/0
11  4.9 -2.2  0.8 1000.9  970.4  989.7 35 27 041  9 SE 0.8 0  0 010050/6/0
12  4.2 -1.4  0.5  975.2  965.8  971.4 48 39 042 15 NW 6.4 2  0 010030/6/0
13 -1.5 -4.8 -2.6  979.9  973.7  976.3 28 23 227 14 SW 0.0 0  0 010040/6/0
14  0.4 -3.2 -1.6  981.1  974.6  979.1 27 20 358  9 SE 0.0 0  0 010040/6/0
15  2.5 -2.9 -0.7  977.2  972.1  974.5 33 26 121 12 SE 0.0 0  0 010020/6/0
16  0.6 -3.9 -1.7  980.6  977.1  978.9 10  9 244  5  N 0.0 0  0 010060/6/0
17 -1.0 -3.5 -2.5  988.2  980.6  985.0 20 18 230  8 SW 0.0 0  0 010070/6/0
18  2.6 -2.1 -0.3  988.0  978.2  983.0 14 13 240  4 SW 0.0 0  0 000000/6/0
19  0.6 -1.2 -0.3  984.7  977.5  980.0 20 16 035  4 SW 0.0 1  0 000020/7/0
20  2.4 -1.4 -0.2  987.9  984.8  986.6 16 10 064  3 SE 0.3 0  0 000030/8/0
21  3.2 -1.2  0.3  990.4  987.8  989.4  8  6 120  3 SE 0.3 0  0 000040/7/0
22  0.9 -1.1 -0.4  991.0  990.3  990.5 10  9 223  3 SW 0.0 0  0 000070/7/0
23  1.7 -2.9 -0.8  995.9  991.0  993.2 15 14 040  4  W 0.0 0  0 000020/7/0
24  0.2 -1.3 -0.8 1002.7  995.9  999.2 12 11 227  5 SW 0.0 0  0 000020/7/0
25  2.0 -1.0 -0.5 1005.8 1002.7 1004.2 19 15 228  8 SW 0.0 0  0 000050/8/0
26  5.2 -3.7  0.2 1005.6  994.0 1001.0 21 15 019  4 SE 0.0 0  0 000010/7/0
27  5.5 -0.3  2.0  994.2  980.2  988.0 13  9 173  2 SE 1.8 1  0 000040/7/0
28  5.4  0.4  2.2  980.1  974.8  978.1 14 12 125  3 SE 0.3 0  0 000070/7/0
29  5.9  0.1  2.8  974.8  968.4  970.0 24 17 065  4  N 0.0 0  0 000100/7/0
30  4.6 -1.1  0.4  973.5  968.6  970.3 11  8 304  3  W 0.0 0  0 000100/7/0
