********************************************************************************
Palmer Station Weather Highlights: September 2006

        Temperature: 	Abs Max:   3.3 C 	Day: 27
                        Abs Min: -12.3 C 	Day: 17
                            Avg:  -5.5 C
                        Avg Max:  -3.0 C
                        Avg Min:  -7.6 C

        Pressure: 	Abs Max: 1026.0 mb 	Day: 23
                        Abs Min:  947.1 mb 	Day: 13
                            Avg:  989.0 mb
                        Avg Max:  995.7 mb
                        Avg Min:  981.7 mb

        Wind: 		Peak: 	63 kts 		Day: 11
                        Avg: 	12 kts
                        Days Prevailing: 	 N:  7
                                             	NE:  4
                                             	 E:  2
                                             	SE:  2
                                              	 S:  0
                                             	SW: 11
                                              	 W:  2
                                             	NW:  2

        Precipitation: 	Melted: 	51.6 mm 	YTD: 402.7 mm
                          Snow: 	  52 cm 	YTD:   270 cm
                Maximum Snowstake Depth:  66 cm 	Day: 29


============================== Daily Weather Data ==============================
Column Titles:
        1. Day 				9.  Wind 2-Min Peak 		(knots)
        2. Temperature High 	(C) 	10. Wind 2-min Peak Direction 	(degrees)
        3. Temperature Low 	(C) 	11. Wind Average 		(knots)
        4. Temperature Average 	(C) 	12. Wind Prevailing Direction
        5. Pressure High 	(mb) 	13. Precipitation Melted 	(mm)
        6. Pressure Low 	(mb) 	14. Precipitation Snow 		(cm)
        7. Pressure Average 	(mb) 	15. Depth at Snowstake 		(cm)
        8. Wind 5-Sec Peak 	(knots) 16. Sea Temp/Ice 		(WMO code)

 1 -5.3  -8.7  -6.8  999.0  988.6  993.9 15 11 261  5 SW  0.0  0  59 0101642793
 2 -4.3  -8.7  -6.2 1000.0  995.0  998.0 17 14 231  6 SW  0.0  1  58 0101642793
 3  0.7  -6.9  -2.7  999.4  976.6  988.3 48 39 253 15  N  0.5  3  56 0101732790
 4 -4.9  -9.4  -7.7 1001.6  981.8  993.8 48 38 239 22 SW  0.0  0  55 0101723692
 5 -0.2  -7.4  -3.1 1001.2  994.7  998.4 17 13 360  5  N  1.3  3  58 0101732692
 6  0.8  -0.4   0.2  994.7  972.9  983.3 55 42 028 24  N  4.8  5  54 0101722690
 7  0.4  -1.7  -0.3  983.4  964.3  975.2 57 43 021 24  N  2.0  4  53 0101623690
 8 -1.8  -8.3  -6.1  988.8  966.7  979.3 37 30 290 15  W  0.0  0  52 0101733793
 9 -1.6  -8.4  -3.5  988.7  950.6  976.2 47 32 099 16  N  0.0  1  51 0101733690
10  0.0  -4.1  -1.8  972.4  949.1  963.3 44 37 034 19 NW  0.0  0  51 0101733792
11  0.3  -3.1  -1.7  971.0  953.4  958.7 63 49 030 32 NE 22.4  7  51 01017/////
12 -1.1  -5.5  -3.2  969.3  947.3  960.3 60 48 047 18 NE  1.3  1  52 0101720690
13 -0.3  -3.2  -1.9  959.0  947.1  950.5 28 22 017 10  N  0.3  1  52 0101721690
14 -2.7  -8.2  -6.4  971.3  959.1  965.6 25 22 237 16 SW  0.0  2  51 0101722693
15 -6.9 -11.3  -9.6  978.2  971.3  976.2 26 22 229 14 SW  0.0  1  51 0101722693
16 -5.9 -10.4  -8.7  986.3  976.8  980.0 28 23 118 10  E  0.0  0  50 0101722690
17 -4.4 -12.3  -8.9  998.4  986.1  992.0 32 25 124  8  E  0.0  0  50 0101822690
18 -6.7 -10.7  -8.6 1009.2  998.4 1004.4 14 10 253  5  W  0.0  0  50 0101751793
19 -8.6 -10.0  -9.4 1012.9 1009.1 1011.2 19 17 241  8 SW  0.0  0  50 0101712793
20 -9.0 -10.5  -9.7 1012.0 1003.5 1008.3 18 16 239  9 SW  0.0  0  51 0101712793
21 -7.9 -10.4  -9.5 1006.5  999.8 1002.1 23 17 236 10 SW  0.0  0  50 0101752893
22 -7.4  -9.2  -8.4 1017.7 1006.4 1011.7 16 14 243  8 SW  0.0  0  50 0101752893
23 -4.4 -10.1  -8.0 1026.0 1017.7 1022.3 15 11 022  3 NE  0.0  0  50 0101712793
24 -6.6 -10.6  -9.2 1025.6 1019.5 1023.0 15 12 026  5 SW  0.0  2  51 0101712793
25 -2.4 -10.1  -6.5 1019.5 1001.0 1012.4 16 13 124  4 SE  0.0  0  50 0101712793
26  1.9  -2.8  -0.2 1000.8  990.5  993.7 30 16 135  7 SE  7.1  7  58 0101612792
27  3.3  -1.3  -0.1  991.2  987.8  989.6 30 25 031  6  N  0.8  2  58 0101652792
28  3.2  -0.9   1.3  988.0  971.7  978.5 46 39 025 14 NE  7.4  7  61 0101532691
29  0.2 -11.8  -6.2  992.8  971.1  979.7 22 20 249 10 NW  3.8  5  66 0101444793
30 -9.2 -12.1 -10.6 1005.9  992.8  999.5 19 14 222  8 SW  0.0  0  63 0101713693
