********************************************************************************
Palmer Station Weather Highlights:       February 2006

        Temperature:    Abs Max:     7.5 C          Day: 6
                        Abs Min:    -1.2 C          Day: 4
                            Avg:     2.9 C
                        Avg Max:     4.8 C
                        Avg Min:     1.3 C

        Pressure:       Abs Max:  1018.0 mb         Day: 23
                        Abs Min:   973.5 mb         Day: 14
                            Avg:   994.3 mb
                        Avg Max:   998.0 mb
                        Avg Min:   989.7 mb

        Wind:             Peak:       55 kts        Day: 7
                           Avg:        8 kts
                        Days Prevailing:      N: 10
                                             NE: 5
                                              E: 2
                                             SE: 5
                                              S: 0
                                             SW: 3
                                              W: 1
                                             NW: 2

        Precipitation:  Melted:     32.5 mm         YTD:    57.2 mm
                          Snow:        0 cm         YTD:       1 cm
                Maximum Snowstake Depth:       0 cm Day: NA


============================== Daily Weather Data==============================
Column Titles:
        1. Day                         9. Wind 2-Min Peak (knots)
        2. Temperature High    (C)    10. Wind 2-min Peak Direction (degrees)
        3. Temperature Low     (C)    11. Wind Average (knots)
        4. Temperature Average (C)    12. Wind Prevailing Direction
        5. Pressure High      (mb)    13. Precipitation Melted (mm)
        6. Pressure Low       (mb)    14. Precipitation Snow (cm)
        7. Pressure Average   (mb)    15. Depth at Snowstake (cm)
        8. Wind 5-Sec Peak (knots)    16. Sea Temp/Ice (WMO code)

 1   3.2   0.7   1.8 1000.2  991.3  995.5 12 10 034  4 NE  0.0  0   0 0001929390
 2   5.1   0.5   2.0 1000.3  991.3  995.6 10  8 353  3 N   0.0  0   0 0001729390
 3   2.8   0.7   1.6 1002.3 1000.3 1001.6 18 15 230  7 SW  0.0  0   0 0001929390
 4   2.2  -1.2   0.3 1003.6 1001.7 1002.7 10  8 218  2 W   0.0  0   0 0001829390
 5   3.0  -0.4   0.8 1004.6 1002.6 1003.4 12 10 122  3 N   0.0  0   0 0002229390
 6   7.5   1.7   5.3 1003.6  990.2  998.5 52 42 033 16 NE  0.3  0   0 0001859390
 7   7.0   3.3   4.8  998.6  986.0  993.2 55 42 031 22 N   2.0  0   0 0001229390
 8   5.4   0.8   3.6 1007.3  998.6 1004.3 30 23 018 14 N  11.9  0   0 0000929390
 9   5.6   4.1   4.9 1006.8  996.6 1001.4 54 44 031 24 N   2.0  0   0 0001529390
10   4.3   2.5   3.6 1006.2 1001.0 1003.6 24 19 329 13 N   3.3  0   0 0000339393
11   6.0   1.8   4.5 1006.6  983.0  997.6 27 20 073 10 SE  0.0  0   0 0001129390
12   6.3   2.4   4.0  983.7  978.2  981.8 27 22 035  4 SE  2.0  0   0 0001529390
13   3.2   1.6   2.4  978.2  974.9  976.0 17 13 194  4 N   1.5  0   0 0001429390
14   2.6   0.4   1.3  978.9  973.5  975.8 14 10 345  4 NW  1.0  0   0 0001529390
15   4.6   0.7   2.3  986.9  974.9  980.3 17 10 087  3 N   0.0  0   0 0001239393
16   4.9   0.3   2.0  991.1  985.8  989.4 33 23 071  7 E   0.0  0   0 0001529390
17   5.8   2.1   4.3  986.9  983.5  985.4 48 40 033 19 NE  0.0  0   0 0001929390
18   6.7   3.6   4.7  986.2  978.2  983.2 37 27 031 10 NE  0.0  0   0 0002029390
19   5.5   2.6   3.5  993.4  978.6  985.0 18 13 103  5 SE  0.0  0   0 0001929390
20   2.7  -0.1   0.7 1004.2  993.4  999.8 20 17 234  7 N   0.0  0   0 0000829390
21   2.8  -0.1   1.1 1009.6 1004.2 1007.5 26 20 240  8 SW  0.0  0   0 0001329390
22   2.9   1.2   2.2 1015.2 1008.6 1010.4 24 18 244  7 SW  0.3  0   0 0000829390
23   3.5   1.0   2.0 1018.0 1014.4 1016.9  9  7 314  2 NW  0.0  0   0 0000729390
24   7.3   0.6   2.5 1014.4  998.2 1006.8 38 31 033  6 SE  1.5  0   0 0001129390
25   7.2   2.5   4.8  999.3  990.2  996.4 39 30 027 10 NE  0.0  0   0 0001329390
26   4.2   1.7   2.5  990.2  985.0  987.3 11 10 353  3 N   6.6  0   0 0001329390
27   6.1   0.5   2.4  990.8  974.6  984.7 29 23 117  3 SE  0.0  0   0 0001529390
28   6.6   1.7   4.0  977.1  973.7  975.4 27 20 102  7 E   0.0  0   0 0002129390