********************************************************************************
Palmer Station Weather Highlights: December 2006

        Temperature:    Abs Max:  8.5 C Day: 29
                        Abs Min: -1.9 C Day: 10
                            Avg:  2.3 C
                        Avg Max:  4.9 C
                        Avg Min:  0.5 C

        Pressure: 	Abs Max: 999.5 mb Day: 15
                        Abs Min: 967.1 mb Day: 3
                            Avg: 983.0 mb
                        Avg Max: 986.3 mb
                        Avg Min: 979.2 mb

        Wind: 		   Peak: 50 kts 	  Day: 26
                            Avg: 8 kts
                        Days Prevailing:      N: 5
                                             NE: 6
                                              E: 6
                                             SE: 7
                                              S: 0
                                             SW: 3
                                              W: 2
                                             NW: 2

        Precipitation: 		 Melted: 26.9 mm 	YTD: 495.6 mm
                          	   Snow: 8 cm 		YTD: 319 cm
                Maximum Snowstake Depth: 7 cm 		Day: 3


============================== Daily Weather Data ==============================
Column Titles:
        1. Day 				9. Wind 2-Min Peak (knots)
        2. Temperature High (C) 	10. Wind 2-min Peak Direction (degrees)
        3. Temperature Low (C) 		11. Wind Average (knots)
        4. Temperature Average (C) 	12. Wind Prevailing Direction
        5. Pressure High (mb) 		13. Precipitation Melted (mm)
        6. Pressure Low (mb) 		14. Precipitation Snow (cm)
        7. Pressure Average (mb) 	15. Depth at Snowstake (cm)
        8. Wind 5-Sec Peak (knots)  	16. Sea Temp/Ice (WMO code)

 1 4.0 -0.5 1.5 984.3 973.5 978.4 20 15 118  5 SE 0.0 0 0 000100/6/0
 2 3.9 -0.6 1.3 985.0 968.9 978.7 32 27 146  7 SE 0.0 0 0 000100/6/0
 3 4.1  0.1 2.0 978.1 967.1 972.8 38 32 041 17 NE 1.0 3 7 000060/7/0
 4 4.4  2.3 3.1 981.3 973.9 976.9 40 33 031 19  N 5.1 0 0 000050/7/0
 5 3.3  0.5 1.9 991.4 981.1 986.8 36 29 031 17  N 2.0 0 0 010100/6/0
 6 3.4  0.5 2.2 992.2 987.9 990.7 44 37 024 19  N 2.0 0 0 000040/7/0
 7 5.8  2.6 3.7 989.4 974.1 982.6 39 30 051 15  E 0.0 0 0 000050/6/0
 8 6.1  1.5 3.3 976.8 973.6 975.5 40 30 019 17  E 0.5 0 0 000070/6/0
 9 4.9  1.4 3.2 976.5 973.8 975.1 28 23 027  5 SE 0.0 0 0 000100/6/0
10 5.4 -1.9 1.6 976.3 971.0 974.5 24 19 063  4  W 0.0 0 0 000120/6/0
11 5.8  0.8 2.5 975.5 970.8 973.1 41 31 034  9 NE 0.0 0 0 000090/7/0
12 4.9  0.2 2.3 977.9 975.1 976.4 18 15 027  4 SE 0.0 0 0 000100/7/0
13 5.1  2.2 3.4 977.1 971.5 973.6 31 22 068 12  E 0.0 0 0 000090/6/0
14 5.6  0.3 2.4 992.0 977.2 984.3 28 20 078  6 NW 0.0 0 0 000120/6/0
15 1.5 -1.3 0.2 999.5 992.1 997.1 19 17 275  8  W 0.5 2 5 000140/6/0
16 3.6 -1.7 0.6 998.6 993.1 995.9  8  6 032  3 NE 0.0 0 0 000140/7/0
17 4.4 -1.5 0.9 993.2 982.4 987.0 23 14 092  4 NE 2.0 2 5 000110/7/0
18 4.0  0.2 1.7 986.7 981.2 983.4 25 21 055  5  E 3.6 1 0 000150/7/0
19 4.8  1.1 2.4 987.3 986.0 986.8 19 16 047  4 NW 0.0 0 0 000120/7/0
20 4.6  0.8 2.2 986.2 985.2 985.6 14 11 119  4 SE 0.0 0 0 000140/6/0
21 4.4  1.1 2.0 988.4 985.9 987.1 15 13 017  4 SE 0.0 0 0 000180/7/0
22 3.8  0.1 1.4 988.4 986.1 987.0  7  5 115  2 SE 0.3 0 0 000150/7/0
23 2.5  0.0 1.0 987.0 986.1 986.5 12  9 305  3 SW 0.3 0 0 000110/7/0
24 5.7  0.1 2.2 987.2 985.5 986.0  8  7 156  2  N 0.0 0 0 000220/7/0
25 6.2  0.1 2.8 988.7 981.8 986.9 23 21 045  9 NE 0.0 0 0 000160/7/0
26 8.2  2.0 4.2 981.7 973.1 977.4 50 43 048 14  E 5.8 0 0 000120/6/0
27 4.8  0.8 3.0 989.7 973.0 983.1 43 30 019 17  N 3.8 0 0 000080/7/0
28 6.9  2.8 4.1 990.4 979.3 986.5 28 15 097  5  E 0.0 0 0 000120/7/0
29 8.5  0.7 3.9 979.6 975.0 976.9 21 15 157  4 NE 0.0 0 0 000160/6/0
30 6.5  1.0 2.8 994.0 979.5 987.6 18 15 245  7 SW 0.0 0 0 000160/6/0
31 5.3  0.2 1.7 995.0 990.9 993.6 14 10 238  4 SW 0.0 0 0 000200/6/0
