********************************************************************************
Palmer Station Weather Highlights:       June 2006

        Temperature:    Abs Max:     6.4 C          Day: 1
                        Abs Min:   -11.1 C          Day: 11
                            Avg:    -2.9 C
                        Avg Max:    -1.0 C
                        Avg Min:    -4.9 C

        Pressure:       Abs Max:  1017.7 mb         Day: 26
                        Abs Min:   977.7 mb         Day: 8
                            Avg:   996.7 mb
                        Avg Max:  1000.5 mb
                        Avg Min:   992.4 mb

        Wind:             Peak:       60 kts        Day: 29
                           Avg:       11 kts
                        Days Prevailing:      N: 5
                                             NE: 10
                                              E: 2
                                             SE: 4
                                              S: 1
                                             SW: 7
                                              W: 0
                                             NW: 1

        Precipitation:  Melted:     47.5 mm         YTD:   300.8 mm
                          Snow:       54 cm         YTD:      94 cm
                Maximum Snowstake Depth:      44 cm Day: 7


============================== Daily Weather Data==============================
Column Titles:
        1. Day                         9. Wind 2-Min Peak (knots)
        2. Temperature High    (C)    10. Wind 2-min Peak Direction (degrees)
        3. Temperature Low     (C)    11. Wind Average (knots)
        4. Temperature Average (C)    12. Wind Prevailing Direction
        5. Pressure High      (mb)    13. Precipitation Melted (mm)
        6. Pressure Low       (mb)    14. Precipitation Snow (cm)
        7. Pressure Average   (mb)    15. Depth at Snowstake (cm)
        8. Wind 5-Sec Peak (knots)    16. Sea Temp/Ice (WMO code)

 1   6.4  -2.3   2.6 1017.3 1000.4 1010.5 47 39 051 15 NE  0.0  0   0 0100522690
 2   5.5  -0.5   2.3 1003.8  996.4 1000.3 56 44 034 18 NE  0.8  0   0 0000022690
 3   5.1  -0.4   1.5 1003.4  996.0 1000.6 35 30 028  9 SE  0.0  0   0 0100222690
 4   5.0  -1.9   1.8 1002.5  994.3  997.4 41 35 044 18 NE  0.0  0   0 0100122690
 5   0.1  -1.8  -0.6 1002.7  998.1 1000.1 26 19 337  9 NW  3.3  5  10 0100922690
 6   1.4  -1.6   0.5  998.5  987.8  994.3 38 29 021 14 N   1.3  6  16 0101222690
 7   0.9  -3.8  -1.3  988.0  980.1  982.2 50 36 018 15 N  13.7 24  44 0100722690
 8  -2.8  -6.1  -4.2  982.9  977.7  981.0 27 19 206  7 SW  0.0  2  39 0100922690
 9  -3.5  -7.9  -5.8  986.3  977.8  980.8 22 16 204  8 E   0.0  0  36 0100721690
10  -4.8  -8.8  -6.3  992.0  986.3  990.2 22 18 191  7 S   0.0  0  34 0101021690
11  -5.2 -11.1  -8.2  991.7  989.2  990.5 31 23 122 10 E   0.0  0  32 0101021690
12  -2.7  -8.1  -6.1  993.6  989.5  991.8 38 27 117  8 NE  0.0  0  31 0100921690
13  -2.9  -6.6  -4.8 1004.4  989.5  998.9 59 45 119 11 NE  0.0  0  26 0100721790
14  -2.3  -5.3  -3.4 1007.8 1004.4 1006.5 19 15 235  7 SW  0.0  0  26 0100821790
15  -3.7  -5.3  -4.4 1012.7 1007.8 1010.3 15 12 026  4 NE  0.0  0  25 0100821790
16   2.5  -6.5  -2.3 1012.7  994.9 1003.4 39 31 030  9 SE  2.5  0  26 0100821690
17  -0.2  -1.2  -0.6  996.2  989.3  993.8 10  8 122  3 SE 11.4  9  36 0100721690
18  -0.9  -4.8  -2.4  989.3  983.2  985.3  8  7 207  1 SW  0.3  1  37 0100821690
19  -3.5  -5.8  -4.7  983.5  981.7  982.3 36 26 033  9 NE  0.0  0  37 0100721690
20  -5.4  -7.8  -7.0  988.9  982.6  985.4 31 26 023 12 N   0.3  1  37 0101021690
21  -3.9  -7.2  -5.7  992.0  988.8  990.9 26 22 031 13 N   1.8  2  37 0101521690
22  -3.9  -7.7  -6.4  991.5  978.3  984.3 19 16 231  5 SE  0.0  2  38 0101321690
23  -3.8  -7.3  -5.9  991.2  979.0  986.3 32 27 224 15 SW  0.0  1  34 0101221690
24  -5.7  -6.9  -6.3 1002.0  990.7  994.8 29 22 225 12 SW  0.0  1  36 0101221690
25  -5.0  -7.2  -6.3 1013.3 1002.1 1010.2 19 15 212  6 SW  0.0  0  35 0101521690
26  -3.3  -5.0  -4.1 1017.7 1012.8 1016.0 16 14 231  6 SW  0.0  0  34 0101221690
27  -2.4  -4.3  -3.4 1017.4 1015.0 1016.3 17 14 024  7 N   0.0  0  34 0101422690
28   1.4  -3.6  -0.8 1015.3 1012.4 1014.2 33 28 030 14 NE  0.0  0  34 0101422690
29   5.3  -0.5   2.6 1013.5 1002.2 1007.8 60 47 022 22 NE  1.3  0  27 0100922690
30   3.3   1.2   2.2 1003.1  982.3  994.7 59 46 021 38 NE 10.9  0  19 0100621690