********************************************************************************
Palmer Station Weather Highlights: October 2006

        Temperature:    Abs Max:   6.4 C Day: 18
                        Abs Min: -10.6 C Day: 1
                            Avg:  -0.5 C
                        Avg Max:   2.2 C
                        Avg Min:  -2.8 C

        Pressure:       Abs Max: 1013.9 mb Day: 1
                        Abs Min:  952.9 mb Day: 31
                            Avg:  987.8 mb
                        Avg Max:  992.2 mb
                        Avg Min:  983.4 mb

        Wind:              Peak: 59 kts    Day: 30
                            Avg: 11 kts
                        Days Prevailing:      N: 12
                                             NE: 4
                                              E: 0
                                             SE: 8
                                              S: 0
                                             SW: 3
                                              W: 0
                                             NW: 4

        Precipitation:           Melted: 46.2 mm  YTD: 448.9 mm
                                   Snow:   14 cm  YTD: 284 cm
                Maximum Snowstake Depth:   62 cm  Day: 1


============================== Daily Weather Data ==============================
Column Titles:
        1. Day                      	 9. Wind 2-Min Peak     	(knots)
        2. Temperature High    	(C)    	10. Wind 2-min Peak Direction 	(degrees)
        3. Temperature Low 	(C)     11. Wind Average 		(knots)
        4. Temperature Average 	(C) 	12. Wind Prevailing Direction
        5. Pressure High 	(mb)    13. Precipitation Melted 	(mm)
        6. Pressure Low 	(mb)    14. Precipitation Snow 		(cm)
        7. Pressure Average 	(mb)   	15. Depth at Snowstake 		(cm)
        8. Wind 5-Sec Peak 	(knots) 16. Sea Temp/Ice 		(WMO code)

 1  -2.2 -10.6  -7.1 1013.9 1006.0 1010.9 16 13 228  5  N  0.0  0 62  0101643793
 2  -0.2  -8.8  -5.8 1013.8 1010.3 1012.5 10  8 195  2 NW  0.0  0 61  0101653893
 3  -2.3 -10.5  -7.4 1011.0 1009.4 1010.1  8  7 034  3 NE  0.0  0 61  0101653893
 4   2.7 -10.2  -3.4 1012.2 1007.9 1010.5 36 27 040  6 NE  0.0  0 60  0101553892
 5   4.2  -0.1   2.0 1008.0 1001.1 1003.2 46 39 033 17 NE  0.0  0 52  0101453891
 6   4.4  -3.6   0.5 1002.5  993.5  998.4 13 11 013  3 SE  0.0  0 52  0101453891
 7   2.6  -5.0  -1.5  993.4  986.8  990.3 21 14 097  3 SE  0.0  0 51  0101453891
 8   2.9  -3.2  -0.4  988.1  985.5  986.4 27 18 059  4 SE  0.0  0 50  0101653891
 9   3.8  -4.2  -1.4  997.0  987.7  992.0 13 11 356  3  N  0.0  0 50  0101653891
10  -1.6  -5.3  -3.5 1005.6  997.0 1001.8 10  9 336  5 NW  0.0  0 50  0101653892
11   0.0  -3.1  -2.0 1006.9 1005.5 1006.4 11  9 121  4 SE  0.0  0 50  0101553891
12   4.6  -1.7   1.7 1005.6  995.8 1000.7 45 35 020 10 SE  0.0  0 49  0101333891
13   5.6   0.9   3.5  996.8  975.4  985.5 38 31 028 10 SE  0.0  0 36  0101333890
14   3.9  -0.2   2.0  983.6  975.5  980.0 36 31 028 14 NE  0.0  0 33  0101323890
15   4.7  -1.0   1.1  987.4  983.3  985.4 16 12 151  3 NW  0.0  0 31  010111/990
16  -0.9  -3.2  -2.3 1001.5  987.4  993.5 12 10 238  5 SW  0.0  0 30  010131/990
17   1.3  -1.6  -0.5 1006.3 1001.5 1004.7 12 10 123  4 SE  0.5  0 30  0101020996
18   6.4  -0.4   2.1 1007.0 1003.3 1005.2 28 24 024  7 SE  3.1  0 26  0100920996
19   5.4   3.0   4.3 1004.3  993.0  998.6 42 34 025 23  N  0.5  0 16  010080/9/0
20   3.9   1.9   2.8  993.6  981.7  989.3 39 30 347 21  N  2.5  0  9  010070/9/0
21   3.1   1.5   2.3  981.7  961.8  967.7 56 42 032 30  N 10.2  0  0  010070/9/0
22   2.5  -0.7   0.9  961.8  957.3  959.2 34 28 019 13  N  0.5  1  0  010070/8/0
23  -0.7  -2.4  -1.6  967.7  961.7  965.9 19 16 319 10 NW  4.3  7 16  010120/7/0
24  -1.5  -5.7  -3.7  975.9  967.6  972.1 20 16 246  9 SW  0.3  1 17  0101361796
25   1.9  -6.3  -2.0  974.9  962.5  967.5 41 30 023 10  N  0.0  0 14  010080/8/0
26   1.8  -2.0  -0.2  980.7  968.1  977.4 26 21 018  8  N  0.0  0 12  0101471796
27   3.2   0.4   1.5  980.1  971.9  978.8 34 26 020 18  N  0.5  0  9  010100/8/0
28   2.3   0.3   1.4  972.1  964.7  966.4 51 41 029 21  N  4.1  1  0  010090/7/0
29   1.4  -2.8  -1.2  981.5  969.0  978.2 28 25 035  6 SW  0.3  0  0  010090/6/0
30   2.6  -1.1   1.1  978.9  960.3  966.2 59 46 029 32  N 15.5  3  4  010090/6/0
31   1.8  -0.6   0.7  963.5  952.9  957.1 56 44 019 27  N  4.1  1  0  010070/6/0
