******************************************************************************
Palmer Station Weather Highlights:       September, 2022

        Temperature:    Abs Max:   3.6 C                          Day: 21
                        Abs Min:   -5.2 C                         Day: 4
                            Avg:   -.6 C

        Pressure:       Abs Max:   1008.4 mb              Day: 19
                        Abs Min:   952 mb                 Day: 5
                            Avg:   981.2 mb

        Wind:             Peak:    66 kts                         Day: 21
                           Avg:    17.9 kts
                        Days Prevailing:
                                             NNE : 7
                                             N : 6
                                             NE : 4
                                             ESE : 3
                                             NNW : 2
                                             W : 2
                                             SW : 1
                                             E : 1
                                             NW : 1
                                             ENE : 1
                                             WSW : 1
                                             WNW : 1
                                             SSE : 0
                                             SE : 0
                                             SSW : 0
                                             S : 0


        Precipitation: Rainfall:      180.8 mm                    YTD:     mm
                           Snow:      29 cm                       YTD:     cm
        Maximum Snowstake Depth:      124 cm                      Day: 21

============================= Daily Weather Data ============================= Column Titles:
        1. Day                         9. Wind 5-Sec Peak Direction
        2. Temperature High    (C)    10. Wind Average               (knots)
        3. Temperature Low     (C)    11. Wind Prevailing Direction
        4. Temperature Average (C)    12. Rainfall                   (mm)
        5. Pressure High      (mb)    13. Precipitation Snow         (cm)
        6. Pressure Low       (mb)    14. Depth at Snowstake         (cm)
        7. Pressure Average   (mb)    15. Sea Surface Temperature    (C)
        8. Wind 5-Sec Peak (knots)    16. Sea Ice                    (WMO code)

01      1.5     -2.8    -0.6    978.9   970.1   974.1   42      4       19      N       4.6     0       107.4   -1.3    20790
02      1.6     -2.5    -1      979     969.3   974     31.7    25      14.2    W       0.8     2       109.2   -1.3    20790
03      -2.2    -4.5    -3.5    987.2   979     983     25      234     11.2    WSW     0.5     2       111.6   -1.4    20790
04      0.4     -5.2    -2      987.3   974     980.9   50.7    24      17.5    NE      1.5     0       108.6   -1.4    20790
05      1.9     -2.3    -0.5    979.3   952     963.1   37.6    47      19.2    ESE     1       0       106.8   -1.2    20790
06      0.4     -2.9    -1.5    988.2   955.4   970.3   27.2    117     9.2     ESE     0       0       106.6   -1.2    20790
07      -1.3    -3.8    -2.7    999.5   988.2   996.1   15.3    82      4.8     ENE     0       0       106.6   -1.3    20790
08      1.5     -5.2    -3      999.6   978.2   993.2   37      41      13.7    NE      0       0       106.2   -1.3    20790
09      2.9     0.2     1.5     978.1   959.7   964.6   52.3    41      21.1    NE      4.8     0       106     -1.2    20790
10      0.6     -1.6    -0.8    974.6   960.8   967.6   30.7    18      8.9     WNW     3.8     12      117.6   -1.2    20790
11      1.4     -2.3    0       975.2   968.6   971.9   44      11      18.3    NNE     4.3     0       116.4   -1.3    30790
12      0.9     -2.2    -0.6    992.3   974.2   983.1   55.7    23      19.7    NNW     3.6     1       117.6   -1.4    20790
13      3       0.2     1.6     995.1   984.7   992.3   47.6    40      27.7    N       3.3     0       116.8   -1.4    20790
14      2.8     -1      1       984.9   970.6   977.9   47.7    23      21.3    E       1.5     1       117.4   -1      20790
15      2.2     -0.9    1       978.5   962.9   969.7   57.1    21      23      NNE     5.8     1       118.2   -1.1    20790
16      -0.4    -4.5    -3      977.9   964.8   974.2   30.5    253     10.8    W       0.5     4       122     -1.1    20790
17      -1.6    -3.4    -2.3    995.9   976.2   984.2   21.4    240     8.1     SW      0.5     0       121.6   -1.2    20790
18      0.1     -3.7    -1.7    1006.4  995.8   1002.2  21.4    240     7.2     NW      0       0       121.6   -1.2    20790
19      1.9     -0.6    0.8     1008.4  1004.7  1006.6  33.9    19      17.9    NNE     15.2    0       121.6   -1.4    30790
20      1.7     0.9     1.3     1004.9  999.9   1003.1  32.7    5       22.9    N       9.9     0       121.2   -1.4    20790
21      3.6     1.1     2       1000.3  982.7   992.8   65.7    27      36.2    NNE     42.7    3       124     -1.3    20790
22      2.5     0.7     1.6     983.3   970.7   975.8   63.1    29      40      NNE     52.6    0       109.2   -1.1    20790
23      2.9     0.6     1.3     987     976.4   983.2   51.3    22      31      N       7.4     0       108.8   -1.1    20690
24      2.2     -1.8    0.1     986.5   979.1   983.1   54      28      21.1    NNE     10.4    0       108.6   -1      20690
25      -1.3    -4.2    -2.5    986.6   982.4   983.9   15.8    19      4.2     ESE     0       1       109.2   -1.1    20690
26      -1.1    -4.6    -3.3    982.9   980.4   982.2   14.8    26      5       NE      0       0       109     -1      20690
27      -0.2    -4.9    -2.2    986.1   973.3   977.5   20.1    30      5.5     N       0       0       108.2   -1.1    20690
28      2.7     -3.1    -0.4    991     969.2   982.9   53.1    18      20.2    NNE     3.6     0       108.4   -1      20690
29      2.5     0.5     1.2     976     968.7   972.2   51.7    348     32.4    N       1.5     0       107.2   -1.1    20690
30      1       -0.7    0.1     974.7   964.8   970.5   49.9    13      25.9    NNW     1       2       108.8   -1.3    20690
