******************************************************************************
Palmer Station Weather Highlights:       August, 2022
 
        Temperature:    Abs Max:   3.7 C                                        Day: 31
                        Abs Min:   -6.3 C                                      Day: 26
                            Avg:   -1.2 C
 
        Pressure:       Abs Max:   1015 mb                      Day: 4
                        Abs Min:   949.2 mb                              Day: 25
                            Avg:   986.9 mb
 
        Wind:             Peak:    65 kts                                  Day: 21
                           Avg:    17.4 kts
                        Days Prevailing:
                                             NE : 9
                                             NNE : 6
                                             NNW : 4
                                             N : 4
                                             ESE : 3
                                             WSW : 2
                                             E : 1
                                             SE : 1
                                             SW : 1
                                             SSW : 0
                                             WNW : 0
                                             ENE : 0
                                             NW : 0
                                             S : 0
                                             SSE : 0
                                             W : 0
 
 
        Precipitation: Rainfall:      88.9 mm                                    YTD:      626.1 mm
                           Snow:      73 cm                                    YTD:      cm
        Maximum Snowstake Depth:      110.8 cm                                      Day: 8
 
============================= Daily Weather Data ============================= Column Titles:
        1. Day                         9. Wind 5-Sec Peak Direction
        2. Temperature High    (C)    10. Wind Average               (knots)
        3. Temperature Low     (C)    11. Wind Prevailing Direction
        4. Temperature Average (C)    12. Rainfall                   (mm)
        5. Pressure High      (mb)    13. Precipitation Snow         (cm)
        6. Pressure Low       (mb)    14. Depth at Snowstake         (cm)
        7. Pressure Average   (mb)    15. Sea Surface Temperature    (C)
        8. Wind 5-Sec Peak (knots)    16. Sea Ice                    (WMO code)

 
01     0.7  -4.9  -2.7   988.4    980.4   985.5   54.9   36   13.9  SE    0      1     63.6  -1.3    20790
02     2.8  -4    -0.9   998.5    974.3   983.2   45.9   29   24.5  WSW   1      8     71.8  -1.2    20790
03    -2.7  -5.4  -3.6  1013.7    998.4  1007.5   24.5  231    7.3  SW    0      0     72    -1.3    20790
04    -1    -5.7  -4.2  1015     1007.7  1013.3   26.9   63    7.6  E     0      0     71.4  -1.5    20790
05    -0.4  -3.3  -1.8  1007.7    995.9  1001.3   60.9   20   25.5  NNE   2.5    0     62.6  -1.1    20790
06     0.9  -3.6  -1.3  1008.8   1000.7  1004.9   49.5    1   20.3  NNW   3.3    5     67.2  -1.3    20790
07     0.7  -0.4   0.1  1005      996    1001.1   44.8    2   23.8  NNW   2.8   25     92.2  -1.4    30790
08     1.2  -0.3   0.4  1003.7   1001.4  1002.7   27.5    5   16.2  N     1.8   19    110.8  -1.5    30790
09     3    -0.4   1.4  1002.5    990.5   997     39.1   29   13.3  NE    2.3    0    110.6  -1.3    20790
10     2.7   0.1   1.5   990.7    981.2   985.5   53.9   41   31.7  NE   17.8    0    105    -1      20790
11     1.6  -0.5   0.9   987.9    984.2   986.7   47.5  309   28.5  N     7.1    0     98.8  -1.3    20790
12     1.5  -0.3   0.6   987.9    984.6   986.1   45.1   19   28.3  NNE   1      0     99.2  -1.2    20790
13     0.9  -3.4  -1.6   990.7    987.4   989.5   24.7   53    4.1  NNE   0      0     98.8  -1.2    20790
14     0.7  -3.8  -0.8   989.7    986.3   987.7   28.2  119   15.4  ESE   0      0     97.8  -1.1    20790
15     0.2  -3    -1.8   991.2    987     989.2   19.5  115    3.7  NE    0      0     97.2  -1.2    20790
16    -2.4  -5.2  -3.7  1002.2    991.1   996.8   19.9   24    8.2  NE    0      0     97    -1.3    20790
17    -3.5  -5.5  -4.5  1003.8    999.6  1002.6   22.9   35   10    NE    0      0     96.2  -1.3    20790
18    -0.5  -5.6  -3.6   999.7    976     989.6   46.2   44   17.8  ESE   0      0     95.8  -1.3    20790
19     0.4  -2.1  -0.8   987.6    975.8   979.8   49.6   31    9.5  NE    0      0     96.2  -1.2    20790
20     2    -2    -0.2   997      987.5   993.3   35.8   28    9.5  NE    0      0     95.8  -1.4    20790
21     2.1  -0.5   1.4   996.8    966.2   984.6   65     12   27.7  NE    8.4    0     95.6  -1.2    20790
22     1.3  -1.1   0.2   973.2    968.7   970.6   45.9    4   22.7  N     4.3    3     98.4  -1.2    20790
23     1.6  -0.9   0.6   969.2    951.8   960.5   59.3   26   35.2  NNE  25.9    8    106    -1.4    30790
24    -0.2  -3    -1.1   960.9    951.6   957.9   51.4   31   25.9  NNW   1.8    0    106    -1.4    20790
25     0.3  -5    -1.4   962.9    949.2   955.6   47.3    3   19.6  N     2      0    106.2  -1.5    20790
26    -2.7  -6.3  -4.5   974.2    961.1   964.5   27.2  126   11.8  ESE   0      2    108.4  -1.4    20790
27    -1.4  -5.6  -3.6   985.5    974.2   980.3   14.9  185    5.3  NE    0      0    108.4  -1.4    20790
28    -1.8  -5.8  -3.5   985.5    974.2   980.3   21    123    6.4  WSW   0      0    107.6  -1.4    20790
29     0.8  -3.2  -0.9   984.1    971.6   977.9   62.7   39   19.8  NNE   0.5    0    108    -1.3    20790
30     3.6  -1.4   0.8   988.3    982.4   986.6   42     29   12.9  NNW   0.3    2    110.2  -1.3    20790
31     3.7   1     1.9   982.9    971.5   975.8   50.6    8   33.3  NNE   6.1    0    109    -1.2    20790
