******************************************************************************
Palmer Station Weather Highlights:       June, 2022

        Temperature:    Abs Max:   5.1 C                          Day: 8
                        Abs Min:   -7.6 C                         Day: 18
                            Avg:   -2.2 C

        Pressure:       Abs Max:   1002.7 mb              Day: 23
                        Abs Min:   944.5 mb               Day: 4
                            Avg:   980.9 mb

        Wind:             Peak:    69 kts                         Day: 8
                           Avg:    15.8 kts
                        Days Prevailing:
                                             NE : 6
                                             NNE : 6
                                             ESE : 4
                                             NNW : 3
                                             N : 3
                                             SW : 3
                                             SE : 2
                                             W : 2
                                             SSW : 1
                                             SSE : 0
                                             S : 0
                                             ENE : 0
                                             NW : 0
                                             WNW : 0
                                             E : 0
                                             WSW : 0


        Precipitation: Rainfall:      122.9 mm                    YTD:    476 mm
                           Snow:      44 cm                       YTD:     cm
        Maximum Snowstake Depth:      50 cm                       Day: 27

============================= Daily Weather Data =============================
Column Titles:
        1. Day                         9. Wind 5-Sec Peak Direction
        2. Temperature High    (C)    10. Wind Average               (knots)
        3. Temperature Low     (C)    11. Wind Prevailing Direction
        4. Temperature Average (C)    12. Rainfall                   (mm)
        5. Pressure High      (mb)    13. Precipitation Snow         (cm)
        6. Pressure Low       (mb)    14. Depth at Snowstake         (cm)
        7. Pressure Average   (mb)    15. Sea Surface Temperature    (C)
        8. Wind 5-Sec Peak (knots)    16. Sea Ice                    (WMO code)

01      -0.3    -2.5    -1.5    1001.7  994.2   997.4   23.6    305     10.5    NNW     0       1       22.4    -1.4    30690
02      1       -1.6    -0.3    994.3   965.3   981.7   54.5    36      31.2    N       17.8    4       26.2    -1.4    20690
03      0.8     -2.7    -1.4    970.9   962.3   966.2   44.2    8       16.5    NNW     1.8     4       29.4    -1.3    20690
04      1.7     -4      -1      967.1   944.5   953.8   49      42      21.5    ESE     2.3     6       35.4    -0.7    20690
05      2.6     -3.8    -1.5    964.4   947     957.7   52.8    27      23.1    NE      6.6     0       34.8    -0.3    20690
06      3.9     -2      1.9     962.8   949.5   955.1   53.4    54      27.6    NNE     24.1    0       27      -0.1    20690
07      2       -2.2    0.3     973.3   959.5   966.2   69.2    41      30.9    N       5.3     0       24.6    -0.3    20690
08      5.1     -0.6    2       988.7   968.9   974.4   69.4    31      39.8    NNE     40.9    0       22      -0.3    20690
09      1.1     -2.5    -0.9    1001.5  988.7   997.3   36.9    24      18.7    NNE     0       0       18.8    -0.4    20690
10      2.2     0.9     1.5     1001.5  980.2   994.9   49.9    20      30.4    NNE     2.3     0       19.2    -0.4    20690
11      3.7     -2.2    0.2     987.3   970.7   978.2   37.7    62      15.5    W       1       1       20.6    -0.3    20690
12      0.2     -2.6    -1.2    987.3   979.2   982.9   35      19      14.3    NNE     0       2       23      -0.5    20690
13      1.3     -2.9    -0.2    983.7   967.1   974.5   49.5    39      23.9    NNE     10.2    5       28.2    -0.7    20690
14      -2.2    -6.6    -4.4    983.4   971.6   979.8   48.4    246     20.3    SW      0       4       32.4    -0.8    20690
15      -2.4    -6.6    -4.2    980.1   953.3   962.4   50.5    85      25.9    ESE     0.3     2       34.6    -0.7    20690
16      -4.5    -6.3    -5.2    984.7   962.5   976.2   37.4    143     9.6     SE      0       1       36      -0.7    20690
17      -4.1    -6.7    -5.5    995.3   984.6   990.8   32.6    135     12.3    ESE     0       0       36      -0.7    20690
18      -4.4    -7.6    -5.8    996.1   995     995.7   23.2    138     8.9     ESE     0       0       36      -0.7    20690
19      -4.2    -6.7    -6      1002.2  995.7   998.3   15.8    229     3.7     NE      0       0       35.8    -1.2    20690
20      -4.1    -5.7    -4.9    1002.2  991     998.7   20.6    211     9.2     SW      0       1       37      -1.1    20690
21      -3.1    -5.4    -4.1    995.9   988     992.3   39.5    223     14.3    SW      0       3       40.4    -1      20690
22      -4.2    -6.9    -5.2    996.8   988.2   992.2   29      130     9.4     SSW     0       2       42.4    -0.9    20690
23      -3.2    -7      -5.1    1002.7  996.8   1000.8  12.9    230     4.3     NE      0       0       42      -1.5    20690
24      -1.3    -4.3    -2.3    1002    995.7   998.4   14      279     4       W       0.3     1       42.6    -1.5    30690
25      1       -3      -1.5    997.1   975.1   987.6   20.1    158     4.7     NNW     1.3     1       43.6    -1.5    30690
26      -0.4    -2.6    -1.6    975.1   961.2   965.9   10.2    141     2.9     SE      0.5     3       46.8    -1.4    30690
27      0.4     -1.9    -0.9    976.5   963.5   970     43.3    14      12      NE      5.8     3       50      -1.3    30792
28      1.1     -3.8    -1      976.8   967.2   972.5   52.5    40      16.4    N       2.5     0       46.2    -0.8    20690
29      -1.5    -4.5    -2.9    984.3   976.2   980.2   15.1    6       6.7     NE      0       0       46      -0.9    20790
30      -2.8    -5.6    -4      990.8   984.3   986.9   8.1     169     2.6     NE      0       0       46      -1      20790
