******************************************************************************
Palmer Station Weather Highlights:       November, 2022

        Temperature:    Abs Max:   5.6 C                          Day: 17
                        Abs Min:   -3.5 C                         Day: 5
                            Avg:   .7 C

        Pressure:       Abs Max:   992.9 mb               Day: 5
                        Abs Min:   939.6 mb               Day: 30
                            Avg:   974.3 mb

        Wind:             Peak:    59 kts                         Day: 24
                           Avg:    19.4 kts
                        Days Prevailing:
                                             NNE : 11
                                             NNW : 6
                                             NW : 3
                                             N : 3
                                             WNW : 3
                                             SE : 2
                                             NE : 1
                                             WSW : 1
                                             W : 0
                                             SW : 0
                                             SSE : 0
                                             S : 0
                                             E : 0
                                             ENE : 0
                                             ESE : 0
                                             SSW : 0


        Precipitation: Rainfall:      199.4 mm                    YTD:    1061.5 mm
                           Snow:      38 cm                       YTD:     cm
        Maximum Snowstake Depth:      162.8 cm                    Day: 4

============================= Daily Weather Data =============================
Column Titles:
        1. Day                         9. Wind 5-Sec Peak Direction
        2. Temperature High    (C)    10. Wind Average               (knots)
        3. Temperature Low     (C)    11. Wind Prevailing Direction
        4. Temperature Average (C)    12. Rainfall                   (mm)
        5. Pressure High      (mb)    13. Precipitation Snow         (cm)
        6. Pressure Low       (mb)    14. Depth at Snowstake         (cm)
        7. Pressure Average   (mb)    15. Sea Surface Temperature    (C)
        8. Wind 5-Sec Peak (knots)    16. Sea Ice                    (WMO code)

01      0       -1.4    -0.7    983.7   963.8   974.2   26.1    317     16.1    NW      1       7       147     -0.7    21690
02      0.9     -1.8    -0.3    987.2   980.3   984     37.3    14      16.6    NNW     1.3     3       150.4   -0.9    21690
03      1.2     -1.5    0       982.7   965.5   977.7   52.7    5       22.5    N       19.1    4       154.2   -1.1    21690
04      0.9     -2.4    -0.9    989.9   958     971.4   45.1    345     23.6    WSW     1.3     9       162.8   -1.2    21690
05      1.1     -3.5    -0.9    992.9   981.8   990.1   53.2    30      18.5    NNE     3.8     0       160.2   -1.1    21690
06      3.3     0.6     2.2     984.1   974.4   981.8   44.9    28      25.9    NNE     21.3    0       157.8   -0.8    21690
07      3       -0.7    0.9     979.1   968.5   973.7   57.8    20      22.4    N       15.5    0       146     -0.8    21690
08      0.9     -1.3    -0.3    974.1   951.7   959.3   30.7    25      12.6    SE      2.8     2       148.4   -0.6    21690
09      0.4     -1.5    -0.7    979.4   960.9   970.7   20.9    291     9.8     NNW     1.5     7       155.2   -0.6    21690
10      0.2     -1.6    -0.7    988.5   979.4   985.7   37.3    25      13.1    WNW     0.8     2       157     -0.5    21690
11      0.7     -1.4    -0.4    987.3   980.9   984.2   43.9    21      19.4    NW      2.5     0       153     -0.6    21690
12      1.5     -0.9    -0.3    990.2   983.5   987.8   28.9    25      12.9    NW      0.8     1       153.6   -0.7    21690
13      2.8     0.2     1.2     986.6   974.5   979.7   44.4    36      23.6    NNE     27.7    0       154     -0.7    21690
14      2.5     -0.7    1.3     982.5   977.5   979.8   41.6    33      18.7    NNE     3.8     0       148.6   -0.5    21690
15      4.9     1.5     3.2     979.2   973.7   977     40.4    28      26.5    NNE     8.4     0       140.6   -0.4    21690
16      3.7     -0.3    2       984.6   970.5   974.2   53.1    27      25.1    NNE     18.8    0       131.4   -0.2    21690
17      5.6     -1      1.4     989.1   975.9   984.9   32.9    58      13.7    NNW     0.5     0       131.2   0       21690
18      4.8     1.6     2.9     978.2   970.3   974.8   46.7    48      23.5    NNE     14      0       124     -0.1    21690
19      4.9     0.9     2.6     978.5   969.4   973.7   36.6    25      17.4    NNE     1.3     0       122.6   0       21690
20      3       -0.6    0.9     979.3   967.6   972     41.7    39      19.7    NE      1       0       120.4   -0.1    21690
21      3.5     0.1     1.4     981.9   971     979.1   43.3    22      24.5    NNE     9.7     0       118.2   -0.3    21690
22      2.4     -0.2    1.1     975.3   962.9   969.7   42.4    40      18.2    NNW     10.9    0       115.8   -0.1    21690
23      3.2     -0.3    1.5     975.2   962.3   967.7   35.5    62      17      SE      0       0       114.4   0       21690
24      3       -0.7    1.1     967.9   952.1   961.1   59.1    35      22.1    N       4.8     0       114.2   0       21690
25      1.2     -0.4    0.3     960.7   948.3   954.7   47.2    5       28.6    NNW     1.8     0       114     -0.1    0/6/0
26      1.1     -1.5    -0.2    985.9   960.7   973.7   29.7    277     16.5    WNW     0       1       115     -0.1    0/6/0
27      2.3     -1.9    0.4     991     980.9   986.9   39.8    26      13.8    NNE     3.8     0       114     -0.1    0/6/0
28      4.1     1       2.3     983.2   960.7   976.2   41      30      21.6    NNE     15      0       113.8   -0.1    0/6/0
29      1.8     -2      -0.3    960.9   950.3   957.7   37.3    22      16.4    NNW     3.6     0       111     0       0/6/0
30      0.8     -2.2    -0.9    953.6   939.6   945.3   55.4    32      22      WNW     2.8     2       113.4   -0.1    0/6/0
