******************************************************************************
Palmer Station Weather Highlights:       July, 2022

        Temperature:    Abs Max:   2.3 C                          Day: 17
                        Abs Min:   -9 C                   Day: 22
                            Avg:   -2.6 C

        Pressure:       Abs Max:   1014.6 mb              Day: 13
                        Abs Min:   954.7 mb               Day: 29
                            Avg:   984.5 mb

        Wind:             Peak:    70 kts                         Day: 16
                           Avg:    11 kts
                        Days Prevailing:
                                             NNE : 7
                                             WSW : 5
                                             NE : 4
                                             ESE : 3
                                             NNW : 3
                                             SE : 3
                                             SW : 2
                                             SSW : 2
                                             N : 1
                                             WNW : 1
                                             S : 0
                                             SSE : 0
                                             W : 0
                                             ENE : 0
                                             NW : 0
                                             E : 0


        Precipitation: Rainfall:      61.2 mm                     YTD:    537.2 mm
                           Snow:      30 cm                       YTD:     cm
        Maximum Snowstake Depth:      65.8 cm                     Day: 29

============================= Daily Weather Data =============================
Column Titles:
        1. Day                         9. Wind 5-Sec Peak Direction
        2. Temperature High    (C)    10. Wind Average               (knots)
        3. Temperature Low     (C)    11. Wind Prevailing Direction
        4. Temperature Average (C)    12. Rainfall                   (mm)
        5. Pressure High      (mb)    13. Precipitation Snow         (cm)
        6. Pressure Low       (mb)    14. Depth at Snowstake         (cm)
        7. Pressure Average   (mb)    15. Sea Surface Temperature    (C)
        8. Wind 5-Sec Peak (knots)    16. Sea Ice                    (WMO code)

01      -3.2    -5.4    -4      996.5   990.4   993.5   13.2    71      3.6     ESE     0       0       45.4    -1.2    20790
02      -3.4    -7.1    -5.2    1001.5  996.5   999.2   16.9    32      3.2     NE      0       0       45.6    -1.2    20790
03      1.8     -6.1    -2.4    1001.9  995.3   998.9   31.5    26      7.9     NE      0       0       45.6    -1.2    20790
04      2.2     -0.9    0.5     995.9   992.3   993.8   34.3    28      7.6     ESE     0       0       45      -1      20790
05      1.7     -1.2    -0.3    992.8   982     987.5   16.6    77      2.5     N       0       0       44.6    -1      20790
06      0.5     -1.2    -0.3    982     978.7   980     17.3    319     5.4     SSW     0.3     2       46.2    -1.1    20790
07      -1      -3.4    -2      984.1   981.2   982.8   13.1    332     4.8     NNE     0       0       45.6    -1.3    20790
08      -1.8    -5.6    -3.6    982.6   980.2   981.3   21.2    241     8.8     SW      0.3     3       48.2    -1.4    20790
09      -3.4    -7.5    -5.7    991.2   981     984.7   30.6    227     9.8     WSW     0       3       51      -1.6    20790
10      -4.5    -6.9    -5.8    1002.9  991.2   998.6   26.2    222     8.1     SW      0       0       49.4    -1.6    20790
11      -0.3    -5.4    -2.2    1003.9  1001.5  1002.5  12.2    122     4.4     NNW     0.5     1       50.4    -1.7    30790
12      -1.7    -4.3    -3      1012.2  1003.8  1007.6  15.6    31      6.1     NE      0       0       50.8    -1.6    20790
13      -2.2    -3.2    -2.6    1014.6  1012.2  1013.6  14.8    231     5.1     WSW     0       0       50.2    -1.5    20690
14      -1.8    -2.9    -2.2    1014.5  1012.2  1013.3  20.9    250     8.7     WSW     0       0       49.8    -1.4    20690
15      0.6     -3.2    -1.5    1014    1000.9  1009.9  35.8    10      13.2    NNE     0       0       49.4    -1.6    20690
16      1.8     0.2     0.9     1000.8  971.7   984.9   69.9    20      37.4    NNE     20.6    0       49.2    -1.3    20690
17      2.3     1.1     1.6     979     974.1   976.8   54.1    25      37.9    NNE     15.2    0       48.8    -1.2    20690
18      1.9     -1.1    0.4     977.2   972.6   975.2   41.3    34      11.9    NNE     5.3     0       48.4    -1      20690
19      -0.6    -3.1    -1.9    972.6   965     968.1   13.3    324     3.5     WNW     0.5     3       51.6    -1      20690
20      -2.7    -5.2    -3.8    969.9   965.3   967.9   16      144     5.4     SE      0       1       53      -1.1    20690
21      -4.5    -7.8    -5.9    976.4   969.6   971.5   27.8    127     8.7     SE      0       1       53.8    -0.9    20790
22      -3.4    -9      -5.4    984.8   976.4   982.2   17.3    122     6.6     NE      0       0       52.8    -1.1    20790
23      -3.2    -5.2    -3.9    994.7   984.8   990     13.6    258     4.2     WSW     0       0       51.6    -1.2    20790
24      0.3     -5.1    -1.4    993.5   972.9   979.6   49.4    30      23      NNE     6.9     4       55.4    -1.4    20790
25      -1.5    -6      -3.6    977.2   965.9   970.6   49.4    254     21      WSW     0       0       54.6    -1.4    20790
26      0.6     -5.8    -1      979     965     973.6   39.3    331     20.4    NNW     1       7       61.2    -1.4    20690
27      1.2     -2.2    0       973.3   966.8   968     44.7    353     18.2    NNW     9.7     4       64.8    -1.5    30690
28      -0.3    -6      -3.3    972.3   957.8   968.4   40.3    34      11.3    SSW     0       0       64.4    -1.5    30690
29      0.3     -4.6    -2.1    960     954.7   958.3   49.9    39      10.8    NNE     1       1       65.8    -1.4    20790
30      -2.8    -6.5    -4.8    966.7   957.2   961.6   32.6    134     12.4    SE      0       0       62.6    -1.3    20690
31      -3.5    -8.6    -5.5    987.3   964.3   975.1   31.9    142     8.4     ESE     0       0       62.6    -1.4    20790
