******************************************************************************
Palmer Station Weather Highlights:       October, 2022

        Temperature:    Abs Max:   4.3 C                          Day: 5
                        Abs Min:   -5.8 C                         Day: 16
                            Avg:   -1.6 C

        Pressure:       Abs Max:   1001.4 mb              Day: 3
                        Abs Min:   929.3 mb               Day: 9
                            Avg:   973.6 mb

        Wind:             Peak:    59 kts                         Day: 18
                           Avg:    15.3 kts
                        Days Prevailing:
                                             NNW : 6
                                             WSW : 5
                                             NW : 4
                                             NNE : 4
                                             NE : 4
                                             SE : 2
                                             ESE : 2
                                             W : 1
                                             WNW : 1
                                             E : 1
                                             N : 1
                                             SSE : 0
                                             SSW : 0
                                             S : 0
                                             ENE : 0
                                             SW : 0


        Precipitation: Rainfall:      55.1 mm                     YTD:    862.1 mm
                           Snow:      57 cm                       YTD:     cm
        Maximum Snowstake Depth:      150.4 cm                    Day: 21

============================= Daily Weather Data =============================
Column Titles:
        1. Day                         9. Wind 5-Sec Peak Direction
        2. Temperature High    (C)    10. Wind Average               (knots)
        3. Temperature Low     (C)    11. Wind Prevailing Direction
        4. Temperature Average (C)    12. Rainfall                   (mm)
        5. Pressure High      (mb)    13. Precipitation Snow         (cm)
        6. Pressure Low       (mb)    14. Depth at Snowstake         (cm)
        7. Pressure Average   (mb)    15. Sea Surface Temperature    (C)
        8. Wind 5-Sec Peak (knots)    16. Sea Ice                    (WMO code)

01      -0.1    -2      -0.7    982.2   969.7   976.6   40      353     18.9    NW      0.3     0       108.4   -1.4    30690
02      0.4     -1.5    -0.5    994.2   975.5   984.9   42.9    17      15.2    NW      2       1       109.8   -1.4    20690
03      -0.8    -3.1    -1.9    1001.4  994.2   998.6   24.2    259     9.8     W       0.3     7       116.8   -1.4    20690
04      3.4     -2.6    0.4     995.3   980.4   987.5   29      171     11.8    SE      0       0       113.8   -1.1    20690
05      4.3     -1.2    1.4     980.9   976.1   978     34      127     10.1    SE      3.6     0       111.2   -1      20690
06      2.3     -4.7    -0.4    981.6   970.6   977.7   46.7    23      16.3    NNE     4.3     4       115.2   -1.1    20690
07      1.2     -3      -1      972.6   967.6   969.7   31.3    20      17.6    NW      0.3     0       115     -1.1    20690
08      0.1     -3.4    -1.5    971.2   957.5   966.9   39.4    10      16.1    WNW     0.8     1       115.6   -1.2    20690
09      1.6     -1.4    0       957.6   929.3   938.9   49      52      26.5    NNW     3.8     1       116.8   -1.1    20690
10      -0.8    -3.5    -2.4    975.3   945.6   961.1   47.9    339     10.8    NNW     0.8     15      131.8   -1.2    20690
11      1.4     -4.8    -1      975.6   963.6   970.6   38.3    44      20.1    NE      1       0       130.8   -1.1    20690
12      1.8     -2.8    -0.4    974.1   963.1   967     26.3    71      7.4     NE      0.3     0       130     -0.9    11690
13      -1.9    -4      -2.8    981.6   973     976.8   32.4    245     12.2    WSW     0       0       128.2   -0.9    11690
14      -1.6    -5      -3.1    981.6   971     978     29.2    3       9.5     NNE     0.8     1       129.6   -1      11690
15      -1.9    -4.3    -3.5    981.5   966.7   974.6   35.3    222     11.3    WSW     0.8     5       134.2   -1      11690
16      -0.3    -5.8    -3.7    989.8   971.7   982     48.4    32      20.2    WSW     1.8     0       134.6   -1.1    11690
17      0.2     -3.7    -2.4    979.1   959.4   964.9   56.1    7       32.3    NNW     20.6    1       135.4   -1.1    11690
18      0       -3.2    -1.4    972.1   957.3   967.3   58.9    26      26      NW      6.4     0       135.8   -1.1    11690
19      0.1     -5.1    -2.3    969.6   955.8   964.7   43.1    250     18.3    WSW     1.5     2       137     -1.1    11690
20      -1.7    -5.2    -3.1    966.9   962.4   965     35.4    345     13.9    NNW     0.8     3       140.4   -1.2    21661
21      -2.7    -5.8    -4.1    964.2   962.9   963.4   20.7    278     7       NNE     0.5     10      150.4   -1.4    21661
22      -1.4    -5.5    -3.9    978.5   963.6   969.7   30.3    250     11.1    N       0       0       147.6   -1.4    21661
23      -0.3    -5.5    -2.7    986.5   978.4   982.4   47.2    20      19.1    NNW     1.8     0       145.4   -1.5    21661
24      0.6     -3.1    -1      988.4   982.6   986.2   41.8    40      19      NE      0       0       143     -1.3    21661
25      0.7     -1.9    -0.8    991.4   981     985.9   28.8    130     6.7     NNW     2.8     6       149.4   -1      11690
26      0.7     -2.6    -1.1    991.6   970     983     46.4    93      14.3    E       0       0       149.2   -0.8    11690
27      0.9     -1.9    -0.5    970     961.6   964.8   44.2    98      27.6    ESE     0       0       143.2   -0.7    11690
28      2.4     -2.2    -0.7    969.2   962     966     34.9    134     15.8    ESE     0       0       140.8   -0.6    11690
29      -0.9    -3.9    -2.4    975.7   969.2   972     22.4    129     3.7     NE      0       0       140.6   -0.5    11690
30      0.1     -2.4    -1.4    990.7   975.6   986.9   29.3    134     11.2    WSW     0       0       140     -0.5    11690
31      1.2     -3.1    -1.4    990.6   962     975.7   37.4    31      13.8    NNE     0.3     0       139.6   -0.5    11690
