******************************************************************************
Palmer Station Weather Highlights:       May, 2022

        Temperature:    Abs Max:   9 C                    Day: 21
                        Abs Min:   -7.2 C                         Day: 26
                            Avg:   -.7 C

        Pressure:       Abs Max:   1015.9 mb              Day: 17
                        Abs Min:   961.7 mb               Day: 4
                            Avg:   987.8 mb

        Wind:             Peak:    69 kts                         Day: 16
                           Avg:    12.1 kts
                        Days Prevailing:
                                             NNE : 6
                                             N : 4
                                             NE : 4
                                             NNW : 3
                                             SW : 3
                                             SE : 3
                                             WNW : 2
                                             ESE : 1
                                             SSW : 1
                                             SSE : 1
                                             E : 1
                                             ENE : 1
                                             WSW : 1
                                             W : 0
                                             NW : 0
                                             S : 0


        Precipitation: Rainfall:      90.2 mm                     YTD:    353.1 mm
                           Snow:      47 cm                       YTD:     cm
        Maximum Snowstake Depth:      27 cm                       Day: 26

============================= Daily Weather Data =============================
Column Titles:
        1. Day                         9. Wind 5-Sec Peak Direction
        2. Temperature High    (C)    10. Wind Average               (knots)
        3. Temperature Low     (C)    11. Wind Prevailing Direction
        4. Temperature Average (C)    12. Rainfall                   (mm)
        5. Pressure High      (mb)    13. Precipitation Snow         (cm)
        6. Pressure Low       (mb)    14. Depth at Snowstake         (cm)
        7. Pressure Average   (mb)    15. Sea Surface Temperature    (C)
        8. Wind 5-Sec Peak (knots)    16. Sea Ice                    (WMO code)

01      3.4     -2.5    0.5     1000.2  987.4   992     31.4    31      8.7     SSE     0.3     0       12      -1.2    20690
02      4       -1.3    1.1     990.5   967.6   980.1   51.3    36      16.4    NE      0.3     0       11.2    -1.2    0/6/0
03      1.7     -1.8    0.4     968.4   963.3   965.5   52.8    44      30.6    NE      7.1     9       20      -1.2    0/6/0
04      0.6     -3.3    -1.8    967.4   961.7   964.5   59.2    39      22.5    E       0       0       17      -1.2    0/6/0
05      1.3     -2.6    -0.6    970.9   964.8   967.2   50.8    32      23.8    NNE     0       0       14.6    -1.2    0/6/0
06      1.1     -2.1    -0.7    979.8   965.1   972     29.3    315     13.5    N       0.5     3       17.6    -1.2    0/6/0
07      -0.9    -5.8    -3.2    983.5   976.4   981.3   25      119     5.5     SE      0       1       18.8    -1.2    20690
08      -1      -3.3    -1.9    979.8   974.3   976.3   30.9    83      6.8     N       0       0       17.6    -1.2    20690
09      -1.8    -4.9    -3.7    992.4   979.8   984.7   36.3    37      15.6    NNE     0       4       21.8    -1.2    20690
10      3       -6      -2.7    996.7   987.5   993.3   57.9    27      14.9    NE      0.3     1       23.2    -1.2    20690
11      3.3     0.4     1.9     988.7   976.8   982.1   47.3    39      24.8    NNW     13.5    0       15.4    -1.2    0/6/0
12      1.8     0.7     1.2     1005.5  988.7   997     28.4    324     17.8    NNW     0.8     0       14      -1.2    0/6/0
13      6.3     0.8     2.7     1009.6  1002.4  1006.7  35.6    129     13.2    NNE     0       0       13      -0.5    0/6/0
14      6.1     1.5     3.8     1002.7  994.3   997.7   41.2    35      12      ENE     1       0       6.4     -0.5    0/6/0
15      4.1     -1.7    0.8     1007.1  994.3   1001    32.4    44      9.7     WNW     1.8     2       8.2     -0.5    0/6/0
16      4.2     -1.3    1.3     1000.5  975     985.6   68.5    37      33.2    N       43.9    0       6.6     -0.5    0/6/0
17      0.1     -1.2    -0.5    1015.9  996.5   1011    41.4    234     10.4    SW      0       1       8       -0.5    0/6/0
18      4.6     -2      0.9     1010.1  994     999.3   26.2    119     8.2     SE      1.3     1       8.8     -0.5    0/6/0
19      3.9     -0.1    1.1     999.6   994.9   997.1   21.7    339     6.9     NNW     0.8     0       6.4     -0.5    20690
20      6.2     0.6     3.3     996.5   992.1   994.1   58.2    19      15.6    NNE     5.6     0       2.2     -0.5    20690
21      9       0.5     3.8     992.2   982.2   986     42.6    48      8.1     SE      0.8     0       1.6     -0.5    0/6/0
22      0.5     -1.6    -0.3    988.7   979.3   982.2   16.3    288     4.4     WNW     11.7    20      21.6    -0.5    20690
23      -1.6    -4.4    -3.1    989.6   981.8   986.2   14.9    223     4.8     SW      0       2       24      -0.5    20690
24      -1      -4.1    -2.6    982     969.1   975.3   31.4    226     8.2     WSW     0.3     1       24.6    -0.5    20690
25      -1.9    -5.6    -3.6    982.4   970.6   977.8   23.7    222     9.2     SW      0.3     0       24.8    -0.5    20690
26      -3.2    -7.2    -5.1    985.4   974.4   979.7   27.2    117     8.8     ESE     0.3     2       27      -0.5    20690
27      -3.6    -5.9    -4.7    994.2   985.2   988.8   21.9    222     7.4     SSW     0       0       24.8    -0.9    20690
28      -2.4    -6      -4.4    999     994     995.5   18.6    150     4       NE      0       0       23.6    -0.9    20690
29      -1.8    -3.9    -2.7    999.2   996.4   998.1   9.3     11      4.1     NNE     0       0       22.6    -1.3    20690
30      1       -3.2    -1.7    1003.3  996.7   999.8   8.8     257     2       NNE     0       0       21.8    -1.4    20690
31      -0.2    -3.2    -1.9    1006.7  1001.6  1004.7  10.4    115     4       N       0       0       21.8    -1.5    20690
