********************************************************************************
Palmer Station Weather Highlights:       October 2010        

	Temperature:    Abs Max:     8.3 C          Day: 27                        
		        Abs Min:    -5.5 C          Day: 13                            
			    Avg:    -0.2 C                        
			Avg Max:     2.0 C                        
			Avg Min:    -1.8 C        

	Pressure:       Abs Max:  1008.0 mb         Day: 26                        
			Abs Min:   954.7 mb         Day: 9                            
			    Avg:   980.6 mb                        
			Avg Max:   986.4 mb                        
			Avg Min:   973.6 mb        

	Wind:             Peak:       73 kts        Day: 7                           
			   Avg:       18 kts                        
	       Days Prevailing:      N: 10                                             
				    NE: 11                                              
				     E: 0                                             
				    SE: 2                                              
				     S: 0                                             
				    SW: 1                                              
			 	     W: 5                                             
				    NW: 2        

	Precipitation:  Melted:     86.3 mm         YTD:   513.3 mm                          
			  Snow:       28 cm         YTD:     266 cm                
	Maximum Snowstake Depth:      76 cm Day: 1


============================== Daily Weather Data==============================
Column Titles:        
1. Day                         9. Wind 2-Min Peak            (knots)        
2. Temperature High    (C)    10. Wind 2-min Peak Direction(degrees)        
3. Temperature Low     (C)    11. Wind Average               (knots)        
4. Temperature Average (C)    12. Wind Prevailing Direction        
5. Pressure High      (mb)    13. Precipitation Melted          (mm)        
6. Pressure Low       (mb)    14. Precipitation Snow            (cm)        
7. Pressure Average   (mb)    15. Depth at Snowstake            (cm)        
8. Wind 5-Sec Peak (knots)    16. Sea Temp/Ice            (WMO code) 

 1  -0.1  -3.4  -2.4  994.1  966.6  983.2 26 22 241 12 W   0.8  1  76  0101720600 
 2   3.0  -3.0  -1.1  995.4  990.8  993.3 18 15 321  6 NW  0.3  0  75  0101620600 
 3   1.1  -3.2  -1.4  991.5  988.1  989.4  8  6 103  2 SE  0.0  0  75  010140/6/0 
 4   0.7  -2.8  -0.9  996.5  991.4  993.5 45 36 026 11 NE  0.0  0  74  010140/6/0 
 5   3.1  -2.1  -1.0 1001.1  996.4  999.7 38 32 036  7 N   0.0  0  69  010120/6/0 
 6   5.0   1.1   3.3  998.6  986.5  994.8 72 51 034 32 NE  0.8  0  63  010120/6/0 
 7   3.0   0.2   1.4  993.6  983.6  990.2 73 49 032 25 N   1.0  0  60  010100/6/0 
 8   3.4   0.4   1.7  983.7  969.4  975.4 55 42 034 26 NE  0.3  0  60  010110/6/0 
 9   2.4  -0.3   1.2  969.8  954.7  961.5 70 55 021 28 N  26.2  0  60  010110/6/0
10   0.9  -3.3  -0.5  964.5  957.9  960.1 45 32 356 20 N   1.5  0  60  010160/6/0
11  -0.2  -5.1  -2.8  975.2  961.7  970.0 48 40 004 19 N   1.0  1  61  010150/6/0
12  -0.1  -2.4  -1.4  968.5  960.6  964.4 32 24 051 12 NE  5.3  3  64  010160/6/0
13  -1.6  -5.5  -3.7  985.0  968.6  976.9 32 26 259 18 W   0.5  5  63  010160/6/0
14   0.3  -4.0  -2.9  992.3  977.4  988.4 44 33 040 14 W   0.0  1  62  010140/6/0
15   2.8  -2.2   0.4  979.8  959.0  970.6 71 42 025 20 NE  1.8  0  61  010140/6/0
16   1.8  -2.1  -0.6  997.7  964.3  988.1 50 41 029 21 W   1.0  0  61  010120/6/0
17   2.7   0.7   1.8  991.6  972.4  981.6 57 47 036 31 NE 14.2  0  60  010120/6/0
18   3.9   0.8   2.2  972.5  965.2  969.7 67 50 037 33 NE 15.0  0  54  010120/6/0
19   3.2   0.9   2.3  965.3  959.0  961.6 53 41 048 25 NE  2.0  0  48  010090/6/0
20   3.1  -0.3   1.6  967.9  962.5  966.0 38 31 018 23 NE  0.8  1  39  010080/6/0
21   1.7  -1.2  -0.1  978.4  966.2  971.3 27 23 021  4 SE  0.3  1  34  010090/6/0
22   3.2  -1.1   0.7  978.7  969.7  974.2 56 42 028 16 NE  0.0  0  34  010070/6/0
23   1.5  -0.4   0.4  977.8  971.2  974.3 39 29 015 20 N   0.8  0  34  010090/6/0
24   0.8  -1.4  -0.4  981.5  974.1  977.6 41 31 352 21 NW  0.3  0  34  010150/6/0
25  -0.7  -2.7  -1.4 1001.3  981.5  987.7 26 21 309 13 W   1.8  9  43  010160/6/0
26   1.6  -1.9  -0.9 1008.0  996.4 1005.0 27 21 059 10 N   0.0  0  42  010150/6/0
27   8.3  -0.1   3.9  996.6  984.1  988.5 63 42 022 25 N   6.6  0  34  010070/6/0
28   3.4  -3.5  -2.0 1000.0  984.6  994.5 30 21 010 11 SW  1.3  2  23  010080/6/0
29   2.2  -4.9  -2.5  999.8  978.4  990.7 49 38 029 10 NE  0.0  0  20  010080/6/0
30   0.7  -2.9  -0.8  980.8  971.5  978.0 51 42 032 24 N   2.0  0  20  010140/6/0
31   0.2  -0.2   0.0  991.4  969.1  979.9 43 31 010 19 N   1.0  4  24  010150/6/0
