********************************************************************************
Palmer Station Weather Highlights:       April 2010

        Temperature:    Abs Max:     6.6 C          Day: 4
                        Abs Min:    -8.6 C          Day: 26
                            Avg:    -0.8 C
                        Avg Max:     1.1 C
                        Avg Min:    -2.7 C

        Pressure:       Abs Max:  1005.7 mb         Day: 10
                        Abs Min:   961.0 mb         Day: 15
                            Avg:   982.7 mb
                        Avg Max:   988.7 mb
                        Avg Min:   976.3 mb

        Wind:             Peak:       60 kts        Day: 4
                           Avg:       11 kts
                        Days Prevailing:      N: 6
                                             NE: 6
                                              E: 3
                                             SE: 5
                                              S: 1
                                             SW: 5
                                              W: 3
                                             NW: 1

        Precipitation:  Melted:    112.5 mm         YTD:   201.2 mm
                          Snow:       63 cm         YTD:      97 cm
                Maximum Snowstake Depth:      38 cm Day: 30


============================== Daily Weather Data ==============================
Column Titles:
        1. Day                         9. Wind 2-Min Peak            (knots)
        2. Temperature High    (C)    10. Wind 2-min Peak Direction  (degrees)
        3. Temperature Low     (C)    11. Wind Average               (knots)
        4. Temperature Average (C)    12. Wind Prevailing Direction
        5. Pressure High      (mb)    13. Precipitation Melted       (mm)
        6. Pressure Low       (mb)    14. Precipitation Snow         (cm)
        7. Pressure Average   (mb)    15. Depth at Snowstake         (cm)
        8. Wind 5-Sec Peak (knots)    16. Sea Temp/Ice               (WMO code)

 1   3.1  -0.8   0.8  985.1  967.5  974.3 49 35 033 17 W   0.3  0  13 000030/6/0
 2  -0.8  -2.7  -2.1 1002.6  985.1  994.5 30 24 221 14 SW  0.0  0  12 000000/6/0
 3   6.3  -2.4   1.0 1003.1  985.6  997.6 41 32 046 10 SE  0.5  0  10 000030/6/0
 4   6.6   0.2   2.4  988.3  974.7  982.2 60 48 025 12 W  28.5  0   0 000040/6/0
 5   4.3   0.9   2.1  997.9  988.4  993.4 30 22 337 11 N   5.3  8   0 010010/6/0
 6   4.0   0.3   2.1  997.5  981.3  988.6 37 30 021  6 SE  5.3  0   0 000020/6/0
 7   3.6  -1.0   0.3  993.2  981.1  986.9 22 14 199  5 S   6.9  7   7 010000/6/0
 8   3.8  -0.8   2.1  991.6  980.1  984.1 43 35 026 14 N  20.6  0   0 010010/6/0
 9  -0.2  -1.6  -0.8 1002.1  982.8  990.4 25 20 225 11 SW  0.0  0   0 000000/6/0
10   5.2  -2.7   0.4 1005.7  994.0 1001.7 52 38 031 10 NE  2.5  0   0 000190/6/0
11   6.5   0.4   4.1  994.0  975.2  983.6 51 41 036 22 N  11.7  0   0 000040/6/0
12   1.4  -0.8   0.3  993.1  977.4  986.8 31 24 248 12 W   1.5  1   1 000010/6/0
13   2.9   0.6   1.5  996.3  980.8  990.2 46 37 032 16 NE  0.0  1   1 000010/6/0
14   3.0   0.0   1.6  987.4  967.6  982.8 44 34 058 17 N   0.5  0   0 000000/6/0
15   1.6  -1.2   0.5  980.5  961.0  973.3 51 39 027 16 N   0.8  1   1 010040/6/0
16   3.3   0.2   1.6  984.3  975.1  981.5 36 29 028 12 E   0.0  0   0 000030/6/0
17   1.7  -2.1  -0.1  975.1  969.6  971.6 42 29 103 16 E   0.0  0   0 000060/6/0
18   1.1  -2.7  -0.9  978.7  968.9  972.5 31 24 071  7 NW  0.0  0   0 000030/6/0
19  -2.3  -3.6  -2.9  988.8  978.7  983.7 10  8 017  3 N   2.5  5   5 000010/6/0
20  -1.3  -6.4  -3.9  997.4  988.8  993.0 10  8 011  4 NE  0.0  3   6 010010/6/0
21  -1.3  -2.4  -1.8  997.2  992.9  995.0 24 17 238  8 SW  0.0  0   3 000010/6/0
22   1.0  -2.0  -0.8  993.0  971.4  982.1 30 22 036  7 SE  4.3  3   6 010010/6/0
23   0.2  -4.2  -1.5  971.4  966.4  968.9 21 18 335 10 SW  4.1  9  25 010070/6/0
24  -2.9  -6.9  -4.6  978.8  965.0  969.7 34 28 027  9 SE  3.8  7  32 010060/6/0
25  -4.3  -8.5  -6.6  984.1  978.8  982.6 19 17 035  9 E   0.0  1  26 010050/6/0
26  -5.4  -8.6  -7.2  980.4  970.7  973.9 18 15 038  6 NE  0.0  0  23 010050/6/0
27  -3.2  -6.9  -4.4  978.9  972.2  975.6 20 15 236  5 SW  0.0  0  23 010080/6/0
28  -0.7  -5.7  -2.8  978.9  969.0  973.3 24 19 124  8 SE  6.1  1  22 010040/6/0
29  -0.1  -3.0  -1.1  972.0  967.5  969.2 38 32 023 11 NE  5.6 10  32 010180/6/0
30  -3.0  -5.3  -4.2  982.8  971.9  977.1 30 25 024 15 NE  1.8  6  38 010040/6/0