********************************************************************************
Palmer Station Weather Highlights:       July 2010        

	Temperature:    Abs Max:     2.6 C          Day: 18                        
		        Abs Min:   -17.7 C          Day: 29                            
			    Avg:    -4.4 C                        
			Avg Max:    -2.1 C                        
			Avg Min:    -6.8 C        

	Pressure:       Abs Max:  1021.6 mb         Day: 13                        
			Abs Min:   959.5 mb         Day: 18                            
			    Avg:   990.1 mb                        
			Avg Max:   996.7 mb                       
			Avg Min:   983.1 mb        
	
	Wind:             Peak:       64 kts        Day: 26                           
			   Avg:       12 kts                        
 	       Days Prevailing:      N: 7                                             
				    NE: 6                                              
				     E: 2                                             
				    SE: 1                                              
				     S: 2                                             
				    SW: 9                                              
				     W: 1                                             
				    NW: 3       

	Precipitation:  Melted:     57.4 mm         YTD:   378.0 mm                        
			  Snow:       48 cm         YTD:     178 cm               
		Maximum Snowstake Depth:     109 cm Day: 27


============================== Daily Weather Data==============================
Column Titles:        
1. Day                         9. Wind 2-Min Peak          (knots)       
2. Temperature High    (C)    10. Wind 2-min Peak Direction(degrees)        
3. Temperature Low     (C)    11. Wind Average             (knots)       
4. Temperature Average (C)    12. Wind Prevailing Direction        
5. Pressure High      (mb)    13. Precipitation Melted     (mm)        
6. Pressure Low       (mb)    14. Precipitation Snow       (cm)        
7. Pressure Average   (mb)    15. Depth at Snowstake       (cm)        
8. Wind 5-Sec Peak (knots)    16. Sea Temp/Ice             (WMO code)


July 2010 
 1  -3.5  -4.9  -4.1  988.8  982.9  984.6 20 18 038  7 NE  0.0  0  33  010120/6/0 
 2  -4.2  -8.0  -6.2  993.0  986.7  991.2 20 17 027  8 NE  0.0  1  33  010140/6/0 
 3  -3.1  -6.2  -4.6  986.6  979.5  981.6 19 16 237  5 S   0.0  0  33  010150/6/0 
 4  -4.6  -6.9  -5.4  996.9  983.6  989.9 26 22 243 13 SW  0.0  0  34  010170/6/0 
 5  -4.9  -7.2  -6.2 1008.6  997.0 1004.1 12 11 023  6 N   0.0  0  34  010170/6/0 
 6  -4.8  -7.2  -5.8 1011.1 1008.3 1010.2  9  7 053  4 NE  0.0  0  34  010160/6/0 
 7  -0.6  -6.2  -4.1 1010.5  988.2 1003.5 23 18 034  7 E   0.0  0  34  0101620650 
 8   1.9  -2.6  -0.6  988.1  978.8  982.1 43 34 022 12 E   1.5  1  34  0101520650 
 9  -1.1  -3.1  -1.9  978.8  970.8  973.3 23 19 245  7 SW  3.1  8  42  0101420650
10  -2.3  -4.2  -3.1  984.3  972.8  977.2 22 18 243 11 SW  0.0  1  43  0101520650
11  -1.3  -5.4  -3.1  986.6  979.2  982.9 29 23 040  9 SE  3.3  0  43  010160/6/0
12  -3.7  -7.1  -5.7 1011.8  984.6  999.1 32 27 235 12 SW  0.0  0  41  010160/6/0
13  -3.0  -6.8  -5.0 1021.6 1011.8 1018.4 17 14 025  4 NE  0.0  0  41  010160/6/0
14   2.4  -3.7  -0.9 1020.3 1004.4 1013.5 28 21 355  8 NW  9.4  0  40  010150/6/0
15   2.4  -7.1  -3.5 1009.9  993.7 1001.6 48 33 012 20 SW  8.4  5  63  010170/6/0
16  -0.5  -9.2  -4.1 1010.1  978.4  994.7 50 41 020 12 NE  0.5  0  62  0101731650
17   1.0  -2.0  -0.9  994.8  979.2  987.6 33 26 320 17 NW  1.3  0  62  010170/6/0
18   2.6  -2.7   0.7  994.5  959.5  972.5 57 46 041 25 N   5.3  0  59  010140/6/0
19  -2.4  -7.4  -5.4  984.4  959.5  973.9 49 36 345 18 SW  0.0  0  57  010170/6/0
20   1.4  -7.7  -2.9  988.3  972.0  981.0 50 41 035 20 N   2.8  0  57  010160/6/0
21  -3.3  -7.9  -5.7  996.1  981.8  991.3 39 32 276 15 W   0.0  1  61  010160/6/0
22  -2.6  -5.9  -3.7  993.7  990.0  991.4 21 19 274  9 NW  1.0  0  61  010170/6/0
23  -1.0  -5.1  -2.7  997.7  990.5  994.0 32 25 353 10 N   0.5  4  65  0101731650
24   1.1  -1.6  -0.2  994.5  984.5  990.3 38 29 004 18 N   0.5  0  65  0101641650
25   2.6  -4.6  -1.4  988.5  977.3  982.9 40 29 003 13 N   6.1  0  65  0101721650
26   0.6  -3.7  -0.9  987.5  970.3  977.3 64 46 023 18 N   6.4  1  65  0101721650
27  -1.0  -6.5  -4.2  973.4  963.3  966.9 33 27 229 14 SW  7.1 21 109  0101721650
28  -3.5 -14.8  -8.8  982.7  966.4  974.7 46 39 030 21 SW  0.3  5 104  0101742660
29 -12.4 -17.7 -15.1  993.7  977.5  985.8 38 31 230 17 SW  0.0  0  63  0101752660
30 -10.2 -14.4 -12.6 1010.7  993.8 1004.2 17 13 228  6 S   0.0  0  63  0101752660
31  -8.1 -12.2  -9.4 1011.1 1009.2 1010.2 10  8 248  4 NE  0.0  0  63  0101752660
