********************************************************************************
Palmer Station Weather Highlights:       January 2010        

	Temperature:    Abs Max:     6.8 C          Day: 7                        
                        Abs Min:    -2.2 C          Day: 1                            
                            Avg:     1.8 C                        
                        Avg Max:     4.2 C                        
                        Avg Min:     0.3 C        

	Pressure:       Abs Max:  1002.4 mb         Day: 10                        
                        Abs Min:   973.1 mb         Day: 26                            
                            Avg:   989.3 mb                        
                        Avg Max:   992.1 mb                        
                        Avg Min:   986.7 mb        

	Wind:             Peak:       60 kts        Day: 4                           
	                   Avg:        7 kts                        
                        Days Prevailing:      N: 9                                             
					     NE: 7                                              
					      E: 4                                            
					     SE: 1                                              
					      S: 0                                             
					     SW: 3                                              
					      W: 2                                             
					     NW: 5        

	Precipitation:  	Melted:     11.9 mm         YTD:    11.9 mm                          
	                 	  Snow:        0 cm         YTD:       0 cm                
      	       Maximum Snowstake Depth:       0 cm Day: NA


============================== Daily Weather Data==============================
Column Titles:        
1. Day                         9. Wind 2-Min Peak            (knots)        
2. Temperature High    (C)    10. Wind 2-min Peak Direction(degrees)        
3. Temperature Low     (C)    11. Wind Average               (knots)        
4. Temperature Average (C)    12. Wind Prevailing Direction        
5. Pressure High      (mb)    13. Precipitation Melted          (mm)        
6. Pressure Low       (mb)    14. Precipitation Snow            (cm)        
7. Pressure Average   (mb)    15. Depth at Snowstake            (cm)        
8. Wind 5-Sec Peak (knots)    16. Sea Temp/Ice            (WMO code) 

1   1.8  -2.2  -0.4  994.0  992.3  993.4 17 15 239  6 NE  0.0  0   0  010040/6/0 
2   2.0  -0.3   0.5  993.8  991.5  992.3 14 12 226  6 SW  0.0  0   0  010010/6/0 
3   3.6   0.2   1.4  997.7  993.8  996.3 22 17 016  6 N   0.0  0   0  000030/6/0 
4   6.1  -0.1   2.9  995.7  983.8  987.9 60 34 063 13 E   0.0  0   0  000080/6/0 
5   4.8   1.6   2.8  993.3  986.4  990.6 22 15 024  5 N   0.0  0   0  000030/6/0 
6   4.8  -1.4   0.9  999.4  993.4  996.8 20 15 029  6 NW  0.0  0   0  000100/6/0 
7   6.8  -0.7   2.4  999.8  998.3  999.2  8  7 226  3 NE  0.0  0   0  000130/6/0 
8   5.8  -0.7   2.1  999.1  998.1  998.6  9  8 299  3 NE  0.0  0   0  000210/6/0 
9   3.2   0.3   1.5 1001.5  999.1 1000.4 13 11 339  4 N   0.0  0   0  000240/6/0
10   1.5   0.1   0.8 1002.4 1001.5 1002.0 22 19 019 12 N   0.0  0   0  000220/6/0
11   4.8  -0.2   1.7 1001.8 1000.6 1001.1 25 21 023  8 NE  0.0  0   0  000200/6/0
12   5.0  -0.3   2.1 1001.2  999.7 1000.4 13 11 354  5 W   0.0  0   0  000260/6/0
13   4.6  -0.1   0.6 1002.2  999.9 1001.3 22 19 016 10 N   0.0  0   0  000210/6/0
14   1.6  -0.7   0.4  999.9  973.8  987.1 44 30 100 16 E   0.0  0   0  000150/6/0
15   4.2   1.4   2.6  981.3  973.5  976.3 45 28 080 13 E   0.0  0   0  000100/6/0
16   4.3   1.9   3.0  984.8  981.3  983.4 35 29 033 18 NE  0.0  0   0  000100/6/0
17   5.4   3.3   4.0  984.7  978.3  981.5 46 34 042 18 NE  5.3  0   0  000110/6/0
18   4.8   0.7   2.0  985.4  980.1  982.9 20 16 297  3 W   3.1  0   0  000090/6/0
19   5.7   0.2   2.4  985.6  982.5  983.7 24 18 018  4 SE  0.3  0   0  000090/6/0
20   4.0   1.4   2.7  988.7  983.0  985.7 27 23 025  7 N   0.0  0   0  000060/6/0
21   4.3   0.1   1.8  988.6  981.9  985.4 10  8 333  3 NW  0.0  0   0  000090/6/0
22   6.1   1.0   2.2  982.0  978.6  979.6 15 12 181  4 NW  0.0  0   0  000040/6/0
23   3.4   0.6   1.9  981.4  978.3  979.1 13 11 211  6 NW  0.0  0   0  000070/6/0
24   3.0   0.8   1.3  990.9  981.3  986.3 25 21 231 13 SW  0.0  0   0  000100/6/0
25   3.7   0.5   1.4  990.8  979.5  985.9 21 18 232  7 SW  0.0  0   0  000100/6/0
26   6.4  -0.1   2.1  979.5  973.1  975.4 26 19 072  7 E   0.3  0   0  000140/6/0
27   4.9   0.7   2.3  984.0  976.2  980.1 17 13 102  4 N   0.0  0   0  000000/6/0
28   3.2   0.7   1.9  989.2  984.0  987.2 17 15 019  4 N   0.0  0   0  000070/6/0
29   2.4   0.0   1.0  992.9  989.0  990.7 19 16 341  4 NW  2.8  0   0  000070/6/0
30   1.8   0.1   0.8  993.0  989.7  991.1 19 16 018  5 N   0.3  0   0  000010/6/0
31   4.9  -0.7   1.4  989.7  983.7  986.8 21 15 069  3 NE  0.0  0   0  000110/6/0
