********************************************************************************
Palmer Station Weather Highlights:       June 2010        

	Temperature:    Abs Max:     4.7 C          Day: 2                        
		   	Abs Min:   -11.6 C          Day: 17                            
			Avg:    -1.8 C                        
			Avg Max:     0.5 C                        
			Avg Min:    -4.0 C        

	Pressure:       Abs Max:  1011.7 mb         Day: 19                        
			Abs Min:   956.7 mb         Day: 13                            
			Avg:   983.5 mb                        
			Avg Max:   989.1 mb                        
			Avg Min:   978.3 mb        

	Wind:             Peak:       81 kts        Day: 13                           
			   Avg:       15 kts                        
 	       Days Prevailing:      N: 10                                             
				    NE: 13                                              
				     E: 3                                             
 				    SE: 0                                              
				     S: 0                                             
				    SW: 2                                              
				     W: 1                                             
				    NW: 1        

	Precipitation:  Melted:     50.3 mm         YTD:     0.0 mm                          
			  Snow:        4 cm         YTD:       0 cm                
		Maximum Snowstake Depth:      37 cm Day: 10


============================== Daily Weather Data==============================
Column Titles:        
1. Day                         9. Wind 2-Min Peak          (knots)        
2. Temperature High    (C)    10. Wind 2-min Peak Direction(degrees)       
3. Temperature Low     (C)    11. Wind Average             (knots)       
4. Temperature Average (C)    12. Wind Prevailing Direction     
5. Pressure High      (mb)    13. Precipitation Melted     (mm)        
6. Pressure Low       (mb)    14. Precipitation Snow       (cm)        
7. Pressure Average   (mb)    15. Depth at Snowstake       (cm)        
8. Wind 5-Sec Peak (knots)    16. Sea Temp/Ice             (WMO code)


June 2010 
 1   4.3  -1.0   1.0  987.7  978.0  982.2 42 32 026 15 N   6.4  0  32 010100/6/0 
 2   4.7  -1.7   0.7  983.6  966.7  975.1 48 36 043 21 N   4.1  0  30 010060/6/0 
 3   2.2  -2.8   0.2  985.8  981.0  983.3 71 46 027 29 N   8.4  0  30 010080/6/0 
 4   2.7  -3.7  -1.8  986.2  983.9  985.1 33 28 030  8 NE  1.0  1  34 01012216/0 
 5  -1.3  -4.9  -2.9  990.0  985.4  988.6 22 19 305  7 W   0.0  0  34 01010216/0 
 6  -2.4  -5.1  -3.7  997.1  989.4  992.7 12 10 019  4 NE  0.0  0  34 010120/6/0 
 7   1.9  -4.5  -1.2  999.5  995.3  998.0 45 35 023 14 NE  0.0  0  34 010120/6/0 
 8   2.7   0.2   1.4  997.1  987.3  993.3 48 39 023 22 N   8.1  0  33 010090/6/0 
 9   1.6  -4.6  -1.8  987.9  975.9  981.0 57 41 351 23 N   2.0  0  33 010140/6/0
10   1.3  -4.1  -0.7  991.4  974.4  982.6 62 50 036 22 NE  8.1  1  37 01009216/0
11   4.4   0.0   1.5  983.2  975.1  980.5 53 42 030 25 N   1.3  0  31 01010216/0
12   2.8  -5.0  -2.0  978.2  969.3  973.4 55 44 020 22 N   7.6  0  31 010120/6/0
13  -0.6  -5.2  -2.7  977.2  956.7  963.2 81 49 036 27 NE  0.5  0  36 010080/6/0
14  -3.0  -4.9  -3.8  989.0  963.0  974.6 29 25 246 15 NW  1.0  0  37 010160/6/0
15  -2.3  -4.5  -3.9 1002.2  989.0  998.7 28 24 235 13 SW  0.0  0  36 010140/6/0
16  -0.3  -9.2  -5.1 1000.0  986.9  991.9 43 35 023 20 NE  0.3  0  35 010140/6/0
17  -7.7 -11.6  -9.3  990.6  985.2  986.5 25 19 119  8 SW  0.0  0  35 010090/6/0
18  -2.8  -9.0  -5.4 1007.4  990.7 1000.0 27 21 122 12 E   0.0  0  35 010110/6/0
19  -2.7  -5.1  -3.8 1011.7 1007.2 1009.8 16 11 188  5 NE  0.0  0  35 010150/6/0
20  -2.1  -5.1  -3.6 1010.6  998.8 1005.0 15 11 247  5 N   0.0  0  35 010130/6/0
21   0.9  -3.0  -0.6  998.8  984.4  992.1 34 28 024 16 NE  0.3  0  35 010120/6/0
22   2.4  -0.6   0.4  984.6  970.1  974.7 43 35 030 15 NE  0.0  0  34 010100/6/0
23   3.5  -0.1   1.5  976.8  971.6  974.4 42 32 042 19 N   0.5  0  35 010100/6/0
24   2.1  -2.4   0.0  973.4  966.4  968.3 47 32 078 16 E   0.0  0  34 010060/6/0
25  -0.5  -4.0  -1.7  984.5  970.2  978.8 39 31 034  9 NE  0.0  0  34 010080/6/0
26   2.2  -4.0  -0.5  984.8  973.3  979.6 46 36 025 13 E   0.0  0  33 010060/6/0
27   1.0  -4.1  -2.3  982.7  977.5  980.5 23 20 022  5 NE  0.8  2  35 010100/6/0
28   1.1  -2.9  -0.3  978.6  965.7  970.6 45 37 030 23 NE  0.0  0  34 010090/6/0
29   0.5  -2.4  -1.5  968.4  961.8  964.1 33 28 028 10 N   0.0  0  33 010100/6/0
30  -1.7  -4.6  -2.6  982.9  968.4  977.1 19 17 037  8 NE  0.0  0  33 010100/6/0
