********************************************************************************
Palmer Station Weather Highlights:       February 2010        

	Temperature:    Abs Max:     6.3 C          Day: 14                        
			Abs Min:    -1.0 C          Day: 8        
                        Avg:         1.8 C                        
		        Avg Max:     3.9 C                        
		        Avg Min:     0.4 C   
		   
		       
	Pressure:       Abs Max:  1009.9 mb         Day: 14                       
			Abs Min:   963.2 mb         Day: 28     
		        Avg:   993.0 mb                      
			Avg Max:   996.5 mb                       
			Avg Min:   989.7mb        
				      
	Wind:             Peak:       48 kts        Day: 26                           
			  Avg:         6 kts                        
			Days Prevailing:      N: 7                                        
					     NE: 6                                              
					      E: 4                                    
					     SE: 2                                              
				 	      S: 1                            
					     SW: 5                                              
					      W: 2            
					     NW: 1        
								      
	Precipitation:   Melted:     42.2 mm         YTD:    54.1 mm                          
			   Snow:        0 cm         YTD:       0 cm                
			   Maximum Snowstake Depth:       0 cm Day: NA


============================== Daily Weather Data==============================
Column Titles:        
1. Day                         9. Wind 2-Min Peak           (knots)        
2. Temperature High    (C)    10. Wind 2-min PeakDirection(degrees)        
3. Temperature Low     (C)    11. Wind Average              (knots)        
4. Temperature Average (C)    12. Wind Prevailing Direction        
5. Pressure High      (mb)    13. Precipitation Melted         (mm)        
6. Pressure Low       (mb)    14. Precipitation Snow           (cm)        
7. Pressure Average   (mb)    15. Depth at Snowstake           (cm)        
8. Wind 5-Sec Peak (knots)    16. Sea Temp/Ice           (WMO code) 

 1   4.9   0.3   1.8  989.4  983.5  986.0 11 10 332  3 N   0.8  0   0  000110/6/0 
 2   5.8   1.2   2.4  992.1  989.4  990.8 11  9 339  3 N   0.0  0   0  000010/6/0 
 3   2.1   0.0   0.9  993.6  991.0  992.8  8  6 282  2 N   3.6  0   0  000120/6/0 
 4   4.2  -0.5   1.6  991.1  986.3  988.1 20 14 102  4 N   0.0  0   0  000120/6/0 
 5   3.9   0.4   2.1  995.9  986.8  990.0 27 18 072 11 E   0.0  0   0  000130/6/0 
 6   4.4  -0.6   1.5 1003.3  996.0 1000.9 19 17 055  4 NE  0.0  0   0  000130/6/0 
 7   4.7  -0.6   1.3 1003.2  994.2  999.3 20 18 026  5 NE  0.0  0   0  000160/6/0 
 8   3.9  -1.0   1.1  994.2  985.0  989.4 12 11 023  4 NE  0.0  0   0  000120/6/0 
 9   5.0   1.3   3.3  985.2  979.7  982.1 42 33 118 13 E   0.0  0   0  000110/6/0
10   5.4   1.5   3.0  980.0  974.3  976.7 36 25 119 14 E   0.0  0   0  000110/6/0
11   3.7   1.4   2.5  982.4  972.4  975.8 26 20 118  7 SE  0.0  0   0  000120/6/0
12   5.3   0.3   2.0  999.2  982.5  991.1  9  7 012  3 N   0.0  0   0  000080/6/0
13   3.4   0.4   1.8 1008.5  999.3 1004.9  8  8 235  3 NE  0.0  0   0  000080/6/0
14   6.3  -0.1   2.1 1009.9 1008.5 1009.0  9  8 244  3 NE  0.0  0   0  000050/6/0
15   6.1   0.5   2.1 1009.0 1006.9 1007.5 12  9 215  4 S   0.0  0   0  000110/6/0
16   3.9   1.7   2.5 1007.9 1001.5 1005.7 18 16 338  7 N   6.1  0   0  000100/6/0
17   3.6   0.9   1.8 1001.5  999.0 1000.1 22 17 352 11 W   7.9  0   0  000030/6/0
18   2.2   1.1   1.6 1000.9 1000.0 1000.4 14 13 234  6 SW  0.0  0   0  000100/6/0
19   2.9   0.9   1.6 1000.8  996.7  998.5 18 15 229 10 SW  1.3  0   0  000140/6/0
20   1.8   0.9   1.3 1000.9  996.8  998.3 21 17 225  9 SW  0.0  0   0  000140/6/0
21   3.7  -0.9   1.3 1004.9 1000.8 1003.4 17 14 013  4 NE  0.0  0   0  000140/6/0
22   2.8  -0.1   0.9 1002.1  998.5  999.7 10  9 353  3 W   0.3  0   0  000080/6/0
23   2.6   0.3   1.1 1003.8 1000.6 1002.7 11  9 122  3 N   0.0  0   0  000110/6/0
24   3.7   0.8   2.0 1000.6  984.8  990.9 20 15 214  5 SE 12.2  0   0  000140/6/0
25   2.7   0.5   1.5  996.2  983.4  993.2 18 15 236  7 SW  0.0  0   0  000170/6/0
26   3.9   0.7   2.1  983.4  973.4  976.5 48 39 034 12 NW 10.2  0   0  000130/6/0
27   3.4   0.4   1.5  984.1  976.8  981.0 25 23 242  7 SW  0.0  0   0  000120/6/0
28   3.6  -0.2   1.4  978.8  963.2  969.7 40 28 121 14 E   0.0  0   0  000120/6/0
