********************************************************************************
Palmer Station Weather Highlights:       September 2010        

	Temperature:    Abs Max:     3.9 C          Day: 18                        
		        Abs Min:   -10.8 C          Day: 5                            
			    Avg:    -2.3 C                        
			Avg Max:    -0.1 C                        
			Avg Min:    -4.5 C        

	Pressure:       Abs Max:  1016.8 mb         Day: 8                        
			Abs Min:   960.0 mb         Day: 4                            
			    Avg:   988.1 mb                        
			Avg Max:   993.6 mb                        
			Avg Min:   982.0 mb       

	Wind:             Peak:       68 kts        Day: 14                          
			   Avg:       13 kts                        
		Days Prevailing:      N: 6                                             
				     NE: 9                                              
				      E: 6                                            
				     SE: 3                                             
				      S: 0                                            
				     SW: 3                                              
				      W: 2                                             
				     NW: 1        

	Precipitation:  Melted:     30.7 mm         YTD:   427.0 mm                          
			  Snow:       36 cm         YTD:     238 cm                
		Maximum Snowstake Depth:      87 cm Day: 10


============================== Daily Weather Data==============================
Column Titles:        
1. Day                         9. Wind 2-Min Peak             (knots)        
2. Temperature High    (C)    10. Wind 2-min Peak Direction (degrees)        
3. Temperature Low     (C)    11. Wind Average                (knots)        
4. Temperature Average (C)    12. Wind Prevailing Direction         
5. Pressure High      (mb)    13. Precipitation Melted           (mm)        
6. Pressure Low       (mb)    14. Precipitation Snow             (cm)        
7. Pressure Average   (mb)    15. Depth at Snowstake             (cm)        
8. Wind 5-Sec Peak (knots)    16. Sea Temp/Ice             (WMO code) 

 1   0.3  -9.6  -6.2  995.5  979.3  991.1 44 27 138  7 SE  0.0  0  66 0101721650 
 2   1.1  -3.5  -1.0  979.9  972.6  974.5 41 34 023 12 N   2.3  0  65 010160/6/0 
 3  -0.8  -4.8  -2.7  978.5  969.8  973.9 34 28 276 13 N   2.5  7  72 0101721650 
 4  -2.8  -6.7  -4.5  976.5  960.0  970.3 40 28 108 13 E   0.3  1  66 0101721650 
 5  -5.9 -10.8  -8.1  985.7  963.0  972.9 31 25 236 12 E   4.8  3  83 010160/6/0 
 6  -8.2 -10.6  -9.7 1003.7  985.8  997.4 30 25 237 11 SW  0.0  0  79 0101651650 
 7  -3.7  -9.0  -5.7 1013.1  995.0 1003.1 21 17 249  8 SW  0.3  1  79 0101671650 
 8  -4.3  -8.5  -6.7 1016.8 1012.9 1015.7 10  8 356  3 N   0.0  0  76 0101671650 
 9  -2.3  -8.3  -6.1 1016.5 1011.3 1014.8 11  9 148  3 NE  0.0  0  75 0101671650
10   1.5  -4.6  -2.0 1011.6 1004.5 1006.9 11  8 147  3 SE  9.7 14  87 0101672650
11  -0.2 -10.6  -5.3 1010.0 1005.3 1008.4 28 23 031  3 NE  0.0  0  84 0101772650
12   2.3  -2.7   0.6 1005.4  998.8 1001.9 52 42 017 23 N   0.0  0  74 0101821650
13   3.0  -0.7   1.2  999.6  982.9  992.7 61 48 029 38 NE  0.5  0  68 0101721650
14   1.9  -1.4   0.1  986.7  981.0  984.5 68 56 026 20 N   2.3  2  68 0101521650
15   1.1  -1.5   0.1  987.1  982.0  984.4 42 35 026 22 NE  0.3  0  68 010140/6/0
16   2.4  -3.1  -0.4  982.5  971.1  976.3 43 32 075 13 E   0.0  0  68 010130/6/0
17   0.6  -3.2  -1.6  991.3  978.0  987.8 36 31 048  7 N   0.0  0  67 010140/6/0
18   3.9  -1.5   1.4  987.9  972.7  980.6 45 38 024 20 E   0.0  0  67 010140/6/0
19   2.3  -0.7   1.3  974.2  965.2  970.0 47 38 035 27 NE  0.0  0  66 010140/6/0
20   0.4  -1.9  -0.6  973.6  965.8  969.2 48 38 031 23 NE  0.0  1  67 010130/6/0
21  -0.6  -3.7  -2.1  984.4  973.7  978.7 19 14 016  4 W   0.0  0  67 010130/6/0
22  -3.7  -5.4  -4.6  988.5  984.4  987.1 14 13 024  4 SW  0.0  0  67 010140/6/0
23  -1.1  -5.7  -2.9  984.6  962.0  969.8 42 27 098 14 E   0.0  0  67 010140/6/0
24  -1.5  -4.0  -2.7  985.9  968.1  977.2 23 17 032  7 E   0.0  0  67 010140/6/0
25  -1.7  -3.6  -2.4 1003.5  985.9  995.1 14 12 248  6 W   0.0  0  67 010160/6/0
26   1.6  -2.5  -0.8 1004.7  999.2 1002.1 57 37 032 19 NE  1.0  0  67 010150/6/0
27   3.8  -1.5   0.1 1002.1  994.5 1000.3 29 19 136  4 SE  0.8  2  69 010140/6/0
28   3.1  -1.4   1.4  994.8  983.9  987.3 51 41 026 22 NE  1.3  0  68 010140/6/0
29   1.1  -3.2  -1.4  994.8  987.2  992.1 33 27 021 11 NW  3.3  5  75 010160/6/0
30   2.4  -0.4   1.0  990.0  965.4  977.6 38 29 028 21 NE  1.5  0  75 010150/6/0
