********************************************************************************
Palmer Station Weather Highlights:       May 2010

        Temperature:    Abs Max:     5.2 C          Day: 24
                        Abs Min:    -9.1 C          Day: 5
                            Avg:    -1.5 C
                        Avg Max:     0.3 C
                        Avg Min:    -3.5 C

        Pressure:       Abs Max:  1006.9 mb         Day: 11
                        Abs Min:   942.9 mb         Day: 27
                            Avg:   982.9 mb
                        Avg Max:   989.2 mb
                        Avg Min:   976.3 mb

        Wind:             Peak:       63 kts        Day: 21
                           Avg:       13 kts
                        Days Prevailing:      N: 13
                                             NE: 7
                                              E: 4
                                             SE: 0
                                              S: 0
                                             SW: 4
                                              W: 1
                                             NW: 2

        Precipitation:  Melted:     69.1 mm         YTD:     0.0 mm
                          Snow:       29 cm         YTD:       0 cm
                Maximum Snowstake Depth:      41 cm Day: 3


============================== Daily Weather Data ==============================
Column Titles:
        1. Day                         9. Wind 2-Min Peak            (knots)
        2. Temperature High    (C)    10. Wind 2-min Peak Direction  (degrees)
        3. Temperature Low     (C)    11. Wind Average               (knots)
        4. Temperature Average (C)    12. Wind Prevailing Direction
        5. Pressure High      (mb)    13. Precipitation Melted       (mm)
        6. Pressure Low       (mb)    14. Precipitation Snow         (cm)
        7. Pressure Average   (mb)    15. Depth at Snowstake         (cm)
        8. Wind 5-Sec Peak (knots)    16. Sea Temp/Ice               (WMO code)
	
May 2010
 1  -3.4  -4.8  -4.0  986.0  982.4  984.0 26 22 029 14 NE  0.0  0  34 010060/6/0
 2  -2.9  -5.6  -4.1  996.0  985.9  991.0 18 14 005  7 N   1.5  0  32 010050/6/0
 3  -2.0  -7.1  -4.5  997.6  994.7  996.8 21 17 026  8 NE  3.6  8  41 010070/6/0
 4  -5.6  -8.7  -7.4  994.6  990.1  991.6 15 14 020  5 NE  0.0  0  36 010090/6/0
 5   0.2  -9.1  -5.7  990.5  970.0  981.8 27 20 141  5 NE  0.0  0  36 010110/6/0
 6   0.2  -2.2  -1.2  982.2  969.2  974.4 28 21 102  5 N   1.8  0  33 010040/6/0
 7  -1.0  -3.4  -1.8  990.6  982.2  987.5 19 17 014  7 N   0.0  2  35 010080/6/0
 8   1.1  -2.9  -1.3  986.5  974.6  978.3 42 30 078 13 E   1.3  0  30 010020/6/0
 9   3.1  -1.6   1.7  985.0  979.2  983.3 46 35 033 18 N   3.6  0  29 010020/6/0
10   1.6  -0.9   0.4  997.8  984.3  989.2 24 19 346  9 NW  0.5  0  23 010030/6/0
11   0.1  -3.9  -1.6 1006.9  997.8 1004.2 21 16 299  7 NW  0.0  0  23 010100/6/0
12  -1.5  -4.5  -3.1 1003.9  991.4  995.8 11  8 349  4 N   0.0  0  23 010110/6/0
13  -0.6  -2.5  -1.4  995.0  992.1  993.7 24 19 018 10 N   1.0  0  23 010110/6/0
14  -1.9  -4.0  -2.8 1005.3  993.3 1001.2 19 15 244  7 SW  0.0  1  24 010110/6/0
15   3.2  -5.2  -1.2 1004.3  964.4  985.4 42 32 056 14 E   1.0  0  23 010030/6/0
16   2.0   0.1   0.8  975.1  964.1  968.2 32 26 019 18 N  10.9  1  25 010040/6/0
17   3.0  -0.4   1.3  977.0  969.0  973.5 38 30 028 13 N   0.3  1  29 010060/6/0
18   1.0  -1.2  -0.1  978.5  973.6  976.6 19 16 015  6 N   1.3  0  26 010060/6/0
19  -0.8  -2.2  -1.7  987.3  973.6  979.8 27 21 230 12 SW  1.0  7  36 010070/6/0
20   1.4  -5.0  -2.2  991.8  987.3  989.6 49 36 035 10 E   0.0  0  35 010080/6/0
21   3.3  -0.3   1.6  989.0  973.1  980.7 63 49 033 28 NE  5.1  0  25 010030/6/0
22   1.8  -0.9   0.1  988.8  981.4  984.2 46 33 022 19 N   2.5  0  25 010050/6/0
23   1.3  -3.0  -0.7  991.8  979.2  986.7 43 30 024 10 N   4.8  1  27 010080/6/0
24   5.2  -0.3   2.8  986.6  972.5  978.8 46 34 036 15 NE  2.3  0  27 010040/6/0
25  -0.1  -2.6  -1.9  987.6  974.7  981.7 31 25 230 17 SW  1.0  2  34 010060/6/0
26   0.8  -2.4  -0.9  987.4  973.9  983.9 34 26 016 14 N   0.5  2  34 010110/6/0
27   2.7  -4.2   0.3  974.0  942.9  955.1 63 47 336 30 N  19.6  0  29 010090/6/0
28  -3.3  -5.7  -4.3  974.6  955.9  967.3 56 40 254 24 W   0.0  0  29 010120/6/0
29   0.8  -5.3  -2.0  973.7  949.8  959.3 40 33 039 18 E   0.5  0  29 010040/6/0
30  -0.5  -5.4  -3.0  989.5  961.9  981.2 43 36 227 16 SW  2.0  0  30 010070/6/0
31   1.0  -2.0   0.7  990.0  979.4  985.8 42 34 035 19 NE  3.1  4  38 010100/6/0
