********************************************************************************
Palmer Station Weather Highlights:       March 2010

        Temperature:    Abs Max:    11.6 C          Day: 8
                        Abs Min:    -3.4 C          Day: 20
                            Avg:     0.8 C
                        Avg Max:     2.8 C
                        Avg Min:    -0.7 C

        Pressure:       Abs Max:  1013.3 mb         Day: 5
                        Abs Min:   960.5 mb         Day: 20
                            Avg:   985.5 mb
                        Avg Max:   990.6 mb
                        Avg Min:   979.8 mb

        Wind:             Peak:       57 kts        Day: 5
                           Avg:       10 kts
                        Days Prevailing:      N: 5
                                             NE: 6
                                              E: 3
                                             SE: 5
                                              S: 0
                                             SW: 5
                                              W: 3
                                             NW: 4

        Precipitation:  Melted:     34.6 mm         YTD:    88.7 mm
                          Snow:       34 cm         YTD:      34 cm
                Maximum Snowstake Depth:      17 cm Day: 30


============================== Daily Weather Data ==============================
Column Titles:
        1. Day                         9. Wind 2-Min Peak           (knots)
        2. Temperature High    (C)    10. Wind 2-min Peak Direction (degrees)
        3. Temperature Low     (C)    11. Wind Average              (knots)
        4. Temperature Average (C)    12. Wind Prevailing Direction
        5. Pressure High      (mb)    13. Precipitation Melted      (mm)
        6. Pressure Low       (mb)    14. Precipitation Snow        (cm)
        7. Pressure Average   (mb)    15. Depth at Snowstake        (cm)
        8. Wind 5-Sec Peak (knots)    16. Sea Temp/Ice              (WMO code)

 1   1.8  -0.9   0.8  998.1  978.8  989.0 19 15 230  7 SW  0.0  0   0 000120/6/0
 2   2.8   0.3   1.3 1002.2  992.0  999.9 18 16 242  5 SW  0.0  0   0 000120/6/0
 3   4.5   1.4   3.1  992.0  980.6  984.8 47 38 020 15 N   2.8  0   0 000120/6/0
 4   2.5   0.2   1.1 1012.0  983.8  999.6 23 19 269 10 W   2.5  0   0 000070/6/0
 5   6.3  -1.5   1.1 1013.3  993.9 1008.2 57 46 025  8 NE  6.1  0   0 000070/6/0
 6   5.0   1.6   3.8  995.9  987.6  991.7 56 44 029 14 NE  2.3  0   0 000090/6/0
 7  10.4   0.8   2.5 1000.2  986.0  996.7 42 31 043  5 SE  0.0  0   0 000080/6/0
 8  11.6   3.5   6.8  986.4  970.7  977.7 54 43 024 29 NE  3.6  0   0 000120/6/0
 9   3.9   0.7   1.8  986.2  969.9  976.9 51 41 021 26 NW  0.5  0   0 000100/6/0
10   4.0   0.4   1.3  991.6  986.2  989.6 21 17 277  9 NW  0.0  0   0 000070/6/0
11   4.4   0.5   1.8  986.3  980.8  982.5 21 15 128  4 SE  0.5  0   0 000090/6/0
12   3.2   0.9   2.0  988.1  985.3  987.1 13 11 327  3 SE  0.0  0   0 000090/6/0
13   1.6  -0.1   0.9  993.8  987.5  991.1  9  8 234  4 SW  0.0  0   0 000060/6/0
14   1.7   0.0   0.6  996.5  993.8  995.2  6  5 347  1 NE  0.0  0   0 000040/6/0
15   0.6  -0.8   0.0  996.3  983.8  992.4 24 20 023  5 NW  0.3  4   4 010030/6/0
16   1.3  -0.2   0.5  984.8  975.4  979.8 47 30 078 17 E   0.0  0   0 000100/6/0
17   2.2  -0.6   0.8  993.9  984.6  990.0 22 18 118  6 E   0.0  0   0 000100/6/0
18   0.2  -1.0  -0.5  994.1  990.5  992.6 19 17 248  6 W   0.0  0   0 000040/6/0
19   1.4  -1.3   0.1  990.5  976.5  983.6 31 23 030 10 NE  0.5  2   2 000010/6/0
20   1.3  -3.4  -1.0  976.8  960.5  966.1 30 20 137 10 E   0.5  1   2 000060/6/0
21  -1.7  -3.3  -2.5  968.0  963.8  966.6 23 19 233  8 SW  0.0  0   2 000050/6/0
22  -0.5  -2.9  -2.0  973.9  967.3  969.3 23 19 025  6 N   1.8  1   3 000010/6/0
23  -0.2  -3.2  -1.9  987.1  973.9  980.7 37 31 025 11 SW  0.0  7  10 010060/6/0
24   0.3  -3.4  -1.9  988.9  981.9  987.1 30 25 030 11 NE  3.3  0   9 010040/6/0
25   1.8  -1.3   0.3  984.3  976.0  979.3 37 30 024 12 SE  0.3  0   7 000020/6/0
26   2.3  -2.0  -0.4  997.0  984.3  989.2 26 19 018  5 N   2.5  1   8 000040/6/0
27   4.9   1.5   3.0  998.0  983.2  990.4 36 29 032 17 N   1.0  3   3 000050/6/0
28   2.8  -1.4   0.5  986.7  978.2  983.5 40 32 021 12 N   3.8  1   4 000010/6/0
29   1.4  -1.7  -0.4  982.7  972.5  978.5 51 40 029 17 W   2.3  9  13 010080/6/0
30   1.0  -2.2  -0.3  982.1  972.0  976.3 31 23 338 13 NW  0.0  4  17 010040/6/0
31   2.6  -2.1   0.7  980.9  972.6  976.4 26 21 027  7 SE  0.0  1  16 000020/6/0
