********************************************************************************
Palmer Station Weather Highlights:       December 2010

        Temperature:    Abs Max:     7.5 C          Day: 26
                        Abs Min:    -3.0 C          Day: 8
                            Avg:     1.4 C
                        Avg Max:     4.1 C
                        Avg Min:    -0.4 C

        Pressure:       Abs Max:   994.6 mb         Day: 28
                        Abs Min:   961.1 mb         Day: 13
                            Avg:   980.1 mb
                        Avg Max:   983.2 mb
                        Avg Min:   976.7 mb

        Wind:             Peak:       49 kts        Day: 29
                           Avg:        8 kts
                        Days Prevailing:      N: 4
                                             NE: 4
                                              E: 7
                                             SE: 2
                                              S: 0
                                             SW: 6
                                              W: 6
                                             NW: 2

        Precipitation:  Melted:      3.0 mm         YTD:   599.4 mm
                          Snow:        3 cm         YTD:     319 cm
                Maximum Snowstake Depth:       0 cm Day: NA


============================== Daily Weather Data==============================
Column Titles:
        1. Day                         9. Wind 2-Min Peak          (knots)
        2. Temperature High    (C)    10. Wind 2-min Peak Direction(degrees)
        3. Temperature Low     (C)    11. Wind Average             (knots)
        4. Temperature Average (C)    12. Wind Prevailing Direction
        5. Pressure High      (mb)    13. Precipitation Melted     (mm)
        6. Pressure Low       (mb)    14. Precipitation Snow       (cm)
        7. Pressure Average   (mb)    15. Depth at Snowstake       (cm)
        8. Wind 5-Sec Peak (knots)    16. Sea Temp/Ice             (WMO code)

 1   4.4  -1.4   1.0  970.5  967.9  969.5 44 28 118 13 E   0.0  0   0 010030/6/0
 2   2.8  -1.4  -0.1  973.7  968.7  970.7 20 17 245  9 SW  0.0  0   0 000050/6/0
 3  -0.1  -1.1  -0.7  974.9  973.5  974.1 22 19 243 12 SW  0.0  0   0 000020/6/0
 4   3.5  -2.0   0.5  986.8  974.5  979.1 20 16 154  6 W   0.0  0   0 010000/6/0
 5   6.2  -2.3   1.3  990.0  986.9  989.1 20 16 035  5 NE  0.0  0   0 000080/6/0
 6   2.1  -0.4   0.7  987.8  984.8  985.7 14 12 048  4 W   0.0  0   0 000050/6/0
 7   0.4  -2.1  -1.1  988.1  986.1  987.4 30 25 017 11 N   0.0  0   0 000060/6/0
 8   3.5  -3.0  -0.1  987.8  981.7  985.1 28 23 018 11 E   0.0  0   0 000060/6/0
 9   1.8  -0.3   0.3  986.5  981.4  983.6 22 16 081  6 NW  0.0  0   0 000130/6/0
10   1.8  -1.4  -0.4  987.0  985.9  986.5 16 12 219  6 W   0.0  0   0 000160/6/0
11   3.5  -1.7   0.0  985.9  980.1  982.8 19 16 242  6 SW  0.0  0   0 000040/6/0
12   3.7  -2.9  -0.4  984.1  967.8  980.5 39 32 029  6 NE  0.0  0   0 000080/6/0
13   3.8  -1.5   1.0  976.3  961.1  968.2 43 24 105 13 SE  0.0  0   0 000040/6/0
14   1.8  -2.0   0.0  978.5  976.2  977.1 18 15 229  6 SW  0.0  0   0 000060/6/0
15   3.9  -2.5   0.6  980.4  972.3  978.6 29 20 023  7 NE  0.0  0   0 000090/6/0
16   5.2   0.4   2.5  972.7  965.5  968.4 44 26 075 15 E   0.0  0   0 000030/6/0
17   3.3  -1.2   0.8  983.7  972.7  978.8 19 17 235  6 SW  0.0  0   0 000020/6/0
18   3.9  -1.6   0.7  983.9  979.9  982.4 15 13 234  4 SW  0.0  0   0 000070/6/0
19   6.4  -2.2   1.4  979.9  967.3  973.3 14 12 034  3 N   0.0  0   0 000110/6/0
20   3.9   0.5   2.0  970.7  966.5  968.9 33 25 019 10 N   1.0  1   0 000110/6/0
21   2.5  -0.1   0.9  980.5  967.8  972.3 19 14 119  7 W   0.0  0   0 000120/6/0
22   5.8  -0.4   1.6  986.4  980.5  984.3 16 14 259  6 W   0.3  2   0 000110/6/0
23   4.8   1.8   3.1  981.9  974.4  976.7 26 20 123  8 E   0.0  0   0 000070/6/0
24   6.3   0.8   3.6  980.0  973.9  977.7 33 25 077  7 E   0.0  0   0 000050/6/0
25   6.6   3.9   5.0  980.4  971.1  974.8 39 29 076 11 E   0.0  0   0 000000/6/0
26   7.5   2.2   4.0  987.7  980.4  985.2 32 24 077  4 W   0.0  0   0 000110/6/0
27   7.4   2.0   4.1  987.0  984.1  985.2 44 30 076 14 E   0.0  0   0 000060/6/0
28   5.5   0.9   2.5  994.6  987.1  992.2 17 12 303  3 SE  0.0  0   0 000080/6/0
29   4.9   3.1   4.0  991.9  984.0  986.6 49 41 034 22 NE  1.5  0   0 000090/6/0
30   5.5   1.6   3.4  990.3  987.5  989.1 33 26 022  9 N   0.3  0   0 000070/6/0
31   4.2   0.9   2.0  989.9  985.3  988.3  7  7 318  2 NW  0.0  0   0 000100/6/0
