********************************************************************************
Palmer Station Weather Highlights:       August 2010        

	Temperature:    Abs Max:     2.1 C          Day: 3                        
                        Abs Min:   -14.5 C          Day: 16                            
			    Avg:    -3.9 C                        
			Avg Max:    -1.3 C                        
			Avg Min:    -6.4 C        

	Pressure:       Abs Max:  1027.4 mb         Day: 18                        
			Abs Min:   952.0 mb         Day: 9                            
			    Avg:   988.6 mb                       
			Avg Max:   994.5 mb                       
			Avg Min:   982.5 mb        

	Wind:             Peak:       62 kts        Day: 15                           
			   Avg:       12 kts                        
		Days Prevailing:      N: 6                                             
				     NE: 10                                              
				      E: 6                                             
				     SE: 4                                              
				      S: 0                                             
			       	     SW: 4                                              
				      W: 0                                             
				     NW: 1        

	Precipitation:  Melted:     18.3 mm         YTD:   396.3 mm                          
			  Snow:       24 cm         YTD:     202 cm                
		Maximum Snowstake Depth:      70 cm Day: 29


============================== Daily Weather Data==============================
Column Titles:        
1. Day                         9. Wind 2-Min Peak            (knots)        
2. Temperature High    (C)    10. Wind 2-min Peak Direction(degrees)        
3. Temperature Low     (C)    11. Wind Average               (knots)        
4. Temperature Average (C)    12. Wind Prevailing Direction        
5. Pressure High      (mb)    13. Precipitation Melted          (mm)        
6. Pressure Low       (mb)    14. Precipitation Snow            (cm)        
7. Pressure Average   (mb)    15. Depth at Snowstake            (cm)        
8. Wind 5-Sec Peak (knots)    16. Sea Temp/Ice            (WMO code)

August 2010 
 1  -5.7 -12.1  -9.3 1014.1 1010.2 1012.6  7  6 028  3 NE  0.0  0  63 0101752660 
 2   0.8  -6.3  -1.6 1013.0  996.8 1008.0 40 31 023 10 N   0.0  0  63 0101752660 
 3   2.1  -2.9  -0.5  996.8  981.1  984.5 60 41 028 15 NE  1.0  0  60 0101742660 
 4  -1.4  -6.5  -3.2  996.6  981.4  990.2 26 22 027  6 SE  1.5  5  65 0101742660 
 5   0.7  -4.4  -2.4 1000.5  994.0  997.2 29 23 017  6 SE  0.8  1  66 0101742660 
 6  -0.8  -3.6  -2.2  995.3  979.2  984.5 16 13 352  3 N   0.3  1  66 0101742660 
 7   0.6  -5.0  -2.2  979.9  976.1  978.4 38 28 035  5 SE  1.0  2  68 0101742660 
 8   2.1  -3.4  -1.2  977.3  967.2  972.2 48 40 026 17 NE  0.0  0  67 010160/6/0 
 9   0.5  -5.9  -3.7  969.8  952.0  959.7 46 34 103 15 E   0.0  0  65 010150/6/0
10  -3.7  -7.6  -5.5  978.2  969.8  975.5 29 22 078 10 E   0.0  1  64 010160/6/0
11  -5.3  -8.6  -6.8  988.6  971.8  977.9 31 22 081 10 E   0.0  1  63 010160/6/0
12  -4.3 -10.3  -7.4 1005.4  988.7 1000.0 32 26 031  9 SW  0.0  0  63 *10150/6/0
13  -3.0  -5.7  -4.1  999.2  988.6  991.6 27 22 123  9 SE  2.3  4  64 010140/6/0
14   0.6  -5.3  -3.0 1007.5  993.5 1003.3 55 42 037  9 SW  0.0  0  63 010150/6/0
15   1.0  -9.6  -2.9  996.1  984.7  989.0 62 50 035 23 NW  1.0  2  65 010140/6/0
16  -8.6 -14.5 -12.9 1008.1  996.0 1002.2 43 34 252 21 SW  0.0  0  65 010170/6/0
17  -9.0 -12.5 -10.8 1023.9 1008.1 1015.8 22 17 216  5 NE  0.0  0  66 0101651660
18  -7.5 -12.1  -9.8 1027.4 1023.9 1026.1 14 12 008  4 NE  0.0  0  66 0101752660
19  -5.6 -12.9  -8.2 1026.8 1012.3 1021.2 27 24 034  9 NE  0.0  0  66 0101552660
20   1.7  -8.5  -2.1 1012.3  980.5  996.1 48 39 053 16 E   0.0  0  66 0101652660
21   1.4  -1.4   0.0  991.2  978.2  987.8 58 42 025 17 N   0.3  3  69 0101752660
22   2.0  -0.7   0.7  990.1  978.9  982.5 49 40 048 22 NE  0.0  0  66 0101541660
23   1.8  -2.2  -0.5  982.8  971.4  979.4 34 28 054 14 NE  0.0  0  66 010150/6/0
24   0.9  -3.2  -0.9  975.4  969.3  972.4 47 37 031 18 E   0.0  0  66 010160/6/0
25   1.0  -3.0  -0.7  980.2  969.4  975.5 45 36 030 16 NE  0.0  0  65 010150/6/0
26   1.6  -3.1  -1.3  980.1  965.2  971.0 49 36 079 19 E   0.5  0  65 010140/6/0
27   0.0  -4.3  -1.8  974.2  967.5  972.5 32 27 024 10 N   0.0  1  66 010150/6/0
28  -3.1  -6.2  -4.7  979.4  973.6  975.5 12 10 305  5 N   0.5  1  66 0101620640
29   0.6  -6.0  -3.6  983.6  976.5  981.1 34 29 016 11 NE  0.8  2  70 010160/6/0
30   0.7  -4.5  -2.0  980.9  972.0  975.2 58 46 016 25 N   8.4  0  66 010160/6/0
31  -3.7  -7.4  -6.4  994.1  980.9  988.4 24 19 252 13 SW  0.0  0  66 0101620640
