********************************************************************************
Palmer Station Weather Highlights:      September 2000

        Temperature:    Abs Max:    2.9 C          Day: 2
                        Abs Min:  -19.6 C          Day: 17
                            Avg:   -6.8 C
                        Avg Max:   -3.6 C
                        Avg Min:   -9.6 C

        Pressure:       Abs Max: 1034.8 mb         Day: 7
                        Abs Min:  964.0 mb         Day: 26
                            Avg:  998.7 mb
                        Avg Max: 1003.5 mb
                        Avg Min:  993.7 mb

        Wind:             Peak:      62 kts        Day: 15
                           Avg:      11 kts
                        Days Prevailing:     N: 5
                                            NE: 5
                                             E: 2
                                            SE: 1
                                             S: 2
                                            SW: 9
                                             W: 0
                                            NW: 6

        Precipitation:  Melted:    28.0 mm         YTD:   557.3 mm
                          Snow:      18 cm         YTD:     169 cm
                Days with Precipitation:     24
                Days with Snow:              24
                Maximum Snowstake Depth:     58 cm Day: 27

        Clouds: Average Cloud Coverage:      90%
                Days Overcast:               26
                Days Partly Cloudy:           2
                Days Clear:                   2



============================== Daily Weather Data ==============================
Column Titles:
        1. Day                         9. Wind Peak Direction (degrees)
        2. Temperature High   (C)     10. Wind Avg              (knots)
        3. Temperature Low    (C)     11. Wind Prevailing Direction
        4. Temperature Avg    (C)     12. Precipitation Melted     (mm)
        5. Pressure High     (mb)     13. Precipitation Snow       (cm)
        6. Pressure Low      (mb)     14. Depth at Snowstake       (cm)
        7. Pressure Avg      (mb)     15. Sky Coverage         (tenths)
        8. Wind Peak      (knots)     16. Sea Temp/Ice     (WMO coding)

01   1.0  -3.2  -1.7  985.4  978.4  982.2 56 030 22  E  0.1  T  34 10 010160/6/0
02   2.9  -2.8  -0.4  988.4  980.1  984.9 56 020 20 NE  0.0  0  34  8 010150/6/0
03   1.0  -4.2  -2.6  995.9  988.3  992.3 29 080 12  N  0.0  0  33  8 010160/6/0
04  -1.5  -3.8  -3.1 1005.3  995.9 1001.9 16 320  5 NW  2.0  2  36 10 010180/6/0
05  -1.0  -4.5  -3.2 1013.2 1005.3 1010.1 12 190  3  E  0.6  T  36 10 010180/6/0
06  -1.0  -6.8  -5.2 1030.6 1013.2 1023.7 15 030  5 NE  0.0  0  36  7 0101660690
07  -3.1  -8.5  -6.6 1034.8 1030.6 1033.9 12 030  6 NE  0.0  0  35  4 01017106/1
08  -5.0  -7.6  -6.4 1033.5 1023.8 1028.7 14 010  8  N  0.0  0  35 10 0101820693
09  -2.0  -7.5  -4.5 1023.8 1006.6 1014.1 25 260 10 NW  0.9  T  35 10 0101820693
10  -1.7 -11.7  -6.7 1006.6  986.2  998.2 50 340 21 SW  0.5  T  37  9 010180/6/0
11  -7.0 -15.3 -11.8 1006.0  992.1  998.5 41 230 15  S  0.6  1  35  3 0101920863
12  -8.1 -14.9 -10.2 1007.0 1001.6 1004.4 22 190  9 SW    T  T  35  9 0101951863
13  -1.5  -9.1  -4.7 1001.6  995.6  998.8 21 300 10 SW  0.6  T  35 10 0101951863
14  -0.5  -3.8  -2.1  995.6  977.2  981.7 40 300 23 NW  0.7  T  37 10 0101942862
15  -2.8  -9.9  -6.7  979.3  972.0  976.2 62 340 23 SW  2.0  1  37  9 0101942863
16  -7.0 -18.2 -13.8  990.9  972.9  981.8 40 270 15 SW  1.1  T  37 10 0101952966
17 -13.0 -19.6 -15.9  997.2  990.9  995.1 33 240 10 SW  1.3  2  38 10 0101952966
18 -14.5 -16.3 -15.3 1001.5  997.1  999.2 22 250 11 SW  0.1  T  37 10 0101952966
19 -12.5 -15.7 -14.1 1006.1 1001.5 1004.5 12 220  5 SW    T  T  37 10 0101952966
20 -11.1 -15.1 -13.7 1006.3 1004.7 1005.6 13 230  4 SW    T  T  36 10 0101952865
21  -3.5 -13.2  -8.0 1006.7 1004.7 1006.0 16 320  4 NW    T  T  36  6 0101952864
22  -4.6 -10.0  -8.2 1006.7 1004.6 1005.3  8 320  3 NE  0.0  0  36  8 0101992862
23  -5.4 -11.5  -8.4 1008.4 1006.1 1007.8 10 360  4 NE    T  T  36 10 0101952862
24  -5.5 -11.8  -8.7 1008.0  996.4 1002.7 13 130  4  N    T  T  36 10 0101952863
25   2.5  -7.3  -0.6  996.4  970.1  977.1 61 030 20  N  0.8  1  36 10 0101952861
26   1.3  -2.2  -1.2  970.1  964.0  967.5 47 020 26  N  3.1  1  37 10 0102052861
27  -2.0 -13.2 -10.3  994.4  969.3  984.3 30 340 10  S  2.1  3  58 10 0102032863
28  -1.8  -9.3  -6.6  999.7  991.8  997.0 33 230  9 SE  6.8  4  58 10 0102052862
29  -0.5  -7.7  -3.0 1002.1  998.2 1000.1 27 230  9 NW  1.2  T  41 10 0101952862
30   1.4  -2.1  -0.3 1002.0  992.4  996.7 34 340 16 NW  3.5  3  42 10 0101952761
