********************************************************************************
Palmer Station Weather Highlights:       July 2004

        Temperature:    Abs Max:     5.8 C          Day: 9
                        Abs Min:   -19.1 C          Day: 31
                            Avg:    -3.4 C
                        Avg Max:    -0.8 C
                        Avg Min:    -5.7 C

        Pressure:       Abs Max:  1014.4 mb         Day: 14
                        Abs Min:   949.7 mb         Day: 27
                            Avg:   988.1 mb
                        Avg Max:   994.1 mb
                        Avg Min:   982.0 mb

        Wind:             Peak:       57 kts        Day: 22
                           Avg:       11 kts
                        Days Prevailing:      N: 10
                                             NE: 9
                                              E: 1
                                             SE: 0
                                              S: 0
                                             SW: 5
                                              W: 3
                                             NW: 3

        Precipitation:  Melted:     25.2 mm         YTD:   382.3 mm
                          Snow:       20 cm         YTD:     141 cm
                Maximum Snowstake Depth:      46 cm Day: 28


============================== Daily Weather Data ==============================
Column Titles:
        1. Day                         9. Wind 2-Min Peak            (knots)
        2. Temperature High    (C)    10. Wind 2-min Peak Direction  (degrees)
        3. Temperature Low     (C)    11. Wind Average               (knots)
        4. Temperature Average (C)    12. Wind Prevailing Direction
        5. Pressure High      (mb)    13. Precipitation Melted       (cm)
        6. Pressure Low       (mb)    14. Precipitation Snow         (cm)
        7. Pressure Average   (mb)    15. Depth at Snowstake         (cm)
        8. Wind 5-Sec Peak (knots)    16. Sea Temp/Ice               (WMO code)

 1  -3.3  -6.0  -4.6  989.8  982.9  985.1 19 16 031  5 NE  0.0  0  35 0101760690
 2  -3.4  -6.7  -4.6 1000.3  989.8  996.1 10  9 268  4 NE  0.0  0  33 0101761690
 3  -3.6  -5.8  -5.0 1002.4 1000.1 1001.4 18 15 230  7 SW  0.0  0  32 0101721690
 4  -0.8  -6.5  -3.2 1000.1  991.0  995.1 28 21 351  9 N   1.0  1  33 0101761692
 5   0.0  -1.5  -0.9  990.9  971.2  980.8 40 34 032 18 N   0.5  1  28 0101661691
 6  -0.3  -4.4  -2.4  986.9  970.8  977.7 30 26 028  6 NE  0.0  0  28 0101761691
 7   0.9  -3.8  -1.9  987.9  978.0  984.4 37 27 028 10 NE  0.0  0  27 010150/6/0
 8   2.1  -1.0   0.5  992.9  973.8  979.2 39 33 043 14 NE  0.0  0  26 010110/6/0
 9   5.8  -5.0  -3.4 1002.6  992.9 1000.1 21 18 026 10 N   0.0  0  26 010140/6/0
10  -0.3  -4.7  -3.1  999.4  990.6  993.5 18 15 024  4 E   0.0  0  26 010170/6/0
11  -1.2  -3.4  -2.1  996.5  991.1  993.8 15 12 005  4 N   0.0  0  26 0101760690
12  -2.1  -5.4  -4.0  996.4  992.4  994.2 17 15 225  7 SW  0.3  1  26 010160/6/0
13  -3.9  -6.8  -5.2 1006.7  993.0  999.6 27 23 027  9 NE  0.0  0  26 010170/6/0
14  -2.3  -5.4  -3.7 1014.4 1006.7 1011.7 18 15 242  7 SW  0.0  0  26 010150/6/0
15  -1.3  -2.9  -2.2 1013.9 1009.9 1011.8 17 15 240  9 W   0.0  0  27 0101751662
16  -0.6  -2.0  -1.3 1010.4 1006.1 1007.9 12  9 245  6 NW  1.8  1  28 0101751662
17   0.5  -0.7  -0.2 1009.5 1004.8 1008.0  4  3 327  2 NW  0.5  0  29 0101751662
18   1.8  -3.5  -0.3 1004.8  983.0  991.4 51 42 036 14 N   1.0  0  29 010170/6/0
19   3.4  -0.2   1.4  996.0  981.1  991.4 49 38 025 19 N   0.3  0  29 010160/6/0
20   5.2  -1.7   0.4  994.8  971.2  980.7 49 41 036 16 NE  9.1  4  31 010140/6/0
21   1.9  -1.2   0.9  994.9  986.1  990.4 51 33 028 23 N   3.1  0  32 010150/6/0
22   1.5  -5.0  -1.0  986.2  974.4  979.9 57 39 019 20 N   3.1  2  36 010150/6/0
23  -0.6  -8.5  -3.6  985.6  971.1  975.9 30 25 238 15 NW  0.0  0  35 010150/6/0
24   0.0  -9.1  -4.8  988.0  977.0  983.6 52 41 035 17 NE  0.0  0  35 010150/6/0
25  -0.9  -7.3  -4.2  990.5  979.1  985.7 33 26 225 14 SW  0.0  0  35 010160/6/0
26   1.9  -6.4  -3.1  991.7  965.9  984.9 56 47 035 17 NE  0.0  0  34 010150/6/0
27   1.9  -6.9  -0.8  967.6  949.7  961.8 57 47 034 24 N   3.1  3  37 010150/6/0
28  -4.1  -7.3  -5.9  966.9  952.3  958.0 30 24 017 12 N   0.8  4  46 010150/6/0
29  -6.4 -13.8  -8.7  974.6  953.4  959.9 35 30 246 14 W   0.3  1  40 010170/6/0
30 -11.3 -16.1 -13.6  979.4  973.1  976.5 25 21 258  9 W   0.0  0  38 0101851663
31  -6.5 -19.1 -14.8  993.8  979.1  989.4 32 25 222  9 SW  0.5  2  38 0101751663
