********************************************************************************
Palmer Station Weather Highlights:       October 2004

        Temperature:    Abs Max:     5.2 C          Day: 7
                        Abs Min:   -17.7 C          Day: 3
                            Avg:    -4.2 C
                        Avg Max:    -0.2 C
                        Avg Min:    -7.4 C

        Pressure:       Abs Max:  1012.5 mb         Day: 4
                        Abs Min:   959.4 mb         Day: 7
                            Avg:   987.5 mb
                        Avg Max:   991.9 mb
                        Avg Min:   981.8 mb

        Wind:             Peak:       66 kts        Day: 1
                           Avg:       11 kts
                        Days Prevailing:      N: 8
                                             NE: 8
                                              E: 2
                                             SE: 2
                                              S: 0
                                             SW: 3
                                              W: 4
                                             NW: 4

        Precipitation:  Melted:     51.3 mm         YTD:   483.4 mm
                          Snow:       25 cm         YTD:     236 cm
                Maximum Snowstake Depth:      69 cm Day: 23


============================== Daily Weather Data==============================
Column Titles:
        1. Day                         9. Wind 2-Min Peak                (knots)
        2. Temperature High    (C)    10. Wind 2-min Peak Direction    (degrees)
        3. Temperature Low     (C)    11. Wind Average                   (knots)
        4. Temperature Average (C)    12. Wind Prevailing Direction
        5. Pressure High      (mb)    13. Precipitation Melted              (cm)
        6. Pressure Low       (mb)    14. Precipitation Snow                (cm)
        7. Pressure Average   (mb)    15. Depth at Snowstake                (cm)
        8. Wind 5-Sec Peak (knots)    16. Sea Temp/Ice                (WMO code)

 1   2.3  -5.0  -1.6  997.2  977.0  991.6 66 53 032 15 NE  4.3  0  60 0101884662
 2   3.0  -7.2   1.7  980.5  970.3  973.9 60 51 033 31 N   9.4  0  52 0101584661
 3  -7.1 -17.7 -13.7 1010.9  980.5 1001.5 23 19 271  7 W   0.0  0  52 0101694693
 4  -0.5 -12.1  -8.6 1012.5  992.5 1005.4 20 12 050  4 E   1.0  0  52 0101694692
 5   1.2  -3.3   0.1  992.6  983.5  987.6 43 31 006 16 N   8.1  0  50 0101594692
 6   3.1   0.9   1.8  993.3  987.9  991.7 36 27 004 15 N   4.3  1  50 0101584662
 7   5.2   0.3   3.3  987.9  959.4  970.6 55 42 032 31 NE  2.0  0  47 0101584662
 8   0.4 -11.3  -8.3  979.0  960.1  972.3 31 25 321 14 W   3.1  1  50 0101484663
 9 -10.0 -13.9 -11.8  988.4  979.0  984.5 27 22 255 11 W   0.0  0  55 0101594692
10  -2.7 -12.8  -8.5 1009.9  988.0 1000.1 14 10 351  4 NW  0.0  0  54 0101594692
11   4.1  -6.8  -3.2 1010.2 1007.6 1009.5  9  7 148  3 SE  0.0  0  52 0101594692
12   1.5  -1.7   0.9 1007.7  979.6  996.1 51 42 027 24 N   3.1  1  52 0101594692
13   1.0  -3.3  -1.3  979.7  970.3  976.1 54 43 026 22 NW  3.3  1  60 0101694692
14   1.9   0.1   0.9  970.3  962.2  966.0 45 34 026 24 NE  1.0  0  60 0101584691
15   3.0  -4.4  -1.0  968.4  964.4  966.6 33 27 020 10 NW  4.3  8  68 0101684692
16  -4.3  -9.6  -6.9  975.7  968.4  971.8 19 16 332 11 NW  0.0  0  68 0101784692
17  -9.4 -14.0 -11.3  979.8  975.6  976.6 23 19 249 11 W   0.0  0  67 0101794962
18  -4.6 -14.3 -10.6  984.6  979.7  983.0 12  9 243  4 SW  0.0  0  66 0101694962
19   0.7 -13.9  -6.8  984.7  980.9  982.9 18 13 128  3 SE  0.5  1  65 0101694692
20   4.3  -3.6   0.3  982.2  970.1  976.3 39 31 069 12 E   1.8  4  65 0101594692
21   2.6  -0.6   0.8  980.3  971.0  975.5 40 33 023 14 N   0.0  0  62 0101694692
22   1.6  -2.0  -0.5  990.8  980.3  987.9 34 29 025 12 N   0.5  0  61 0101584662
23   0.5  -3.0  -1.0  990.8  988.5  989.9 36 31 026 16 N   4.3  6  69 0101584662
24   3.4  -4.5  -1.6  988.7  987.0  987.4 18 14 353  5 N   0.3  2  68 0101464662
25  -2.0  -9.5  -6.6  992.4  987.6  988.9  8  6 219  3 SW  0.0  0  65 0101564662
26  -1.3  -8.9  -7.3 1001.2  992.4  997.3 10  8 034  3 SW  0.0  0  65 0101644692
27  -4.4 -10.7  -8.2 1002.2  999.3 1001.1  8  6 057  3 NE  0.0  0  65 0101654692
28  -0.8 -11.1  -7.2  999.3  995.4  996.7  8  7 071  2 NE  0.0  0  64 0101654692
29   0.5  -8.8  -5.0 1001.7  996.9  999.8  7  6 039  2 NE  0.0  0  64 0101754692
30  -1.9  -9.0  -6.3 1002.8 1001.5 1002.2  7  5 208  2 NE  0.0  0  64 0101794692
31   2.4  -8.1  -3.7 1002.9  999.4 1001.5  7  6 028  2 NE  0.0  0  64 0101794692