********************************************************************************
Palmer Station Weather Highlights:       May 2004

        Temperature:    Abs Max:     5.8 C          Day: 4
                        Abs Min:    -9.1 C          Day: 9
                            Avg:    -2.3 C
                        Avg Max:    -0.3 C
                        Avg Min:    -4.2 C

        Pressure:       Abs Max:  1024.6 mb         Day: 16
                        Abs Min:   943.0 mb         Day: 8
                            Avg:   992.3 mb
                        Avg Max:   998.7 mb
                        Avg Min:   985.5 mb

        Wind:             Peak:       77 kts        Day: 24
                           Avg:       10 kts
                        Days Prevailing:      N: 9
                                             NE: 4
                                              E: 3
                                             SE: 5
                                              S: 0
                                             SW: 7
                                              W: 1
                                             NW: 2

        Precipitation:  Melted:     91.7 mm         YTD:   342.6 mm
                          Snow:       34 cm         YTD:      99 cm
                Maximum Snowstake Depth:      30 cm Day: 1


============================== Daily Weather Data ==============================
Column Titles:
        1. Day                         9. Wind 2-Min Peak            (knots)
        2. Temperature High    (C)    10. Wind 2-min Peak Direction  (degrees)
        3. Temperature Low     (C)    11. Wind Average               (knots)
        4. Temperature Average (C)    12. Wind Prevailing Direction
        5. Pressure High      (mb)    13. Precipitation Melted       (cm)
        6. Pressure Low       (mb)    14. Precipitation Snow         (cm)
        7. Pressure Average   (mb)    15. Depth at Snowstake         (cm)
        8. Wind 5-Sec Peak (knots)    16. Sea Temp/Ice               (WMO code)

 1   1.5  -2.2  -1.1  999.8  986.7  995.7 55 44 035 15 N   2.5  1  30 010080/5/0
 2   1.1  -0.4   0.1 1000.3  990.4  995.8 18 15 273  7 NW  3.1  3  29 010020/5/0
 3   3.6   0.5   1.5 1005.1  998.9 1003.4 37 29 015 10 N   7.1  0  27 010050/5/0
 4   5.8   1.4   3.6  999.2  960.6  982.0 71 52 020 27 N  36.3  0  10 000000/5/0
 5   3.3  -2.1   0.5  971.4  947.7  959.7 60 37 004 19 N   2.5  1   4 010040/5/0
 6  -0.7  -3.1  -1.9  968.9  966.0  967.8 19 16 304  7 NW  5.1 12   5 010090/5/0
 7  -1.4  -6.4  -3.9  966.9  943.8  959.6 36 28 235 14 SE  0.0  0  18 010050/5/0
 8  -0.8  -7.4  -5.1  959.3  943.0  952.3 44 35 230 18 SW  1.0  1  19 010060/5/0
 9  -5.6  -9.1  -7.8  967.2  959.0  962.7 28 18 219  6 NE  1.3  1  20 010120/5/0
10  -3.7  -7.6  -5.9  975.6  966.7  970.4 37 30 282  8 NE  0.3  0  18 010060/5/0
11  -2.9  -6.2  -4.6  987.8  975.4  981.7 31 24 249 12 SW  0.0  0  17 010110/5/0
12  -0.4  -5.4  -2.4  999.0  972.0  984.6 41 31 226 16 SW  3.1  2  17 010080/5/0
13  -0.1  -2.8  -2.0 1006.2  998.8 1002.6 20 16 240  5 SW  2.5  5  15 010080/5/0
14   0.0  -2.9  -1.2 1015.6  999.1 1005.9 26 20 232 10 SW  1.3  2  22 010110/5/0
15  -2.1  -4.2  -2.9 1022.6 1015.7 1019.4 16 14 027  5 NE  0.0  0  22 010100/5/0
16  -1.8  -4.7  -3.0 1024.6 1022.5 1023.7 12 10 018  4 N   0.0  0  22 010120/5/0
17  -1.1  -2.5  -1.8 1023.4 1017.0 1019.7  6  5 348  2 N   0.0  0  21 010120/5/0
18  -1.9  -5.2  -3.5 1018.6 1016.3 1017.2  8  6 229  2 N   0.0  0  20 010110/5/0
19   4.3  -4.0   0.4 1018.3 1011.8 1014.2 24 19 016  5 SE  8.6  2  21 010090/5/0
20   1.1  -0.3   0.3 1015.7 1012.5 1014.2 12 10 140  3 SE  4.3  0  20 010090/5/0
21   3.4  -1.1   0.6 1013.0 1007.2 1010.6 34 26 001 12 N   4.1  0  16 010120/5/0
22   3.0  -1.4   0.5 1007.3  977.4  988.2 44 36 025 16 N   1.5  0  16 010100/5/0
23  -1.4  -5.8  -3.6 1005.0  981.0  998.3 45 36 231 19 SW  0.0  0  16 010110/5/0
24   2.5  -6.1  -1.6 1002.4  964.2  982.2 77 50 045 16 E   0.5  0  16 010030/6/0
25   2.8  -3.3  -0.9  980.0  964.2  970.6 25 20 271  6 W   5.6  2  26 010040/6/0
26  -3.2  -5.3  -4.3  985.4  979.9  982.9 31 24 234 11 SW  0.0  0  26 010070/6/0
27  -3.7  -6.3  -4.8  983.7  977.2  979.5 15 11 156  5 E   0.0  0  25 010050/6/0
28  -3.8  -8.2  -6.2  998.9  983.7  990.1 17 14 240  6 E   0.0  0  25 010100/6/0
29  -4.0  -7.9  -5.4 1014.7  998.9 1008.1 23 20 028 10 NE  0.0  0  24 010120/6/0
30  -1.3  -4.6  -2.6 1014.4 1007.0 1009.7 25 19 039  6 SE  1.0  2  25 010100/6/0
31  -0.6  -4.1  -2.8 1009.7 1004.4 1008.0 10  8 122  3 SE  0.0  0  25 0101020610