********************************************************************************
Palmer Station Weather Highlights:             February 2004

        Temperature:       Abs Max:        7.1 C         Day: 27
                           Abs Min:       -1.5 C         Day: 19
                               Avg:        2.0 C
                           Avg Max:        3.9 C
                           Avg Min:        0.6 C

        Pressure:          Abs Max:     1017.0 mb        Day: 12
                           Abs Min:      977.2 mb        Day: 8
                               Avg:      995.8 mb
                           Avg Max:     1000.7 mb
                           Avg Min:      991.0 mb

        Wind:                Peak:          53 kts       Day: 2
                              Avg:           8 kts
                           Days Prevailing:        N: 12
                                                  NE: 1
                                                   E: 0
                                                  SE: 4
                                                   S: 0
                                                  SW: 8
                                                   W: 0
                                                  NW: 4

        Precipitation:     Melted:        88.6 mm        YTD:   111.2 mm
                             Snow:           6 cm        YTD:       9 cm
                Days with Precipitation:           19
                Days with Snow:                     2
                Maximum Snowstake Depth:            4 cm Day: 28

        Clouds: Average Cloud Coverage:            53%
                Days Overcast:                      5
                Days Partly Cloudy:                14
                Days Clear:                        10


============================== Daily Weather Data ==============================
Column Titles:
        1. Day                        10. Wind 2-Min Peak Direction  (knots)
        2. Temperature High    (C)    11. Wind Avg                   (knots)
        3. Temperature Low     (C)    12. Wind Prevailing Direction
        4. Temperature Avg     (C)    13. Precipitation Melted       (mm)
        5. Pressure High      (mb)    14. Precipitation Snow         (cm)
        6. Pressure Low       (mb)    15. Depth at Snowstake         (cm)
        7. Pressure Avg       (mb)    16. Sky Coverage               (tenths)
        8. Wind 5-Sec Peak (knots)    17. Sea Temp/Ice               (WMO coding)
        9. Wind 2-Min Peak (knots)

  1  5.3  3.2  4.0  987.5  982.8  984.0 23 20  030   5 N    0.0  0 0  6 000150/6/0
  2  5.5  0.8  3.0  992.7  978.1  987.8 53 38  026   7 N    0.0  0 0  6 000160/6/0
  3  5.3  1.3  2.9  987.3  977.3  980.6 34 27  018   8 N    0.0  0 0  4 000140/6/0
  4  4.9  0.7  2.2  997.8  987.4  993.2 13 11  320   4 N    2.3  0 0  5 000150/6/0
  5  4.3  0.6  2.4  997.6  982.9  989.5 48 39  018  11 N    4.1  0 0  4 000150/6/0
  6  6.0 -0.2  2.6 1002.9  985.1  995.9 26 23  022   4 SE   0.3  0 0  0 000150/6/0
  7  5.5  1.9  3.6 1001.7  991.9  995.5 38 31  031   9 N    0.8  0 0  8 000140/6/0
  8  5.9  1.7  3.8  997.0  977.2  987.9 53 43  036  12 SE   0.3  0 0  2 000140/6/0
  9  4.5  1.7  3.1  987.3  983.0  984.6 40 18  354  11 N    4.6  0 0  8 000050/6/0
 10  3.8  0.4  1.5  998.6  987.3  992.9 25 21  236  11 SW   3.1  0 0  7 000040/6/0
 11  3.4  1.1  1.9 1012.2  998.5 1004.9 24 20  232   9 SW   0.0  0 0  6 000080/6/0
 12  4.1  0.4  1.9 1017.0 1012.1 1015.4 13 11  357   5 NW   5.1  0 0  6 000060/6/0
 13  3.9  2.1  2.8 1014.0 1009.5 1011.7 20 16  352  13 NW   9.7  0 0  3 010050/6/0
 14  3.5  1.2  2.7 1009.5  993.7 1001.1 24 19  006  12 N   18.8  0 0  2 010020/6/0
 15  2.1  0.0  0.9  995.9  993.6  995.4 23 20  233  13 SW   1.5  0 0  7 000000/6/0
 16  0.6 -1.2 -0.2  995.3  988.0  991.4 22 18  306  10 N    1.5  0 0  7 000050/6/0
 17  0.7 -1.3 -0.1  999.1  989.1  993.2 23 19  233  10 SW   0.0  0 0 10 000050/6/0
 18  0.9 -0.2  0.2 1010.3  999.1 1005.8 19 16  237   9 SW   0.0  0 0  7 000100/6/0
 19  1.9 -1.5 -0.2 1010.3  993.7 1002.3 22 18  123   8 NE   1.3  0 0  8 000100/6/0
 20  5.2  0.0  1.7  993.9  991.6  992.9 21 18  029   4 SE   0.8  0 0  6 000150/5/0
 21  5.4  2.1  4.0  992.2  988.6  989.9 33 26  024  17 N    9.9  0 0  6 000110/5/0
 22  3.3  1.1  2.4  990.2  987.3  988.8 28 21  353  13 N    6.1  0 0  3 000050/5/0
 23  2.0  0.2  0.9 1004.7  989.7  996.3 23 19  224  13 SW   0.0  0 0  7 000100/5/0
 24  3.7 -0.2  1.7 1012.8 1004.7 1009.4 17 14  234   7 SW   0.0  0 0  8 000100/4/0
 25  4.6  0.5  2.0 1014.4 1011.3 1013.4 10  9  226   3 SW   0.0  0 0  2 000110/5/0
 26  4.6 -1.5  1.1 1011.3  999.7 1006.7 10  8  120   3 N    0.0  0 0  2 000070/6/0
 27  7.1  1.5  3.1  999.7  992.8  995.3 32 12  356   4 SE   9.1  0 0  6 000090/6/0
 28  2.9  0.0  1.1  995.6  982.1  987.4 16 12  047   5 NW   6.1  5 4  5 000100/5/0
 29  3.0  0.2  1.3  991.5  980.5  984.1 28 22  020   7 NW   3.6  1 0  4 000040/5/0