********************************************************************************
Palmer Station Weather Highlights:               January 2004

        Temperature:    Abs Max:             8.2 C           Day: 26
                        Abs Min:            -1.5 C           Day: 18
                            Avg:             2.7 C
                        Avg Max:             5.2 C
                        Avg Min:             0.9 C

        Pressure:       Abs Max:          1001.5 mb          Day: 1
                        Abs Min:           960.8 mb          Day: 20
                            Avg:           985.0 mb
                        Avg Max:           989.4 mb
                        Avg Min:           980.0 mb

        Wind:             Peak:               55 kts         Day: 18
                           Avg:                9 kts
                        Days Prevailing:              N: 4
                                                     NE: 9
                                                      E: 4
                                                     SE: 3
                                                      S: 0
                                                     SW: 6
                                                      W: 2
                                                     NW: 3

        Precipitation:  Melted:             22.6 mm          YTD:    22.6 mm
                          Snow:                3 cm          YTD:       3 cm
                Days with Precipitation:              11
                Days with Snow:                        2
                Maximum Snowstake Depth:               3  cm Day: 18

        Clouds: Average Cloud Coverage:               58%
                Days Overcast:                         9
                Days Partly Cloudy:                   13
                Days Clear:                            9


============================== Daily Weather Data ==============================
Column Titles:
        1. Day                        10. Wind 2-Min Peak Direction  (knots)
        2. Temperature High    (C)    11. Wind Avg                   (knots)
        3. Temperature Low     (C)    12. Wind Prevailing Direction
        4. Temperature Avg     (C)    13. Precipitation Melted       (mm)
        5. Pressure High      (mb)    14. Precipitation Snow         (cm)
        6. Pressure Low       (mb)    15. Depth at Snowstake         (cm)
        7. Pressure Avg       (mb)    16. Sky Coverage               (tenths)
        8. Wind 5-Sec Peak (knots)    17. Sea Temp/Ice               (WMO coding)
        9. Wind 2-Min Peak (knots)

  1  2.1  -0.1   1.3  1001.5  998.7  1000.3 21 19  244  12 SW    0.0  0 0   9 000240/1/0
  2  5.0   0.6   2.0  1000.8  992.4   997.1 17 14  213   6 SW    0.0  0 0   6 000210/1/0
  3  6.0  -0.1   2.0   992.4  982.3   986.5 15 12  078   4 NW    0.0  0 0   7 000160/6/0
  4  3.6   0.4   1.9   990.0  982.2   985.1 26 21  017  10 N     0.0  0 0   1 000140/6/0
  5  5.1   1.1   2.8   991.2  984.9   988.4 36 23  035  11 SE    0.0  1 0   5 000200/1/0
  6  6.2   2.7   4.0   993.4  985.6   991.0 39 30  029  15 N     0.0  0 0   5 000220/6/0
  7  6.4   2.8   4.3   993.7  987.1   990.9 27 23  030   7 NE    0.3  0 0   6 000180/6/0
  8  7.8  -0.3   3.5   987.2  972.6   978.5 35 25  046   8 E     0.3  0 0   3 000200/6/0
  9  5.4   2.3   3.4   979.6  972.3   975.9 22 17  101   6 N     0.0  0 0   6 000180/6/0
 10  6.0   0.6   2.5   979.6  973.1   976.4 13 11  350   4 NW    1.5  0 0   5 000260/1/0
 11  6.2   1.3   3.0   980.0  973.0   976.8 10  9  242   4 SW    0.0  0 0  10 000300/1/0
 12  7.3   0.1   3.0   985.0  977.0   980.3 11  9  335   4 NE    0.0  0 0   2 000230/1/0
 13  3.4   1.2   2.4   993.1  985.0   988.9 19 15  226   7 SW    0.0  0 0  10 000210/1/0
 14  2.8   0.5   1.7   994.5  990.4   993.1 23 18  240  11 W     0.0  0 0   8 000210/1/0
 15  2.4  -1.1   0.5   990.4  972.3   984.6 18 15  305   6 N     1.3  0 0   6 000200/6/0
 16  2.8   0.6   1.7   972.3  963.7   966.2 32 23  115  14 E     0.0  0 0   0 000120/1/0
 17  5.2  -0.7   1.6   986.0  969.2   977.9 21 16  240   8 SW    0.0  0 0   3 000120/1/0
 18  1.8  -1.5   0.5   994.4  986.0   990.5 55 21  227  12 SW    2.0  2 3   7 000090/2/0
 19  5.5   0.7   2.5   994.1  964.1   982.9 36 26  033  14 E     0.0  0 0   4 000100/6/0
 20  6.5   1.2   3.0   980.3  960.8   967.6 36 28  101  13 E     0.0  0 0   1 000130/1/0
 21  5.2   0.3   2.1   988.2  980.2   985.8 20 18  271   7 W     0.0  0 0  10 000150/1/0
 22  6.5   2.3   4.7   983.6  968.3   973.9 52 41  035  17 NE    1.8  0 0   3 000120/6/0
 23  5.8   1.4   3.9   988.2  974.0   983.9 46 34  033  17 NE    9.1  0 0   4 000130/1/0
 24  6.6   1.9   4.0   990.0  981.3   986.7 45 35  032  11 NE    0.5  0 0   5 000110/6/0
 25  4.9   0.9   2.5   985.8  980.3   982.4 17 15  259   6 NW    5.1  0 0   6 000110/6/0
 26  8.2   1.7   3.9   986.2  982.8   984.2 10  8  129   3 SE    0.3  0 0   6 000140/6/0
 27  3.0  -1.1   1.0   987.5  983.4   986.3  9  7  315   2 NE    0.0  0 0   8 000130/6/0
 28  4.5   0.8   2.2   997.0  987.5   993.1 15 12  018   5 SE    0.5  0 0   6 000110/6/0
 29  4.8   2.5   3.9   999.2  996.9   998.1 29 24  032  11 NE    0.0  0 0  10 000130/6/0
 30  6.2   1.5   3.5   999.1  988.0   994.9 29 23  032   8 NE    0.0  0 0   9 000160/6/0
 31  7.0   2.7   4.2   988.1  984.5   986.0 46 33  023  11 NE    0.0  0 0   8 000200/6/0