********************************************************************************
Palmer Station Weather Highlights:          March 2004

        Temperature:    Abs Max:        7.1 C          Day: 31
                        Abs Min:       -5.0 C          Day: 29
                            Avg:        1.4 C
                        Avg Max:        3.5 C
                        Avg Min:       -0.4 C

        Pressure:       Abs Max:     1006.5 mb         Day: 16
                        Abs Min:      965.8 mb         Day: 8
                            Avg:      986.1 mb
                        Avg Max:      991.0 mb
                        Avg Min:      981.0 mb

        Wind:             Peak:          57 kts        Day: 13
                           Avg:          10 kts
                        Days Prevailing:         N: 8
                                                NE: 8
                                                 E: 5
                                                SE: 5
                                                 S: 0
                                                SW: 3
                                                 W: 0
                                                NW: 2

        Precipitation:  Melted:        73.2 mm         YTD:   184.4 mm
                          Snow:           9 cm         YTD:      18 cm
                Days with Precipitation:         20
                Days with Snow:                   6
                Maximum Snowstake Depth:          9 cm Day: 29

        Clouds: Average Cloud Coverage:          49%
                Days Overcast:                    6
                Days Partly Cloudy:              11
                Days Clear:                      13


============================== Daily Weather Data ==============================
Column Titles:
        1. Day                        10. Wind 2-Min Peak Direction  (knots)
        2. Temperature High    (C)    11. Wind Avg                   (knots)
        3. Temperature Low     (C)    12. Wind Prevailing Direction
        4. Temperature Avg     (C)    13. Precipitation Melted       (mm)
        5. Pressure High      (mb)    14. Precipitation Snow         (cm)
        6. Pressure Low       (mb)    15. Depth at Snowstake         (cm)
        7. Pressure Avg       (mb)    16. Sky Coverage               (tenths)
        8. Wind 5-Sec Peak (knots)    17. Sea Temp/Ice               (WMO coding)
        9. Wind 2-Min Peak (knots)

 1  3.2  0.7   1.9  997.1  991.5  995.8 22  18 028 10 N    0.0  0 0   9 010040/5/0
 2  3.2  0.5   1.6  995.6  985.4  990.1 13  11 125  3 SE   0.0  0 0  10 000000/5/0
 3  3.5 -1.6   0.8  985.5  978.7  983.9 33  30 044  5 E    0.0  0 0   6 000070/6/0
 4  3.3  0.8   2.0  978.7  971.6  973.6 35  24 075 10 E    0.0  0 0   1 000110/6/0
 5  4.7  0.6   1.9  983.5  973.6  979.9 22  20 054  5 NE   0.3  0 0   2 000110/6/0
 6  6.0  1.0   3.4  984.2  981.2  983.2 33  26 026  8 SE   1.0  0 0   8 000110/6/0
 7  4.7  0.4   2.6  981.2  967.3  976.5 47  37 030 12 NE   4.6  0 0   5 000120/6/0
 8  4.2  0.3   1.6  978.0  965.8  970.6 39  32 020 17 N   12.2  T 0   4 000100/5/0
 9  1.5  0.7   1.1 1004.9  978.0 1000.3 30  24 226 15 SW   0.0  0 0 N/A 000080/5/0
10  3.2 -0.4   1.3 1005.9  997.1 1003.9 11   9 127  3 SE   0.8  0 0   2 000100/5/0
11  6.9  1.4   4.0  997.1  977.8  984.3 38  29 338 15 N   22.1  0 0   4 000120/5/0
12  3.1  0.6   1.9  991.4  976.6  983.3 38  30 318 19 NW   2.3  0 0   3 000090/5/0
13  6.0  0.6   4.1  989.8  976.6  982.1 57  41 348 26 N   11.2  0 0   4 000080/5/0
14  2.8  1.3   2.0  996.4  980.9  987.6 34  26 337 17 NW   0.0  0 0   6 000030/5/0
15  2.8 -0.5   0.9 1002.4  996.4 1000.4 16  13 313  6 N    0.0  0 0   4 010010/6/0
16  3.0 -1.4   0.5 1006.5 1002.2 1005.0 13  10 122  3 NE   0.5  1 1   0 000060/6/0
17  6.3  0.5   2.8 1004.5  987.0  996.1 31  23 069  5 N    3.1  0 0   1 000100/6/0
18  3.8  0.2   1.4  987.8  981.7  983.8 25  18 073  6 N    5.8  2 2   7 000040/6/0
19  5.9  1.1   3.9  989.6  986.9  988.1 39  30 035 12 NE   1.5  0 0   8 000080/6/0
20  3.1 -0.3   1.3  992.3  988.6  991.2 11  10 291  3 N    1.0  0 0   5 000100/5/0
21  2.0 -2.7  -0.6  998.9  991.8  995.3 11   9 119  3 SE   0.0  0 0   7 000130/5/0
22  1.8 -1.3   0.2  998.9  990.7  994.6 11   9 343  3 NE   0.0  0 0   9 000120/6/0
23  1.4 -0.7   0.1  993.2  987.6  991.3 27  18 118  6 SE   2.3  3 2   7 000050/5/0
24  6.4  0.2   3.3  987.8  974.3  978.2 45  37 042 18 NE   0.3  0 0   5 000150/6/0
25  3.8 -0.4   1.6  979.3  972.3  974.5 26  21 065  9 E    0.8  0 0   7 000140/5/0
26  1.1 -1.8  -0.5  982.6  979.2  981.4 21  17 318  5 NE   1.8  1 0   6 000110/5/0
27  0.9 -2.6  -0.7  979.6  967.2  971.0 41  33 038 16 E    1.0  2 6   0 000110/5/0
28 -0.7 -3.2  -1.8  979.7  972.0  977.1 21  15 232  6 E    0.0  0 4   9 000090/5/0
29 -0.8 -5.0  -2.7  986.8  969.9  976.0 56  39 246 23 SW   0.5  0 9   0 000040/5/0
30  4.0 -3.1  -1.2  991.8  986.8  990.4 28  22 220  9 SW   0.0  0 7   0 000030/5/0
31  7.1  1.6   4.2  988.8  975.8  980.2 44  33 044 15 NE   0.3  0 4   7 000120/5/0