********************************************************************************
Palmer Station Weather Highlights:       December 2004

        Temperature:    Abs Max:     9.8 C          Day: 30
                        Abs Min:    -5.4 C          Day: 21
                            Avg:     1.3 C
                        Avg Max:     4.8 C
                        Avg Min:    -1.0 C

        Pressure:       Abs Max:  1006.3 mb         Day: 16
                        Abs Min:   964.3 mb         Day: 2
                            Avg:   990.2 mb
                        Avg Max:   993.7 mb
                        Avg Min:   986.7 mb

        Wind:             Peak:       48 kts        Day: 26
                           Avg:        6 kts
                        Days Prevailing:      N: 6
                                             NE: 2
                                              E: 2
                                             SE: 4
                                              S: 1
                                             SW: 1
                                              W: 5
                                             NW: 10

        Precipitation:  Melted:     35.8 mm         YTD:   568.2 mm
                          Snow:       23 cm         YTD:     290 cm
                Maximum Snowstake Depth:      24 cm Day: 2


============================== Daily Weather Data==============================
Column Titles:
        1. Day                         9. Wind 2-Min Peak (knots)
        2. Temperature High    (C)    10. Wind 2-min Peak Direction (degrees)
        3. Temperature Low     (C)    11. Wind Average (knots)
        4. Temperature Average (C)    12. Wind Prevailing Direction
        5. Pressure High      (mb)    13. Precipitation Melted (cm)
        6. Pressure Low       (mb)    14. Precipitation Snow (cm)
        7. Pressure Average   (mb)    15. Depth at Snowstake (cm)
        8. Wind 5-Sec Peak (knots)    16. Sea Temp/Ice (WMO code)

 1   6.2   0.4   1.7  989.8  964.9  976.6 32 20 104  6 NW  0.3  0  16 010070/6/0
 2   4.1  -0.5   0.8  967.6  964.3  965.1 10  8 311  3 NW  9.9 11  24 0100544692
 3   4.3  -0.9   0.8  974.4  967.6  971.3 10  8 344  4 W   0.0  0  16 0100544692
 4   3.3  -0.6   0.7  976.8  974.4  975.7  7  6 337  2 NW  4.1  0  14 0100554692
 5   5.2  -1.2   0.6  979.3  976.8  978.4 12 10 323  2 NW  1.5  3  16 0100454692
 6   2.7  -1.4   0.2  978.9  969.3  973.1 35 25 121 10 SE  3.1  3  14 0100824691
 7   3.6  -1.4   0.2  991.8  973.4  982.9 14 11 330  6 NW  3.1  2  16 0101054693
 8   6.7  -0.6   1.3 1002.0  991.9  998.7 14 11 119  5 NW  0.0  0  10 0100954792
 9   5.6   0.5   2.8  999.7  988.0  993.1 36 27 015 10 N   0.5  0   0 0100624791
10   5.6  -1.1   1.5  999.1  993.4  996.7 17 13 313  4 NW  3.1  1   0 0100644792
11   7.9  -4.4   2.0  997.4  993.4  994.9 17 12 130  3 SE  0.0  0   0 0100364791
12   7.8  -2.3   0.7 1004.8  997.4 1001.4 19 16 323  5 NW  0.0  0   0 0001164791
13   2.2  -2.0  -0.8 1005.9 1004.7 1005.3  9  8 267  4 W   0.0  0   0 0100854792
14   3.5  -1.7   0.5 1005.0 1001.7 1003.2 12 10 037  3 SW  0.0  0   0 0101254792
15   3.9  -1.9   0.8 1004.6 1000.7 1001.9 13 10 338  4 W   0.0  0   0 0100144792
16   1.0  -1.3  -0.5 1006.3 1003.4 1005.4 10  8 326  4 NW  1.3  0   0 0100854792
17   5.6  -1.4   0.8 1003.3  998.1  999.8  7  6 253  2 W   0.8  0   0 0100644792
18   3.0  -0.8   0.7  999.2  997.7  998.3  5  4 137  1 S   0.0  0   0 0100744792
19   0.7  -1.1  -0.3  999.3  989.1  996.1 25 19 003  7 N   1.0  1   0 0100544792
20   3.1  -2.2  -0.3  990.7  987.8  988.7 17 13 322  6 NW  1.3  1   0 0100544792
21   6.7  -5.4   1.1  993.6  990.7  992.2 12  8 120  3 NE  0.0  0   0 0100644792
22   5.5  -2.7   1.9  993.8  986.5  989.8 34 24 101 12 E   0.0  0   0 010080/7/0
23   6.3   1.1   3.2  993.8  986.4  988.9 30 22 101 11 E   0.0  0   0 010040/7/0
24   4.4   0.1   1.8 1002.7  993.8  999.0 14 11 331  5 N   0.0  0   0 010070/7/0
25   4.5  -2.0   1.0 1003.9  995.9 1002.0  8  7 318  2 W   0.8  0   0 0100324792
26   7.5   1.0   4.5  996.0  980.4  986.3 48 37 036 20 NE  1.5  0   0 0100224791
27   3.7   0.6   2.2  988.2  980.1  983.4 38 30 030 18 N   2.3  1   0 010050/7/0
28   3.7  -0.6   0.8  989.9  980.9  986.8 32 26 347  9 SE  1.3  0   0 010030/7/0
29   6.7   0.7   2.9  990.2  985.6  988.3 14 12 142  3 SE  0.3  0   0 000040/7/0
30   9.8   1.7   4.9  986.5  983.1  984.2 19 13 123  4 N   0.0  0   0 000060/7/0
31   4.8   0.8   1.4  989.7  986.5  988.6 26 22 016 13 N   0.0  0   0 000060/7/0