********************************************************************************
Palmer Station Weather Highlights:       November 2004

        Temperature:    Abs Max:     7.1 C          Day: 11
                        Abs Min:    -5.8 C          Day: 6
                            Avg:     0.0 C
                        Avg Max:     3.1 C
                        Avg Min:    -2.4 C

        Pressure:       Abs Max:  1021.7 mb         Day: 11
                        Abs Min:   963.7 mb         Day: 7
                            Avg:   992.0 mb
                        Avg Max:   997.4 mb
                        Avg Min:   986.0 mb

        Wind:             Peak:       59 kts        Day: 18
                           Avg:       10 kts
                        Days Prevailing:      N: 7
                                             NE: 2
                                              E: 2
                                             SE: 6
                                              S: 0
                                             SW: 4
                                              W: 2
                                             NW: 7

        Precipitation:  Melted:     49.0 mm         YTD:   532.4 mm
                          Snow:       31 cm         YTD:     267 cm
                Maximum Snowstake Depth:      84 cm Day: 8


============================== Daily Weather Data==============================
Column Titles:
        1. Day                         9. Wind 2-Min Peak (knots)
        2. Temperature High    (C)    10. Wind 2-min Peak Direction (degrees)
        3. Temperature Low     (C)    11. Wind Average (knots)
        4. Temperature Average (C)    12. Wind Prevailing Direction
        5. Pressure High      (mb)    13. Precipitation Melted (cm)
        6. Pressure Low       (mb)    14. Precipitation Snow (cm)
        7. Pressure Average   (mb)    15. Depth at Snowstake (cm)
        8. Wind 5-Sec Peak (knots)    16. Sea Temp/Ice (WMO code)

 1   0.7  -3.3  -2.0  999.4  990.9  993.3 22 18 226  7 SW  2.0  2  66 0101694692
 2  -0.2  -5.3  -3.7  991.5  987.6  988.6 20 16 247  7 SW  0.0  1  67 0101694692
 3   0.2  -5.2  -3.3  988.0  973.4  978.8 34 24 247  9 SW  1.0  2  67 0101594692
 4   1.8  -4.9  -3.1  985.6  977.5  983.4 22 17 207  6 SW  0.0  0  62 0101594692
 5   0.0  -4.2  -1.8  986.3  980.3  983.9 38 30 019  9 SE  1.5  4  66 0101494692
 6   0.7  -5.8  -2.2  983.8  976.3  979.4 31 23 358 13 NW  1.5  2  68 0101493691
 7   0.5  -5.7  -2.4  983.6  963.7  974.9 41 34 024 14 N   0.0  1  66 0101583691
 8   0.1  -3.2  -2.2  989.0  963.9  974.5 35 27 021 14 N  10.9 14  84 0101683692
 9   2.3  -3.4  -1.1 1005.7  989.1 1001.3 26 21 007  9 NW  0.0  0  84 0101693692
10   4.7   0.0   1.5 1020.3 1004.5 1014.1 17 14 338  5 NW  0.3  0  76 0101692691
11   7.1  -3.2   1.3 1021.7 1016.3 1020.0  8  7 119  2 SE  0.0  0  71 0101592692
12   5.1  -1.2   1.6 1016.5 1005.6 1009.9 13 10 131  4 SE  0.0  0  68 0101582692
13   6.7   0.7   1.9 1006.0 1000.1 1003.6 19 13 002  4 SE  5.6  0  65 0101282692
14   2.5  -1.0   0.1 1005.4  997.4 1000.6 20 16 258  7 W   6.1  3  67 0101192692
15   3.4  -5.5  -0.1 1013.6 1000.7 1007.7 34 25 002  9 NW  0.8  0  66 0101192692
16   5.1  -1.7   2.3 1013.6  996.7 1004.1 46 38 028 19 NE  3.1  0  56 0101382691
17   4.2  -2.3   1.1 1003.3  988.2  995.7 48 40 021 15 N   2.5  0  54 0101324961
18   6.5   0.4   2.4  998.4  972.1  987.6 59 46 022 21 N   5.8  0  50 0101324961
19   2.0  -0.8   0.4  997.4  973.3  989.5 46 36 325 16 N   0.5  0  45 0101244692
20   4.3  -2.5   1.1  998.3  979.8  990.3 46 36 046 12 E   2.3  0  42 0100924691
21   1.6  -1.6  -0.4  986.2  979.3  982.8 26 22 013 11 NW  0.3  1  40 0100964692
22   2.8  -0.1   1.8  980.9  973.3  975.4 45 32 030 20 NE  2.5  0  38 010080/6/0
23   3.3   0.9   2.1  975.4  970.6  972.6 48 34 018 21 N   1.3  0  36 0100524692
24   3.5  -1.3   0.9  979.6  971.3  975.8 32 27 020  8 N   0.0  0  34 0100324692
25   1.2  -1.7  -0.2  986.7  979.6  983.2 12 11 313  4 NW  0.0  0  33 0100224692
26   2.2  -1.8  -0.6  992.6  986.7  990.0 12 10 303  5 NW  0.0  0  32 0000244692
27   4.1  -2.3  -0.5 1001.7  992.6  996.2 11  9 248  3 W   1.0  1  31 0000424692
28   5.1  -4.5  -0.4 1005.8 1001.7 1004.1 12  9 013  3 SE  0.0  0  31 0000954692
29   6.6  -1.5   2.2 1006.0  999.2 1004.3 23 17 070  4 SE  0.0  0  25 0000634692
30   6.3   1.3   3.7  999.2  989.7  993.0 33 26 030 13 E   0.0  0  21 0000324692