********************************************************************************
Palmer Station Weather Highlights:       September 2004

        Temperature:    Abs Max:     5.5 C          Day: 4
                        Abs Min:   -22.9 C          Day: 6
                            Avg:    -6.8 C
                        Avg Max:    -2.9 C
                        Avg Min:   -10.8 C

        Pressure:       Abs Max:  1008.8 mb         Day: 10
                        Abs Min:   936.5 mb         Day: 18
                            Avg:   978.1 mb
                        Avg Max:   984.5 mb
                        Avg Min:   971.4 mb

        Wind:             Peak:       68 kts        Day: 1
                           Avg:       10 kts
                        Days Prevailing:      N: 6
                                             NE: 7
                                              E: 4
                                             SE: 1
                                              S: 0
                                             SW: 2
                                              W: 7
                                             NW: 3

        Precipitation:  Melted:     25.9 mm         YTD:   432.1 mm
                          Snow:       41 cm         YTD:     211 cm
                Maximum Snowstake Depth:      90 cm Day: 19


============================== Daily Weather Data ==============================
Column Titles:
        1. Day                         9. Wind 2-Min Peak            (knots)
        2. Temperature High    (C)    10. Wind 2-min Peak Direction  (degrees)
        3. Temperature Low     (C)    11. Wind Average               (knots)
        4. Temperature Average (C)    12. Wind Prevailing Direction
        5. Pressure High      (mb)    13. Precipitation Melted       (cm)
        6. Pressure Low       (mb)    14. Precipitation Snow         (cm)
        7. Pressure Average   (mb)    15. Depth at Snowstake         (cm)
        8. Wind 5-Sec Peak (knots)    16. Sea Temp/Ice               (WMO code)

 1   0.1 -14.8  -4.5 1000.2  965.8  980.7 68 55 022 23 N   4.1  3  65 0101582661
 2 -14.0 -22.2 -19.0  994.1  971.0  980.2 34 28 234 16 W   0.0  0  59 0101692693
 3 -11.0 -20.4 -16.9 1004.2  994.1 1001.3 20 16 264  6 W   0.0  0  59 0101794693
 4   5.5 -11.5  -3.8  999.7  964.2  980.2 42 30 075 13 E   0.0  0  58 0101694692
 5   5.0  -5.4  -0.5  977.3  963.8  969.6 39 31 037 11 NW  3.3  0  57 0101694692
 6  -5.5 -22.9 -10.4  977.9  974.2  976.1 13 11 302  5 NW  1.0 13  71 0101694692
 7 -16.8 -22.5 -19.4  975.6  971.0  973.7 19 16 264  7 W   0.3  0  65 0101794692
 8 -13.0 -20.8 -15.6  975.9  962.0  967.0 23 19 225  8 SW  0.0  0  63 0101795692
 9  -7.7 -17.8 -12.9 1000.2  975.8  989.4 17 12 330  5 N   0.8  0  62 0101795692
10  -4.0 -16.6 -10.5 1008.8 1000.3 1005.5 13  8 341  4 N   0.0  0  61 0101795692
11   2.8 -10.8  -5.0 1008.4  981.0  998.1 41 33 029  6 NE  0.0  0  61 0101795692
12   3.7  -0.2   1.3  981.2  972.1  975.1 33 23 066  6 SE  3.6  1  57 0101795692
13   0.0  -4.0  -2.3  988.0  976.1  982.0 11 10 327  4 NW  0.5  0  57 0101785692
14   2.4  -3.3   0.1  988.0  978.3  983.5 54 38 005 16 N   2.0  4  61 0101785692
15   0.5  -3.1  -1.7  978.4  971.8  975.6 37 28 337 15 N   1.3  1  57 0101785661
16   0.6  -5.2  -1.8  977.2  963.0  972.2 52 40 029 23 NE  0.3  0  56 010160/6/0
17   3.4  -0.2   1.1  964.7  946.4  958.5 42 32 021 16 N   0.5  1  59 010140/6/0
18   2.9  -7.3  -0.9  948.6  936.5  940.5 59 48 036 19 NE  1.3  2  60 010140/6/0
19  -7.4 -10.8  -9.0  959.6  948.6  955.2 35 28 335 10 SW  0.8  5  90 0101654693
20  -6.8 -12.4 -10.0  965.8  959.6  963.9 25 19 242  9 W   0.0  0  75 0101654693
21  -2.2  -7.6  -4.6  964.3  954.0  958.6 33 25 072 13 E   0.0  0  63 0101654462
22  -2.3  -8.0  -5.3  970.6  964.3  968.1 24 18 119  9 E   0.0  0  62 0101684662
23  -6.0 -12.0  -8.8  973.9  970.5  972.3 14 12 073  5 NE  0.0  0  62 0101684662
24  -4.7 -13.3  -9.3  973.7  964.8  968.3 20 15 115  7 NE  0.0  1  63 0101784662
25  -3.6 -10.3  -7.6  985.0  967.4  976.8 27 21 234 12 E   0.0  0  62 0101684662
26  -5.6 -12.5  -9.8  988.2  985.0  987.1 24 19 246  8 W   0.3  0  62 0101694663
27  -1.6  -8.4  -4.9  995.7  984.5  987.2 24 20 241  9 W   1.8  6  68 0101794692
28  -3.6  -9.7  -8.0 1007.9  995.7 1004.1 17 14 260  5 W   0.0  0  60 0101794692
29   1.0  -8.1  -4.8 1007.3  994.1 1002.4 25 20 024  3 NE  0.0  0  60 0101794692
30   1.6  -2.6  -0.2  994.3  985.9  988.6 46 37 030 12 NE  4.3  4  63 0101794692