********************************************************************************
Palmer Station Weather Highlights:       June 2004

        Temperature:    Abs Max:     6.1 C          Day: 4
                        Abs Min:    -9.3 C          Day: 16
                            Avg:    -2.8 C
                        Avg Max:    -1.0 C
                        Avg Min:    -4.5 C

        Pressure:       Abs Max:  1019.8 mb         Day: 17
                        Abs Min:   962.0 mb         Day: 9
                            Avg:   987.9 mb
                        Avg Max:   991.8 mb
                        Avg Min:   983.8 mb

        Wind:             Peak:       55 kts        Day: 9
                           Avg:        8 kts
                        Days Prevailing:      N: 7
                                             NE: 8
                                              E: 4
                                             SE: 2
                                              S: 0
                                             SW: 8
                                              W: 1
                                             NW: 0

        Precipitation:  Melted:     14.5 mm         YTD:   357.1 mm
                          Snow:       22 cm         YTD:     121 cm
                Maximum Snowstake Depth:      36 cm Day: 30


============================== Daily Weather Data ==============================
Column Titles:
        1. Day                         9. Wind 2-Min Peak            (knots)
        2. Temperature High    (C)    10. Wind 2-min Peak Direction  (degrees)
        3. Temperature Low     (C)    11. Wind Average               (knots)
        4. Temperature Average (C)    12. Wind Prevailing Direction
        5. Pressure High      (mb)    13. Precipitation Melted       (cm)
        6. Pressure Low       (mb)    14. Precipitation Snow         (cm)
        7. Pressure Average   (mb)    15. Depth at Snowstake         (cm)
        8. Wind 5-Sec Peak (knots)    16. Sea Temp/Ice               (WMO code)

 1   4.7  -1.1   0.3 1004.6  985.8  996.5 25 21 044  4 SE  0.8  0  25 010130/6/0
 2   3.9   0.7   1.8  987.6  980.5  984.4 44 33 019 13 N   0.0  0  23 010090/6/0
 3   4.3  -1.2   2.0  985.0  975.9  980.8 46 39 021 12 NE  0.0  0  22 010080/6/0
 4   6.1  -0.3   2.7  976.0  970.5  972.2 34 25 074  9 E   0.0  0  22 010050/6/0
 5   1.1  -2.6  -1.0  977.5  970.4  972.9 15 12 119  4 N   0.3  0  22 0100920690
 6  -1.8  -4.1  -3.0  979.4  977.4  978.6 17 13 237  7 W   0.0  1  23 010110/6/0
 7  -2.1  -4.4  -3.3  980.6  976.4  978.2 23 19 232  8 SW  1.0  2  24 010090/6/0
 8  -1.8  -4.7  -3.7  980.5  971.8  976.8 27 21 313  7 N   0.0  0  24 010130/6/0
 9  -2.3  -5.0  -2.9  974.2  962.0  968.9 55 44 032 14 N   1.0  1  28 010100/6/0
10  -0.1  -3.2  -1.6  985.2  965.9  976.1 40 32 247 18 SW  3.8  2  24 010160/6/0
11   1.3  -2.9  -0.8  983.2  966.6  973.1 37 30 050 11 SE  3.1  2  25 010080/6/0
12   0.8  -2.2  -0.6  986.4  975.0  982.2 48 40 032 18 N   0.8  0  25 010110/6/0
13   0.8  -7.6  -4.7  990.6  971.9  983.7 48 36 232 19 SW  0.8  1  28 010160/6/0
14  -1.0  -5.6  -3.8  999.9  984.4  990.5 45 36 226 22 SW  0.3  1  28 010160/6/0
15  -1.2  -4.8  -3.1 1003.9  998.6 1001.6 27 21 212 11 SW  0.0  0  28 010160/6/0
16  -4.2  -9.3  -6.8 1016.7  998.8 1008.8 49 38 119 15 E   0.0  0  28 010090/6/0
17  -5.3  -6.3  -5.7 1019.8 1015.1 1018.3 23 19 233  7 SW  0.0  0  28 010120/6/0
18  -5.5  -6.5  -6.0 1015.0 1008.2 1010.5 18 14 232  8 SW  0.0  0  27 010120/6/0
19  -5.2  -6.5  -5.9 1008.4 1007.0 1007.8 15 13 240  5 SW  0.0  0  27 010110/6/0
20  -6.0  -7.8  -6.9 1009.0 1007.0 1008.1 10  7 241  3 E   0.0  0  27 010110/6/0
21  -0.1  -7.7  -3.9 1007.4 1000.4 1004.2 11  9 098  3 E   0.0  0  27 010130/6/0
22   0.9  -1.2  -0.3 1000.6  993.5  996.1 11  9 138  3 N   0.0  0  27 0101020690
23  -0.2  -4.1  -2.4  993.6  984.5  989.6 11  9 018  3 NE  0.0  0  26 010140/6/0
24  -1.6  -3.9  -2.3  984.5  976.7  979.9  7  6 356  2 NE  1.0  2  27 010130/6/0
25  -0.8  -2.8  -1.7  982.3  977.4  980.5  9  8 356  3 N   0.3  1  29 010130/6/0
26  -2.1  -7.4  -5.0  984.6  982.0  983.1 11  9 004  4 NE  0.0  0  28 010170/6/0
27  -3.3  -7.9  -5.4  985.0  983.0  983.8 13 12 024  4 NE  0.0  0  28 0101760660
28  -2.7  -4.4  -3.4  984.0  982.4  983.4 12 11 011  3 NE  0.0  0  28 0101660660
29  -2.9  -4.1  -3.5  983.9  980.9  981.9  6  5 024  2 NE  0.8  6  32 0101750663
30  -2.6  -5.6  -3.5  984.6  983.4  984.1 23 19 024  6 NE  0.8  3  36 0101760660
