********************************************************************************
Palmer Station Weather Highlights:       August 2004

        Temperature:    Abs Max:     1.4 C          Day: 10
                        Abs Min:   -22.0 C          Day: 7
                            Avg:    -6.9 C
                        Avg Max:    -3.4 C
                        Avg Min:   -10.5 C

        Pressure:       Abs Max:  1013.1 mb         Day: 8
                        Abs Min:   966.5 mb         Day: 14
                            Avg:   989.6 mb
                        Avg Max:   995.6 mb
                        Avg Min:   982.2 mb

        Wind:             Peak:       75 kts        Day: 30
                           Avg:       13 kts
                        Days Prevailing:      N: 8
                                             NE: 3
                                              E: 2
                                             SE: 3
                                              S: 0
                                             SW: 9
                                              W: 1
                                             NW: 5

        Precipitation:  Melted:     23.9 mm         YTD:   406.2 mm
                          Snow:       29 cm         YTD:     170 cm
                Maximum Snowstake Depth:      67 cm Day: 6


============================== Daily Weather Data ==============================
Column Titles:
        1. Day                         9. Wind 2-Min Peak            (knots)
        2. Temperature High    (C)    10. Wind 2-min Peak Direction  (degrees)
        3. Temperature Low     (C)    11. Wind Average               (knots)
        4. Temperature Average (C)    12. Wind Prevailing Direction
        5. Pressure High      (mb)    13. Precipitation Melted       (cm)
        6. Pressure Low       (mb)    14. Precipitation Snow         (cm)
        7. Pressure Average   (mb)    15. Depth at Snowstake         (cm)
        8. Wind 5-Sec Peak (knots)    16. Sea Temp/Ice               (WMO code)

 1  -1.1  -6.5  -3.6  992.0  985.9  989.6 54 43 033 16 N   1.3  3  42 0101752663
 2  -5.5  -9.4  -7.6 1005.1  992.0 1000.1 25 22 231  8 SW  0.0  0  41 0101682692
 3  -0.2  -9.4  -3.0 1007.8  994.2 1001.5 47 36 354 17 N   0.5  1  43 0101682661
 4   0.2 -11.6  -5.1 1008.1  986.5  996.0 60 46 021 23 N   0.3  0  46 0101662661
 5  -1.0  -7.3  -3.0  996.5  987.6  992.2 46 35 331 22 NW  2.3  3  45 0101752662
 6  -0.4 -11.6  -2.0  995.2  980.0  989.2 45 34 329 23 NW  1.0  2  67 0101752663
 7 -11.3 -22.0 -17.8 1011.4  985.9  998.2 44 32 231 20 SW  0.0  0  62 0101792693
 8 -11.3 -21.3 -18.2 1013.1 1006.0 1010.7 24 20 260  6 SE  0.0  0  61 0101892692
 9  -0.8 -11.2  -4.8 1006.0  989.5  995.9 36 28 104  9 SE  2.3  4  63 0101792692
10   1.4  -6.6  -0.4  999.0  973.0  990.3 50 39 037 21 NE  0.3  0  59 0101892692
11   1.1  -1.6   0.0  982.4  969.5  977.7 42 31 016 17 N   1.3  0  58 0101792661
12  -0.8  -2.2  -1.4  984.3  971.7  978.4 52 39 035 18 N   0.0  0  58 0101762661
13  -0.8  -7.2  -4.5  972.7  969.9  971.5 23 19 025  9 N   0.3  3  63 0101722691
14  -4.8 -10.4  -7.9  977.8  966.5  969.7 20 16 209  7 SW  0.0  0  60 0101751692
15  -9.9 -15.3 -14.0  992.0  977.7  985.4 25 20 217 10 SW  0.0  0  60 0101791693
16  -7.9 -15.5 -12.3  999.4  980.7  991.1 29 23 235  7 SE  1.3  4  63 0101692693
17  -8.1 -12.4 -10.3  994.7  987.0  990.2 31 25 236  8 NW  0.0  0  60 0101692692
18  -0.4 -10.6  -6.2  996.1  980.9  989.6 41 27 020  8 NW  2.3  3  60 0101692692
19  -2.1  -9.4  -7.3  995.6  982.0  989.9 26 22 243 11 SW  1.0  1  59 0101792692
20   1.4  -4.9  -1.5  994.7  969.1  986.0 68 39 013 19 N   7.1  2  60 0101792692
21   0.8 -13.5  -7.3  986.3  966.9  976.8 32 26 336 14 W   0.8  1  61 0101692692
22  -9.7 -13.8 -12.4  995.5  986.3  991.3 22 19 227  7 SW  0.0  0  60 0101692692
23  -5.5 -12.4  -7.5  995.2  980.8  987.8 30 25 052  9 E   0.0  0  60 0101782662
24  -4.5  -8.2  -6.8  988.5  981.1  984.8 30 22 117 10 E   0.0  0  60 0101682662
25  -7.9 -13.1 -11.2  989.5  984.2  986.3 23 19 229  5 SW  0.0  0  60 0101682663
26  -8.7 -15.5 -12.6 1002.9  989.6  998.1 21 17 227  6 SW  0.0  0  60 0101692693
27  -1.9  -9.5  -4.3 1003.2  996.1 1000.7 30 23 016  9 NE  0.0  0  60 0101692692
28   0.6  -2.7  -0.9  996.2  988.5  992.0 49 37 030 14 NE  1.8  2  61 0101682661
29  -0.5  -6.6  -3.0  992.0  986.7  990.0 31 23 018  7 N   0.0  0  62 0101582662
30  -0.4  -7.2  -3.4  987.0  971.7  980.2 75 53 021 22 NW  0.3  0  62 0101682661
31  -5.7 -16.5 -13.7 1003.9  979.7  995.0 40 32 236 13 SW  0.0  0  63 0101592663
