********************************************************************************
Palmer Station Weather Highlights:      August 2001

        Temperature:    Abs Max:    2.2 C          Day: 5
                        Abs Min:  -17.6 C          Day: 17
                            Avg:   -5.7 C
                        Avg Max:   -2.4 C
                        Avg Min:   -9.6 C

        Pressure:       Abs Max:  996.8 mb         Day: 2
                        Abs Min:  943.0 mb         Day: 17
                            Avg:  975.4 mb
                        Avg Max:  981.3 mb
                        Avg Min:  968.6 mb

        Wind:             Peak:      89 kts        Day: 14
                           Avg:      17 kts
                        Days Prevailing:     N: 13
                                            NE: 2
                                             E: 1
                                            SE: 1
                                             S: 0
                                            SW: 4
                                             W: 2
                                            NW: 8

        Precipitation:  Melted:    86.0 mm         YTD:   382.1 mm
                          Snow:      47 cm         YTD:     184 cm
                Days with Precipitation:     31
                Days with Snow:              31
                Maximum Snowstake Depth:     91 cm Day: 16

        Clouds: Average Cloud Coverage:      95%
                Days Overcast:               29
                Days Partly Cloudy:           1
                Days Clear:                   1



============================== Daily Weather Data ==============================
Column Titles:
        1. Day                         9. Wind Peak Direction (degrees)
        2. Temperature High   (C)     10. Wind Avg              (knots)
        3. Temperature Low    (C)     11. Wind Prevailing Direction
        4. Temperature Avg    (C)     12. Precipitation Melted     (mm)
        5. Pressure High     (mb)     13. Precipitation Snow       (cm)
        6. Pressure Low      (mb)     14. Depth at Snowstake       (cm)
        7. Pressure Avg      (mb)     15. Sky Coverage         (tenths)
        8. Wind Peak      (knots)     16. Sea Temp/Ice     (WMO coding)

01  -0.2  -8.3  -5.1  995.3  988.7  991.9 28 320 11 NW  1.1  T  44 10 0101740781
02  -6.2 -10.8  -8.6  996.8  992.7  995.0 12 210  3 NE  0.1  T  44 10 0101830781
03  -1.5  -9.6  -2.9  992.7  987.9  989.2 22 260  5 NW  2.0  2  48 10 0101830782
04   1.8  -3.2   0.2  990.5  980.3  985.1 35 360 17  N 13.8  3  50 10 0101730782
05   2.2  -0.2   0.8  980.3  965.0  969.7 57 360 31 NW  5.3  T  44 10 0101730671
06   0.5  -8.0  -5.0  971.3  964.0  968.2 32 240 13 NW  2.3  4  47 10 0101720681
07  -4.5 -12.9  -8.2  983.9  967.1  973.0 20 220  8  W  2.7  2  47 10 0101862613
08 -12.4 -15.6 -13.5  995.0  983.9  992.0 16 270  8  W  1.3  2  49 10 0101862613
09  -1.0 -12.4  -3.6  996.1  985.8  991.9 44 340 13 NW  4.2  4  53 10 0101862613
10  -0.3  -4.3  -2.2  993.6  984.1  989.1 38 340 18 NW  4.1  3  52 10 0101862613
11   0.5  -0.5  -0.1  985.4  978.0  982.0 49 350 29 NW  6.0  T  71 10 0101862613
12   0.2  -6.2  -2.0  978.0  965.0  969.4 55 350 27  N  5.3  1  69 10 0101862612
13  -3.3 -10.9  -6.3  971.8  958.5  965.6 47 250 20  N  0.5  T  70 10 0101862783
14   0.3 -12.0  -7.5  964.0  949.7  957.7 89 020 30  N  1.1  T  66  1 0101862783
15  -5.5 -16.9 -11.0  957.0  945.2  952.2 33 340 12  N 11.9 19  74 10 0101762681
16 -11.6 -16.8 -14.5  978.5  954.6  969.6 28 230  8 SW  0.1  T  91 10 0101762813
17  -1.7 -17.6  -8.9  978.5  943.0  958.4 69 050 20 NE  3.5  2  64 10 0101832681
18   0.5 -14.8  -3.9  976.8  962.8  970.2 47 310 18 NW  1.1  T  63  9 0101632781
19   0.4  -4.4  -1.9  978.2  963.5  971.1 68 010 33  N  1.4  T  64 10 0101722610
20  -3.0 -10.6  -6.5  981.8  946.5  968.2 80 080 22  E  5.7  T  64  7 0101732641
21  -2.1  -4.0  -3.1  951.6  947.3  950.3 52 030 18  N  0.7  T  62  9 01015327/1
22  -1.2  -6.7  -3.5  960.0  944.6  950.4 37 320 22  N  0.9  T  62 10 01016226/0
23  -5.8 -11.0  -9.7  969.2  960.0  967.1 25 220  7 SW  2.7  4  70 10 01018226/0
24  -9.1 -13.7 -12.3  983.0  968.9  975.4 24 250 10 SW  0.7  T  68 10 01018326/3
25  -4.2 -14.0 -10.0  995.6  983.0  992.6 25 070  7 SW  0.5  T  67 10 01018426/3
26  -0.5  -7.3  -2.5  995.3  990.2  993.6 35 020 16  N  0.6  T  67 10 01016426/1
27  -2.2 -10.5  -4.7  990.2  977.7  981.6 42 020 18  N  1.5  1  64  9 01016427/2
28  -1.8 -12.5  -8.7  977.7  967.2  973.3 47 230 17  N  0.7  T  60  9 01018427/3
29  -4.0 -13.2  -9.1  984.0  966.0  978.7 52 020 15 SE  1.5  T  60 10 01018427/1
30   0.2  -5.9  -0.4  986.0  981.0  984.1 54 010 30  N  1.2  T  60 10 0101722681
31   0.8  -3.2  -1.0  981.0  975.2  979.3 64 010 33  N  1.5  T  60 10 01016225/1
