********************************************************************************
Palmer Station Weather Highlights:      October 2001

        Temperature:    Abs Max:    5.0 C          Day: 7
                        Abs Min:  -17.5 C          Day: 3
                            Avg:   -2.3 C
                        Avg Max:    0.5 C
                        Avg Min:   -5.8 C

        Pressure:       Abs Max: 1007.5 mb         Day: 3
                        Abs Min:  943.3 mb         Day: 27
                            Avg:  976.5 mb
                        Avg Max:  984.6 mb
                        Avg Min:  968.6 mb

        Wind:             Peak:      75 kts        Day: 10
                           Avg:      18 kts
                        Days Prevailing:     N: 11
                                            NE: 2
                                             E: 1
                                            SE: 0
                                             S: 0
                                            SW: 1
                                             W: 2
                                            NW: 14

        Precipitation:  Melted:   235.3 mm         YTD:   705.1 mm
                          Snow:     154 cm         YTD:     411 cm
                Days with Precipitation:     29
                Days with Snow:              29
                Maximum Snowstake Depth:    167 cm Day: 28

        Clouds: Average Cloud Coverage:      95%
                Days Overcast:               30
                Days Partly Cloudy:           0
                Days Clear:                   1



============================== Daily Weather Data ==============================
Column Titles:
        1. Day                         9. Wind Peak Direction (degrees)
        2. Temperature High   (C)     10. Wind Avg              (knots)
        3. Temperature Low    (C)     11. Wind Prevailing Direction
        4. Temperature Avg    (C)     12. Precipitation Melted     (mm)
        5. Pressure High     (mb)     13. Precipitation Snow       (cm)
        6. Pressure Low      (mb)     14. Depth at Snowstake       (cm)
        7. Pressure Avg      (mb)     15. Sky Coverage         (tenths)
        8. Wind Peak      (knots)     16. Sea Temp/Ice     (WMO coding)

01   0.5  -9.5  -1.7  997.8  980.0  991.2 53 340 22 NW 11.8 14  92 10 01017526/2
02   0.4 -11.3  -5.9 1001.6  965.2  982.8 60 330 25 NW  9.0  6  90 10 01018526/2
03  -5.8 -17.5 -10.6 1007.5 1001.6 1005.8 12 120  2 NE  0.0  0  88  8 01018526/2
04   2.0  -7.5   0.4 1003.0  992.2  995.2 44 010 23  N  6.6  6  87 10 01018526/2
05   1.8  -0.1   0.6  992.4  981.2  984.9 39 350 22  N  7.5 11  88 10 01018526/2
06   2.7  -1.2  -0.1 1007.1  984.0 1002.0 30 030  8  N  0.4  2  85 10 0101752692
07   5.0  -0.9   1.6 1005.8  981.8  991.2 59 020 29  N  8.0  T  78  9 0101752651
08   1.2  -0.5   0.5  990.0  979.4  985.1 54 010 26  N  8.1  2  72 10 01017526/1
09   2.0  -4.3  -1.1  982.8  976.5  979.2 61 010 20  N 16.2  4  80  9 01018526/2
10   2.5  -4.0  -0.6  977.5  954.9  960.1 75 030 25 NW  2.7  T  80 10 01018526/1
11   0.0  -3.2  -2.0  982.5  962.0  974.2 38 330 23 NW  5.0  8  95 10 01018526/2
12   1.0  -2.9  -0.2  981.3  973.5  976.9 51 010 27 NW  5.9  7 102 10 01017526/2
13   0.8  -4.5  -1.8  983.9  972.3  977.5 51 330 17 NW  2.5  1  97 10 0101752692
14   0.6 -11.1  -4.2  998.8  982.9  993.0 57 020 16 NW  2.9  6  98 10 0101752652
15   2.5  -0.5   0.6  982.9  968.5  975.5 73 020 33 NW  6.6  3  99 10 01017526/2
16   2.8   0.0   0.9  978.0  969.3  975.3 53 330 21 NW  1.8  2  97 10 01017526/2
17   0.0  -6.5  -2.5  980.8  962.0  970.9 36 250 11  W  8.0  6  96 10 01017526/2
18   2.5  -8.9  -2.5  981.1  970.6  975.5 35 020 10  E  0.2  T  94 10 01017526/2
19   1.3  -4.6  -1.5  973.3  962.2  969.5 55 040 11 NE  1.6  T  97 10 0101752652
20   0.0  -3.2  -1.1  962.2  954.7  956.5 66 020 25  N  4.9  5  97 10 01017526/2
21  -1.9  -8.7  -4.0  968.8  951.5  962.7 46 230 14 NW  4.4  5  95 10 0101752692
22   1.2  -5.1  -2.1  967.8  953.8  957.2 36 030 14  N  3.4  4  95 10 01016526/3
23  -2.2  -7.6  -5.6  964.2  956.2  961.9 21 240  5 NW  2.4  7 103  9 0101752692
24  -4.5 -14.9 -10.1  982.7  964.2  975.6 15 330  2 NW  0.0  0 100  4 0101752793
25   0.5 -10.5  -3.1  982.7  970.0  972.6 52 020 14 NW  2.7  T  97 10 0101752692
26  -0.5  -4.2  -2.6  970.9  944.1  953.7 45 030 20  N 12.6  7  96  9 0101752692
27  -3.1 -10.0  -6.0  980.8  943.3  964.0 28 240 10 SW  4.2  6 127  8 0101752692
28   0.5  -9.0  -2.3  982.8  966.0  973.7 43 350 17  N 72.9 36 167 10 01017526/3
29   0.2  -3.2  -1.6  978.9  967.8  975.4 39 020 12  N  7.2  2 167 10 01017966/2
30   0.8  -2.1  -0.8  977.0  970.0  973.5 50 010 23 NW  5.2  T 156 10 01017966/7
31   0.4  -2.0  -1.4  996.1  965.5  979.7 35 280 16  W 10.6  4 158  9 0101786695
