********************************************************************************
Palmer Station Weather Highlights:      November 2001

        Temperature:    Abs Max:    5.5 C          Day: 27
                        Abs Min:  -10.7 C          Day: 7
                            Avg:   -1.1 C
                        Avg Max:    1.9 C
                        Avg Min:   -3.7 C

        Pressure:       Abs Max:  997.8 mb         Day: 1
                        Abs Min:  948.9 mb         Day: 27
                            Avg:  974.2 mb
                        Avg Max:  980.7 mb
                        Avg Min:  967.9 mb

        Wind:             Peak:      67 kts        Day: 12
                           Avg:      13 kts
                        Days Prevailing:     N: 13
                                            NE: 2
                                             E: 6
                                            SE: 0
                                             S: 0
                                            SW: 1
                                             W: 1
                                            NW: 7

        Precipitation:  Melted:   128.0 mm         YTD:   833.1 mm
                          Snow:      68 cm         YTD:     479 cm
                Days with Precipitation:     23
                Days with Snow:              21
                Maximum Snowstake Depth:    164 cm Day: 5

        Clouds: Average Cloud Coverage:      86%
                Days Overcast:               23
                Days Partly Cloudy:           5
                Days Clear:                   2



============================== Daily Weather Data ==============================
Column Titles:
        1. Day                         9. Wind Peak Direction (degrees)
        2. Temperature High   (C)     10. Wind Avg              (knots)
        3. Temperature Low    (C)     11. Wind Prevailing Direction
        4. Temperature Avg    (C)     12. Precipitation Melted     (mm)
        5. Pressure High     (mb)     13. Precipitation Snow       (cm)
        6. Pressure Low      (mb)     14. Depth at Snowstake       (cm)
        7. Pressure Avg      (mb)     15. Sky Coverage         (tenths)
        8. Wind Peak      (knots)     16. Sea Temp/Ice     (WMO coding)

01   0.5  -7.5  -3.3  997.8  971.0  987.7 40 020 12  E  5.9  1 151  8 0101796695
02   0.5  -2.5  -1.3  972.6  955.9  964.3 39 070 14 NW  8.0 12 157 10 0101796695
03   0.8  -5.2  -1.6  971.8  964.6  968.1 52 030 14  N 15.6  8 159  9 0101796694
04   0.5  -8.2  -2.9  981.2  970.0  975.8 32 020 14  N  3.9  1 161  7 0101796695
05   1.8  -7.4  -3.3  985.0  981.0  982.2 29 030  9 NE  1.2  0 164  3 0101786691
06   2.5 -10.5  -3.8  995.0  985.0  990.9  9 070  2 NE  0.0  0 161  2 0101786692
07   1.0 -10.7  -5.4  997.2  994.5  996.1 12 250  2  W  0.0  0 160  7 0101786792
08   2.4  -6.4  -2.4  994.5  979.4  983.7 16 140  4  E  0.0  0 158  8 0101786691
09   2.3  -5.1  -1.5  979.4  974.5  977.2 18 070  3  E  0.0  0 156 10 01016/////
10   2.0  -1.1   0.5  974.5  955.0  960.8 51 020 25 NW  8.0  1 156 10 0101766671
11   1.7  -0.3   0.5  972.8  965.0  969.3 61 030 28  N  5.4  1 154 10 0101636641
12   2.5  -0.1   1.1  972.3  964.0  969.6 67 020 27  N 13.6  T 148 10 0101526450
13   3.0  -1.5   0.3  984.0  972.3  981.6 39 020 17  N  1.3  2 146 10 0101546653
14   2.5   0.0   1.1  982.3  976.2  979.9 39 020 18  N  1.0  T 143 10 0101226650
15   3.3  -1.8  -0.7  985.1  981.5  983.8 32 030  9 NW  0.2  T 142 10 0101546561
16   2.8  -1.9   1.1  981.5  956.9  968.0 49 030 20  E  1.4  T 140  9 0101226590
17   1.4  -3.0  -2.1  959.8  954.0  957.6 46 010 23  N 12.6 12 142 10 0101626490
18  -1.2  -4.5  -3.0  966.3  959.0  962.7 22 350 10  N  5.3  7 146 10 0101726490
19   1.0  -4.3  -2.7  969.5  966.3  968.3 34 010 10  N  2.2  3 150  7 0101426490
20   2.5  -5.5   1.0  968.5  956.7  961.0 37 100 15  E    T  0 147  9 010092/690
21   1.7  -3.9  -0.7  986.0  962.8  977.9 27 110  8 NW  0.0  0 145  6 010072/690
22   0.3  -2.5  -1.7  996.2  986.0  993.3 12 250  5 SW    T  T 142 10 01009/////
23   1.0  -3.0  -1.0  995.9  991.1  993.5 24 360  8  N  2.4  T 142  9 01013564/2
24   3.8  -1.9   0.1  991.1  977.4  982.0 38 110 11  N  0.9  T 143 10 01010264/0
25   3.5  -2.8   0.0  977.4  970.7  973.8 19 360  4  E  0.0  0 141  9 01012/64/0
26   2.2  -4.0  -0.3  972.5  967.0  969.1 37 030 13  N  0.0  0 138  7 010092/690
27   5.5  -1.0   1.8  968.8  948.9  952.5 54 030 21 NW  1.7  T 135  9 010072/690
28   1.5  -1.0  -0.6  982.5  948.9  970.1 29 350 18 NW  8.7  6 145 10 010112/690
29   2.0  -2.1   0.3  982.6  950.3  959.7 48 030 25  N 12.7  2 141 10 010060/0//
30   0.9  -2.0  -1.3  977.8  950.3  964.8 33 360 15 NW 16.0 12 149 10 010090/6/0
