********************************************************************************
Palmer Station Weather Highlights:       March 2011        

	Temperature:    Abs Max:     8.0 C          Day: 9                        
			Abs Min:    -1.5 C          Day: 22                            
			    Avg:     0.1 C                        
			Avg Max:     3.7 C                        
			Avg Min:     0.1 C        

	Pressure:       Abs Max:  1010.3 mb         Day: 14                        
			Abs Min:   962.4 mb         Day: 10                            
			    Avg:   989.3 mb                        
			Avg Max:   993.6 mb                        
			Avg Min:   984.6 mb       

	Wind:             Peak:       55 kts        Day: 1                           
			   Avg:        7 kts                        
		Days Prevailing:      N: 8                                             
				     NE: 2                                              
				      E: 9                                             
				     SE: 7                                              
				      S: 0                                            
				     SW: 2                                              
				      W: 2                                             
				     NW: 1        

	Precipitation:  Melted:     35.8 mm         YTD:     0.0 mm                          
			  Snow:        6 cm         YTD:       0 cm               
		Maximum Snowstake Depth:       2 cm Day: 29


============================== Daily Weather Data==============================
Column Titles:        
1. Day                         9. Wind 2-Min Peak          (knots)        
2. Temperature High    (C)    10. Wind 2-min Peak Direction(degrees)        
3. Temperature Low     (C)    11. Wind Average             (knots)      
4. Temperature Average (C)    12. Wind Prevailing Direction       
5. Pressure High      (mb)    13. Precipitation Melted     (mm)        
6. Pressure Low       (mb)    14. Precipitation Snow       (cm)       
7. Pressure Average   (mb)    15. Depth at Snowstake       (cm)        
8. Wind 5-Sec Peak (knots)    16. Sea Temp/Ice             (WMO code)

March 2011
 1   6.1   1.1   1.1  994.6  974.1  987.7 55 42 055 15 E   3.6  0   0 000110/6/0
 2   4.9   1.2   1.2  987.0  970.3  978.7 52 41 021 24 N   5.6  0   0 000110/6/0
 3   5.4   2.0   2.0  987.3  969.1  978.3 45 37 037 19 N   1.3  0   0 000130/6/0
 4   3.9   1.9   1.9  979.5  969.8  972.7 25 20 359 11 N   3.6  0   0 010030/6/0
 5   2.4   0.4   0.4  989.2  979.5  985.0 21 18 337 10 NW  5.6  1   1 010040/6/0
 6   1.8  -0.6  -0.6  989.4  968.1  977.4 30 24 215 10 SW  0.5  1   0 000020/6/0 
 7   3.3   0.0   0.0  986.7  977.0  984.0 22 19 246  8 W   0.3  0   0 000100/6/0 
 8   3.5  -0.1  -0.1  988.1  980.0  983.8 16 13 026  4 SE  0.0  0   0 000040/6/0 
 9   8.0   1.4   1.4  988.5  971.1  981.2 44 35 035 10 E   1.8  0   0 000090/6/0
10   3.7  -0.1  -0.1  971.9  962.4  965.5 20 17 146  3 W   8.9  1   0 000090/6/0
11   1.0  -0.3  -0.3  984.5  966.5  975.2  9  8 349  4 N   2.0  1   1 000080/6/0
12   3.1  -0.8  -0.8 1000.4  984.5  993.7 15 12 229  4 N   0.0  0   0 000040/6/0
13   1.0  -0.8  -0.8 1009.1 1000.3 1005.4 15 12 238  4 SW  0.0  0   0 000080/6/0
14   2.8  -0.8  -0.8 1010.3 1007.3 1009.4 18 15 148  4 SE  0.0  0   0 000070/6/0
15   4.3   0.6   0.6 1008.5 1006.8 1007.8 22 16 054  3 SE  0.0  0   0 000040/6/0
16   4.4  -0.4  -0.4 1006.8  999.6 1003.0  7  7 153  2 SE  0.0  0   0 000040/6/0
17   6.1  -1.1  -1.1  999.8  998.2  998.9  9  8 148  2 N   0.0  0   0 000080/6/0
18   3.1  -0.3  -0.3  999.1  994.4  997.2 12 10 225  4 SE  0.0  0   0 000080/6/0
19   5.2   0.0   0.0  994.6  990.8  992.0 37 29 034  5 E   0.0  0   0 000090/6/0
20   2.4   0.6   0.6  993.3  991.7  992.4  6  5 140  2 SE  0.3  0   0 000110/6/0
21   4.1   0.1   0.1  993.2  986.3  990.6 13 10 078  3 N   0.0  0   0 000110/6/0
22   2.3  -1.5  -1.5  992.5  985.9  988.7 15 13 016  4 NE  0.0  0   0 000080/6/0
23   1.4  -0.2  -0.2  995.5  992.5  993.7 10  7 106  2 E   0.0  0   0 000070/6/0
24   1.7  -0.7  -0.7 1000.0  995.5  997.9 23 16 077  4 SE  0.0  0   0 000050/6/0
25   5.1   0.0   0.0  998.9  984.8  992.9 40 31 071 13 E   0.0  0   0 000130/6/0
26   5.3   2.3   2.3  987.6  984.6  986.3 42 31 071 11 E   1.0  0   0 000140/6/0
27   4.4   1.6   1.6  995.1  987.6  992.4 31 20 131 10 E   0.0  0   0 000140/6/0
28   4.2   0.8   0.8  994.0  984.2  989.9 51 38 053 15 NE  0.0  0   0 000130/6/0
29   4.0   0.0   0.0  991.4  984.5  989.3 49 39 052  9 E   1.5  2   2 000130/6/0
30   1.9  -1.3  -1.3  991.4  987.3  989.6 22 15 081  5 E   0.0  0   0 000010/6/0
31   3.0  -1.0  -1.0  993.2  986.4  988.3 24 18 067  6 N   0.0  0   0 000110/6/0
