*****************************************************************************
Palmer Station Weather Highlights:       September 2011

        Temperature:    Abs Max:     4.0 C          Day: 3
                        Abs Min:   -19.1 C          Day: 27
                            Avg:    -5.8 C
                        Avg Max:    -2.2 C
                        Avg Min:    -9.3 C

        Pressure:       Abs Max:  1010.3 mb         Day: 27
                        Abs Min:   964.3 mb         Day: 24
                            Avg:   991.8 mb
                        Avg Max:   997.0 mb
                        Avg Min:   986.4 mb

        Wind:             Peak:       68 kts        Day: 24
                           Avg:       11 kts
                        Days Prevailing:      N: 4
                                             NE: 6
                                              E: 5
                                             SE: 1
                                              S: 0
                                             SW: 5
                                              W: 5
                                             NW: 4

        Precipitation:  Melted:     25.7 mm         YTD:   274.3 mm
                          Snow:       37 cm         YTD:     180 cm
                Maximum Snowstake Depth:      54 cm Day: 13


============================== Daily Weather Data==============================
 Column Titles:
        1. Day                         9. Wind 2-Min Peak(knots)
        2. Temperature High    (C)    10. Wind 2-min Peak Direction(degrees)
        3. Temperature Low     (C)    11. Wind Average(knots)
        4. Temperature Average (C)    12. Wind Prevailing Direction
        5. Pressure High      (mb)    13. Precipitation Melted(mm)
        6. Pressure Low       (mb)    14. Precipitation Snow(cm)
        7. Pressure Average   (mb)    15. Depth at Snowstake(cm)
        8. Wind 5-Sec Peak (knots)    16. Sea Temp/Ice(WMO code)

September 2011
 1   3.9  -2.1   1.9 1006.4  984.5  994.6 51 41 040 22 NE  0.5  0  43 0101632641
 2   3.8  -1.7   0.8  991.2  983.5  986.6 48 37 027 10 NE  7.4  2  37 0101522641
 3   4.0  -1.7   0.1  993.5  990.9  992.2 21 12 093  3 NW  1.8  8  45 0101422641
 4   2.3  -2.4   0.3  997.9  991.5  993.9 26 20 077  6 E   0.0  0  44 0101422442
 5  -0.9  -4.1  -2.8 1000.6  997.1  999.3  7  6 044  2 NE  0.0  0  44 0101522442
 6  -4.1  -6.5  -5.3  997.2  993.6  994.6  9  7 268  3 N   0.0  0  44 0101422442
 7  -6.1 -11.5  -8.7  996.8  993.9  995.6 27 22 239 12 SW  0.0  0  44 0101522442
 8  -7.2 -10.2  -9.3  998.3  996.4  997.0 16 12 241  5 SW  0.0  1  45 0101422442
 9  -9.1 -12.6 -10.6  998.3  995.4  996.6 14 10 273  4 W   0.0  2  47 0101552642
10  -2.9 -16.0 -10.5  995.6  991.8  994.5 14 10 126  4 SE  0.0  1  45 0101522641
11   1.6  -3.9  -1.1  991.9  983.2  987.9 40 31 027 14 NE  0.3  0  43 0101622641
12   2.1  -1.1   0.4  983.4  970.5  975.0 42 34 053  9 E   3.8  4  48 0101522641
13  -1.0  -6.2  -4.3  999.7  977.6  990.5 27 22 032  7 W   0.5  6  54 0101522642
14   1.2  -6.9  -3.6 1000.4  981.8  994.3 50 39 047 12 E   1.0  0  50 0101622670
15   2.9   0.1   2.1  985.9  983.1  984.5 46 34 053 25 NE  0.0  0  40 010120/6/0
16   3.0  -6.4  -0.6  984.7  968.2  976.3 46 34 041 14 E   0.3  1  42 010130/6/0
17  -5.9  -7.9  -6.9  978.0  970.8  974.4 30 20 141 10 N   0.0  0  41 010140/6/0
18  -3.6  -6.3  -5.2  981.3  977.8  978.6 17 15 026  4 E   0.8  1  42 010150/4/0
19  -5.5 -15.2 -12.0  994.1  981.4  989.6 21 18 245  9 W   0.0  2  47 0101642643
20  -5.7 -13.4 -10.6 1008.9  994.0 1001.1 14 11 229  5 SW  0.0  0  47 0101552642
21  -5.7 -15.2 -11.1 1009.7  999.6 1005.2 15 12 298  5 NW  0.0  1  47 0101552642
22  -6.4 -13.6  -9.8 1004.3  999.3 1002.1 28 24 238  7 W   0.0  0  46 0101552642
23   0.2  -6.4  -1.3 1002.1  992.8  998.9 39 30 020 17 N   0.3  1  51 0101542641
24   1.3  -7.5  -0.5  993.0  964.3  975.6 68 55 030 37 NE  5.3  0  44 0101642641
25  -5.3 -18.6 -11.5  992.0  971.9  980.2 66 48 029 17 SW  0.5  2  50 0101632641
26  -0.4 -18.4  -8.5  992.5  975.2  983.5 64 43 023 17 N   1.3  1  45 0101622641
27  -9.6 -19.1 -16.1 1010.3  984.0 1000.4 43 35 233 19 SW  0.0  0  45 0101652693
28  -1.5 -16.3  -7.7 1009.8  998.1 1003.7 19 13 290  5 NW  1.8  3  49 0101652693
29  -2.6 -14.4  -9.3 1003.1  995.8  999.6 33 25 245 11 W   0.3  1  48 0101652693
30  -8.1 -13.8 -10.9 1009.0 1003.0 1006.3 23 16 136  6 NW  0.0  0  47 0101752692
