********************************************************************************
Palmer Station Weather Highlights:       August 2011

        Temperature:    Abs Max:     6.1 C          Day: 22
                        Abs Min:   -18.8 C          Day: 3
                            Avg:    -7.2 C
                        Avg Max:    -4.7 C
                        Avg Min:   -10.2 C

        Pressure:       Abs Max:  1025.7 mb         Day: 8
                        Abs Min:   972.4 mb         Day: 11
                            Avg:  1003.0 mb
                        Avg Max:  1007.6 mb
                        Avg Min:   998.8 mb

        Wind:             Peak:       51 kts        Day: 23
                           Avg:        5 kts
                        Days Prevailing:      N: 6
                                             NE: 10
                                              E: 1
                                             SE: 5
                                              S: 0
                                             SW: 3
                                              W: 0
                                             NW: 6

        Precipitation:  Melted:     15.5 mm         YTD:   248.6 mm
                          Snow:       32 cm         YTD:     143 cm
                Maximum Snowstake Depth:      55 cm Day: 14


============================== Daily Weather Data==============================
Column Titles:
        1. Day                         9. Wind 2-Min Peak(knots)
        2. Temperature High    (C)    10. Wind 2-min Peak Direction(degrees)
        3. Temperature Low     (C)    11. Wind Average(knots)
        4. Temperature Average (C)    12. Wind Prevailing Direction
        5. Pressure High      (mb)    13. Precipitation Melted(mm)
        6. Pressure Low       (mb)    14. Precipitation Snow(cm)
        7. Pressure Average   (mb)    15. Depth at Snowstake(cm)
        8. Wind 5-Sec Peak (knots)    16. Sea Temp/Ice(WMO code)


August 2011
 1 -10.3 -14.8 -12.4 1006.6 1004.6 1005.5 23 19 022  9 NE  0.0  1  460101792696
 2 -11.0 -15.0 -12.6 1010.3 1005.0 1007.4 28 22 023 11 N   0.0  0  430101752656
 3 -13.4 -18.8 -16.1 1010.9 1009.1 1010.2 16 12 352  5 N   0.0  1  450101792696
 4 -14.6 -16.5 -15.6 1014.2 1008.2 1009.8 11  9 220  3 SW  0.0  0  450101752656
 5 -13.4 -17.7 -15.6 1018.8 1014.3 1017.5 13 11 324  5 NW  0.0  0  440101752656
 6  -3.6 -13.4  -6.6 1021.6 1016.1 1017.6 11  9 336  4 NW  0.0  1  450101692696
 7  -3.0  -5.7  -4.3 1024.7 1021.3 1023.0  6  5 231  1 N   1.3  2  460101692696
 8  -0.6  -3.2  -1.7 1025.7 1023.4 1024.8 11  8 316  5 NW  5.3  5  510101692696
 9  -2.3  -9.4  -4.5 1024.4 1007.9 1017.6  9  7 324  2 NW  0.0  1  520101692691
10  -5.7 -11.7  -8.2 1007.9  975.5  990.8  6  5 300  1 NE  0.0  0  520101652651
11  -6.4 -12.5  -9.2  983.9  972.4  975.5 12  9 350  3 N   0.0  0  520101652641
12  -9.3 -13.5 -10.8  998.6  983.7  992.6  8  8 338  2 N   0.0  0  520101652641
13 -10.5 -14.7 -11.7 1000.2  998.5  999.4  7  6 039  1 NE  0.0  2  540101652641
14  -7.4 -15.4 -11.1 1002.9  999.4 1000.9  9  7 099  2 E   0.0  1  550101652642
15  -8.2 -11.7  -9.6 1007.0 1002.9 1004.9  8  6 012  1 NE  0.0  0  540101652642
16  -5.1  -9.7  -7.8 1007.2  996.2 1003.6 17 13 122  4 SE  2.3  0  530101752642
17  -0.6  -7.2  -2.7  996.3  974.7  983.4 45 33 026 17 N   1.8  8  500101742641
18  -5.8 -11.1  -7.7  996.2  979.3  985.2 23 19 239  8 NW  0.3  1  500101742641
19  -7.1 -13.4 -11.0 1019.5  996.3 1011.8 18 13 104  4 NW  0.0  2  490101742642
20  -0.5 -13.9  -7.2 1019.7 1007.7 1013.2 19 11 163  3 SE  1.3  0  490101742642
21   0.4  -3.0  -1.7 1007.6 1002.0 1004.1 11  9 127  3 SE  2.0  4  530101742642
22   6.1  -1.5   2.5 1002.0  988.4  996.9 48 35 037 14 NE  0.3  0  500101742641
23   3.9  -3.0   0.9  988.9  979.5  982.1 51 42 021 17 NE  0.0  0  400101622641
24  -2.9  -6.5  -4.8  990.3  980.7  984.5 25 20 244 10 SW  0.3  1  420101632643
25  -3.0  -6.6  -4.7 1002.8  990.3  996.4 25 19 233 10 SW  0.0  0  410101642643
26  -5.3 -10.0  -7.8 1008.1 1002.8 1005.6  9  8 278  2 NE  0.0  0  410101652642
27  -1.4  -8.5  -4.2 1008.1 1006.0 1006.6  8  7 145  2 SE  0.8  2  430101652642
28  -2.9  -7.2  -4.5 1007.8 1005.6 1006.4 11  8 032  2 NE  0.0  0  430101652642
29  -2.7  -9.5  -5.8 1008.1 1004.7 1006.6  8  6 124  2 NE  0.0  0  430101652642
30  -0.6  -7.5  -4.9 1005.7 1004.6 1005.1 14 10 132  3 SE  0.0  0  430101652642
31   2.3  -4.6  -0.6 1008.2 1000.2 1004.9 36 29 017  8 NE  0.0  0  430101752641

