********************************************************************************
Palmer Station Weather Highlights:       January 2011

        Temperature:    Abs Max:     8.1 C          Day: 24
                        Abs Min:    -1.5 C          Day: 5
                            Avg:     2.1 C
                        Avg Max:     4.5 C
                        Avg Min:     0.3 C

        Pressure:       Abs Max:  1007.1 mb         Day: 17
                        Abs Min:   976.3 mb         Day: 30
                            Avg:   991.3 mb
                        Avg Max:   994.6 mb
                        Avg Min:   988.2 mb

        Wind:             Peak:       46 kts        Day: 3
                           Avg:        6 kts
                        Days Prevailing:      N: 7
                                             NE: 8
                                              E: 5
                                             SE: 4
                                              S: 2
                                             SW: 3
                                              W: 2
                                             NW: 0

        Precipitation:  Melted:     20.1 mm         YTD:    20.1 mm
                          Snow:        2 cm         YTD:       2 cm
                Maximum Snowstake Depth:       0 cm Day: NA


============================== Daily Weather Data==============================
Column Titles:
        1. Day                         9. Wind 2-Min Peak          (knots)
        2. Temperature High    (C)    10. Wind 2-min Peak Direction(degrees)
        3. Temperature Low     (C)    11. Wind Average             (knots)
        4. Temperature Average (C)    12. Wind Prevailing Direction
        5. Pressure High      (mb)    13. Precipitation Melted     (mm)
        6. Pressure Low       (mb)    14. Precipitation Snow       (cm)
        7. Pressure Average   (mb)    15. Depth at Snowstake       (cm)
        8. Wind 5-Sec Peak (knots)    16. Sea Temp/Ice             (WMO code)

 1   3.7   0.9   2.0  990.2  985.3  987.8  7  6 180  2 SE  1.8  0  0 000080/6/0
 2   3.2   0.8   1.9 1002.6  990.2  996.0 24 18 025  8 N   8.6  0  0 010000/6/0
 3   7.2   0.8   3.2 1004.0  991.4  999.6 46 37 028  8 SE  0.0  0  0 000000/6/0
 4   5.6   0.7   2.1  993.7  987.3  990.0 30 22 036  3 S   0.0  0  0 000100/6/0
 5   2.1  -1.5   0.3  996.6  987.7  992.3  9  7 123  3 SE  0.0  0  0 000110/6/0
 6   4.2  -0.8   1.5  996.4  990.5  992.7 10  7 079  2 N   0.0  0  0 000110/6/0
 7   2.6   0.5   1.2 1001.1  994.6  999.4 21 18 240  8 W   0.0  0  0 000150/6/0
 8   1.1   0.0   0.6  999.8  991.0  995.6 16 14 279  9 W   0.8  0  0 000070/6/0
 9   2.2   0.0   0.9  991.0  987.5  988.5 16 13 235  9 SW  0.3  0  0 000120/6/0
10   5.0  -0.3   2.2  987.7  983.1  985.2 13 10 235  4 E   0.0  0  0 000130/6/0
11   5.9  -0.8   2.0  986.3  984.2  985.6  7  5 329  3 NE  0.0  0  0 000110/6/0
12   4.0  -1.1   1.3  985.6  983.5  984.2 17 12 040  4 N   0.3  0  0 000130/6/0
13   5.3   1.2   2.5  992.9  984.6  988.8 12 10 236  4 N   0.0  0  0 000110/6/0
14   5.0   0.1   2.0  994.3  992.3  993.5 14 12 208  5 S   0.0  0  0 000150/6/0
15   6.9   0.5   3.4  998.9  992.4  994.9 15 13 044  5 E   0.0  0  0 000170/6/0
16   5.4   0.8   2.8 1006.3  998.9 1003.0 10  9 073  3 E   0.0  0  0 000270/6/0
17   6.1   1.1   2.8 1007.1 1003.7 1006.2 10  9 011  2 NE  0.0  0  0 000290/6/0
18   5.0   0.4   2.0 1003.6  997.8 1000.1 12 10 241  4 N   0.0  0  0 000260/6/0
19   5.7  -0.6   2.2  997.9  997.0  997.3 12 11 244  3 NE  0.0  0  0 000330/6/0
20   5.5  -0.7   2.1  997.4  994.3  996.0  8  5 056  3 NE  0.0  0  0 000350/6/0
21   4.1  -0.7   1.4  995.0  993.2  994.5 17 15 020  8 NE  0.0  0  0 000220/6/0
22   2.9   0.0   1.6  993.4  978.2  986.0 45 32 075 14 E   0.0  0  0 000120/6/0
23   3.8  -0.1   1.8  983.6  977.6  980.3 41 29 082 10 E   0.3  0  0 000080/6/0
24   8.1   0.5   3.1  983.3  978.7  981.0 20 14 145  4 N   2.3  1  0 000180/6/0
25   5.3   0.3   2.7  989.2  980.1  984.1 18 15 233  6 SE  0.0  0  0 000220/6/0
26   1.7   0.6   1.1  999.2  989.2  994.5 26 22 232 16 SW  0.0  0  0 000160/6/0
27   1.8   0.3   0.9 1000.4  999.1  999.7 19 16 252  9 SW  0.0  0  0 000150/6/0
28   4.3  -0.4   2.3  999.3  989.5  993.6 36 31 023 14 NE  0.3  0  0 000140/6/0
29   5.9   3.1   4.4  989.6  978.1  982.3 40 34 033 14 NE  0.0  0  0 000170/6/0
30   6.4   3.3   5.2  979.9  976.3  978.1 33 26 031 12 NE  0.0  0  0 000150/6/0
31   4.2   0.4   2.2  986.4  977.5  980.3 16 13 279  4 N   5.6  1  0 000140/6/0
