********************************************************************************
Palmer Station Weather Highlights:       May 2011

        Temperature:    Abs Max:     6.8 C          Day: 15
                        Abs Min:    -7.9 C          Day: 11
                            Avg:    -1.4 C
                        Avg Max:     0.5 C
                        Avg Min:    -3.2 C

        Pressure:       Abs Max:  1012.5 mb         Day: 13
                        Abs Min:   951.3 mb         Day: 4
                            Avg:   985.9 mb
                        Avg Max:   990.7 mb
                        Avg Min:   980.4 mb

        Wind:             Peak:       66 kts        Day: 15
                           Avg:       11 kts
                        Days Prevailing:      N: 8
                                             NE: 14
                                              E: 3
                                             SE: 1
                                              S: 0
                                             SW: 3
                                              W: 0
                                             NW: 2

        Precipitation:  Melted:     49.5 mm         YTD:   194.0 mm
                          Snow:       20 cm         YTD:      51 cm
                Maximum Snowstake Depth:      17 cm Day: 2


============================== Daily Weather Data==============================
Column Titles:
        1. Day                         9. Wind 2-Min Peak          (knots)
        2. Temperature High    (C)    10. Wind 2-min Peak Direction(degrees)
        3. Temperature Low     (C)    11. Wind Average             (knots)
        4. Temperature Average (C)    12. Wind Prevailing Direction
        5. Pressure High      (mb)    13. Precipitation Melted     (mm)
        6. Pressure Low       (mb)    14. Precipitation Snow       (cm)
        7. Pressure Average   (mb)    15. Depth at Snowstake       (cm)
        8. Wind 5-Sec Peak (knots)    16. Sea Temp/Ice             (WMO code)

May 2011
 1  -2.3  -5.3  -3.7  988.6  979.7  984.1 31 23 339  6 NE  0.8  0  10 0100420670
 2  -2.1  -4.8  -3.4  991.1  969.8  986.7 31 27 240  9 SW  0.3  2  17 0101121670
 3   2.9  -2.7   0.0  969.9  952.0  958.2 58 45 039 17 E   0.0  0  14 010010/4/0
 4  -0.8  -6.1  -4.1  969.0  951.3  957.3 42 32 072 16 E   0.0  0  11 000030/4/0
 5  -3.6  -6.1  -4.9  985.2  969.0  978.6 12  9 102  4 NE  0.0  0  10 010060/4/0
 6  -0.1  -4.5  -3.1  985.4  971.5  980.1 37 31 034 11 NE  0.0  0  10 010050/4/0
 7  -0.9  -3.0  -2.1  986.1  971.0  976.8 29 23 068  8 E   0.0  0  10 010030/4/0
 8  -1.8  -3.6  -2.5  986.2  976.8  980.5 48 36 043 19 NE  0.3  0  10 010010/4/0
 9  -1.4  -5.2  -3.4  989.4  979.7  985.3 25 20 030  7 NE  2.3  6  14 010020/4/0
10  -2.9  -6.1  -4.9  997.6  989.4  992.7 23 20 035  7 NE  0.0  0  13 010070/4/0
11  -4.3  -7.9  -6.0 1006.9  997.6 1003.7 23 21 021  8 NE  0.0  0  12 010070/4/0
12  -1.7  -6.1  -3.1 1007.7 1005.3 1006.2 29 25 032  5 NE  0.0  0  11 0100620470
13   1.5  -4.5  -2.7 1012.5 1007.6 1010.3 11 10 349  3 NE  0.0  0  11 0100720670
14   6.5  -1.6   2.6 1011.8 1000.2 1007.7 55 44 018 20 N   0.8  0   5 010020/4/0
15   6.8   2.6   4.3 1011.0  990.0  999.2 66 53 030 37 NE  7.4  0   0 000010/4/0
16   3.4   0.1   1.6  995.1  985.4  991.5 54 37 027 20 N   5.1  0   0 010010/4/0
17   1.6  -1.0   0.2  992.6  977.4  987.4 26 22 022  8 N   0.0  1   1 0100520470
18  -0.8  -2.9  -1.6  977.6  974.4  976.3 12 11 274  6 NW  0.8  1   1 010060/4/0
19  -2.8  -4.8  -3.6  981.1  977.0  978.7 20 16 036  8 N   0.0  1   2 0100820410
20  -1.7  -5.4  -3.8  986.9  981.1  983.8 13  9 227  4 NE  0.0  0   2 010100/4/0
21  -2.1  -4.2  -2.8  992.6  987.0  989.7 19 16 233  6 SW  0.0  0   2 010090/4/0
22   0.8  -4.2  -1.8  992.6  979.0  987.6 32 26 031 11 NE  0.0  0   1 0100420410
23   1.9  -1.0   0.6  979.1  973.6  975.7 31 22 061  9 SE  0.0  0   1 010030/4/0
24   1.5  -2.1  -1.5  986.8  977.7  982.9 17 14 215  6 SW  0.8  1   2 010050/4/0
25  -2.0  -4.4  -2.9  988.5  985.6  987.5 15 13 021  3 NE  1.3  4   8 0101120410
26   3.5  -3.1   0.7  988.3  981.7  984.8 56 43 037 18 N   4.1  0   7 010040/6/0
27   5.3   1.0   2.8  984.1  973.4  980.7 45 36 034 12 N   3.8  0   0 0100320610
28   4.0  -1.3   1.1  990.8  966.4  975.8 51 43 022 11 NW  4.8  1   1 0100320410
29   3.6  -1.1   2.1  994.4  990.8  993.3 51 37 028 21 NE  7.9  0   0 010030/6/0
30   3.3  -0.2   1.7  993.9  986.9  991.1 48 36 022 14 N   9.1  0   0 010020/6/0
31   1.3  -0.9   0.1  990.2  985.1  988.4 33 27 028 15 N   0.3  3   3 010050/6/0
