********************************************************************************
Palmer Station Weather Highlights:       June 2011

        Temperature:    Abs Max:     1.6 C          Day: 23
                        Abs Min:   -11.9 C          Day: 29
                            Avg:    -4.2 C
                        Avg Max:    -2.3 C
                        Avg Min:    -6.0 C

        Pressure:       Abs Max:  1012.4 mb         Day: 7
                        Abs Min:   958.2 mb         Day: 26
                            Avg:   990.5 mb
                        Avg Max:   995.5 mb
                        Avg Min:   985.3 mb

        Wind:             Peak:       61 kts        Day: 26
                           Avg:       11 kts
                        Days Prevailing:      N: 6
                                             NE: 7
                                              E: 7
                                             SE: 2
                                              S: 0
                                             SW: 5
                                              W: 2
                                             NW: 1

        Precipitation:  Melted:     20.3 mm         YTD:   214.3 mm
                          Snow:       22 cm         YTD:      73 cm
                Maximum Snowstake Depth:      42 cm Day: 23


============================== Daily Weather Data==============================
Column Titles:
        1. Day                         9. Wind 2-Min Peak(knots)
        2. Temperature High    (C)    10. Wind 2-min Peak Direction(degrees)
        3. Temperature Low     (C)    11. Wind Average(knots)
        4. Temperature Average (C)    12. Wind Prevailing Direction
        5. Pressure High      (mb)    13. Precipitation Melted(mm)
        6. Pressure Low       (mb)    14. Precipitation Snow(cm)
        7. Pressure Average   (mb)    15. Depth at Snowstake(cm)
        8. Wind 5-Sec Peak (knots)    16. Sea Temp/Ice(WMO code)


June 2011
 1   0.4  -3.1  -1.3  998.4  983.4  989.4 24 17 078 10 E   2.3  0   2010040/6/0
 2  -1.2  -3.6  -2.5 1010.1  998.3 1004.6 19 13 230  6 N   0.3  5  10010100/4/0
 3   0.8  -3.6  -1.1 1009.5  993.2 1000.9 32 27 037  8 SE  0.3  0   8010060/6/0
 4  -0.1  -2.7  -1.8  993.2  982.7  985.6 34 28 228 16 SW  8.6  4  25010090/6/0
 5  -2.0  -5.8  -4.3  994.7  984.5  990.2 41 30 119 16 SE  0.0  0  210100620440
 6  -2.8  -4.9  -3.7 1008.6  994.5 1002.4 36 27 117 12 E   0.0  0  19010040/4/0
 7  -2.8  -4.8  -3.8 1012.4 1008.7 1011.2 16 12 227  5 NE  0.0  0  17010080/4/0
 8  -2.9  -4.3  -3.6 1009.9 1008.2 1008.9 21 18 235 11 SW  0.0  0  17010110/4/0
 9  -4.1  -5.1  -4.4 1009.4 1006.1 1008.4 16 12 248  6 SW  0.0  0  15010100/6/0
10  -5.1  -7.6  -6.1 1006.2 1002.5 1004.1 11  8 014  3 E   0.0  0  140101321640
11  -2.5  -7.1  -5.0 1002.5  994.1  997.8  8  7 359  3 NE  0.0  0  140101331640
12  -1.9  -3.5  -2.7  997.0  993.4  994.9 13 10 358  4 NE  0.0  0  130101631640
13  -1.5  -3.3  -2.4  998.4  996.3  997.6  9  8 347  2 NE  0.0  0  130101521600
14  -1.4  -3.6  -2.1  996.9  995.5  996.2 15 13 040  5 N   0.0  0  130101621600
15  -1.7  -4.1  -2.5 1000.8  996.7  998.5 20 15 022  5 N   0.0  0  130101521600
16  -2.3  -7.7  -5.1 1004.1  999.8 1002.6 47 32 028 13 NE  0.0  0  13010120/6/0
17  -4.7  -7.8  -6.0 1005.8 1003.1 1004.0 10  8 040  3 E   0.0  0  12010140/6/0
18  -4.3  -6.6  -5.2 1009.6 1005.7 1008.3 12  8 021  3 E   0.3  0  12010140/6/0
19  -3.2  -4.6  -3.9 1009.3 1000.4 1006.2 26 21 030  8 N   0.0  3  16010110/6/0
20  -3.4  -7.9  -5.0 1000.3  961.3  982.3 52 35 078 19 E   0.0  0  14010070/6/0
21  -1.7  -5.0  -3.8  980.0  959.5  968.6 34 23 245 12 E   2.5  6  19010080/6/0
22   1.2  -5.3  -1.9  979.9  963.4  971.3 50 38 027 18 NE  0.0  0  19010070/6/0
23   1.6  -7.4  -5.4  972.5  961.3  966.2 33 26 207 17 SW  2.5  2  42010120/6/0
24  -0.3  -7.3  -5.2  981.8  968.2  977.6 56 45 032 15 NE  0.3  2  400101320680
25   1.2  -5.2  -0.5  969.4  960.7  964.7 60 48 035 27 N   0.8  0  33010140/4/0
26  -0.7  -6.6  -3.6  971.4  958.2  966.4 61 35 359 21 N   1.3  0  310101520670
27  -3.6 -10.0  -7.4  974.2  958.5  967.0 50 39 017 20 W   0.0  0  300101720670
28  -0.8  -9.8  -3.4  971.0  961.5  964.3 43 34 316 22 NW  1.3  0  300101720670
29  -9.5 -11.9 -10.6  988.0  970.9  980.0 29 24 276 15 W   0.0  0  300101820670
30  -9.5 -10.9 -10.3  998.2  988.0  993.3 26 21 235 12 SW  0.0  0  300101820670
