********************************************************************************
Palmer Station Weather Highlights:       July 2011

        Temperature:    Abs Max:     1.1 C          Day: 8
                        Abs Min:   -12.4 C          Day: 31
                            Avg:    -6.4 C
                        Avg Max:    -4.7 C
                        Avg Min:    -8.3 C

        Pressure:       Abs Max:  1025.1 mb         Day: 28
                        Abs Min:   974.7 mb         Day: 17
                            Avg:   998.2 mb
                        Avg Max:  1002.1 mb
                        Avg Min:   993.9 mb

        Wind:             Peak:       42 kts        Day: 22
                           Avg:        7 kts
                        Days Prevailing:      N: 4
                                             NE: 10
                                              E: 6
                                             SE: 1
                                              S: 1
                                             SW: 6
                                              W: 1
                                             NW: 2

        Precipitation:  Melted:     18.8 mm         YTD:   233.1 mm
                          Snow:       38 cm         YTD:     111 cm
                Maximum Snowstake Depth:      55 cm Day: 21


============================== Daily Weather Data==============================
Column Titles:
        1. Day                         9. Wind 2-Min Peak(knots)
        2. Temperature High    (C)    10. Wind 2-min Peak Direction(degrees)
        3. Temperature Low     (C)    11. Wind Average(knots)
        4. Temperature Average (C)    12. Wind Prevailing Direction
        5. Pressure High      (mb)    13. Precipitation Melted(mm)
        6. Pressure Low       (mb)    14. Precipitation Snow(cm)
        7. Pressure Average   (mb)    15. Depth at Snowstake(cm)
        8. Wind 5-Sec Peak (knots)    16. Sea Temp/Ice(WMO code)

July 2011
 1  -7.3  -9.9  -8.4 1012.4  998.3 1008.2 23 16 190  6 S   0.0  0  29 0101821610
 2  -4.0  -7.5  -5.5 1011.3  999.5 1005.1 15 11 112  3 E   1.8  0  29 0101721610
 3  -1.5  -4.1  -2.3  999.5  991.5  994.2 21 18 236  3 N   3.3  4  33 0101621600
 4  -2.1  -4.8  -3.8 1000.7  996.4  999.2 26 23 233  9 SW  0.0  1  33 010150/6/0
 5  -0.4  -4.5  -2.3 1002.3  995.3  998.7 23 19 310  5 NW  0.0  0  33 0101621610
 6  -0.9  -6.8  -3.7 1003.6  999.2 1002.4 16 14 204  4 NE  0.0  1  34 0101721610
 7   0.9  -3.7  -1.2  999.5  993.4  995.9 36 28 045 10 E   0.0  0  33 010170/4/0
 8   1.1  -5.3  -3.3 1000.0  995.4  998.2 33 23 031  5 NE  0.0  0  33 010140/4/0
 9  -4.0  -6.2  -5.0 1004.1 1000.1 1002.1 15 14 036  5 NE  0.0  0  33 010160/4/0
10  -3.9  -7.0  -5.2 1006.8 1004.0 1005.8  9  8 073  3 E   0.5  0  32 010160/4/0
11  -5.9  -9.2  -7.4 1004.3  993.8  998.8  8  7 041  4 NE  0.0  1  32 0101631650
12  -4.4  -9.2  -6.1  993.9  992.2  993.0 15 12 230  5 SW  0.0  0  32 0101751650
13  -4.5  -6.5  -5.6  992.3  989.2  991.0 15 13 229  6 SW  0.0  0  32 0101741650
14  -5.0  -7.1  -6.0  989.3  981.9  985.1 12 10 124  5 SE  0.8  3  35 0101741650
15  -4.5  -8.4  -5.7  993.1  981.8  987.5 19 16 257  6 NE  3.3 10  44 0101731650
16  -4.2  -7.4  -5.9  993.6  977.8  988.3 16 14 256  6 W   0.5  3  46 0101632650
17  -2.8  -9.6  -6.6  995.6  974.7  982.4 34 30 241 11 E   1.5  0  42 0101622610
18  -5.7  -9.2  -7.0  999.4  986.8  995.3 34 27 027 14 NE  0.0  0  38 0101622610
19  -5.2  -8.4  -6.7  986.8  983.0  984.4 25 19 209  8 SW  0.0  0  35 0101722610
20  -5.6  -8.5  -7.1  985.9  980.7  984.0 25 22 025  8 E   0.0  0  35 0101722610
21  -5.2  -9.5  -7.3  980.7  974.9  977.3 31 23 120 10 E   4.8  8  55 010110/6/0
22  -6.3 -10.4  -8.2  987.2  977.1  983.4 42 35 032 19 NE  0.8  0  42 010150/6/0
23  -6.4  -9.3  -7.3  994.1  984.5  987.7 15 12 275  5 NW  1.5  2  44 0101551650
24  -5.3  -8.9  -6.8 1005.0  994.1 1000.3 24 19 020  8 N   0.0  1  44 0101551650
25  -6.7  -8.5  -7.5 1010.2 1005.0 1007.0 26 22 027 11 N   0.0  0  42 0101531650
26  -8.5 -10.8 -10.0 1014.0 1010.1 1011.9 19 14 205  8 SW  0.0  1  43 0101651650
27  -8.2 -11.6 -10.2 1022.4 1013.8 1018.0 15 12 214  4 NE  0.0  3  47 0101651650
28  -5.3  -9.8  -6.3 1025.1 1009.6 1020.7 21 17 020  8 N   0.0  0  43 0101651650
29  -5.4 -10.4  -8.0 1017.5 1006.5 1011.0 27 21 224  7 NE  0.0  0  47 0101651650
30  -9.3 -11.7 -10.0 1019.7 1015.8 1018.4  8  7 021  4 NE  0.0  0  46 0101651650
31  -9.1 -12.4 -10.7 1015.8 1005.7 1009.7 13 11 223  4 SW  0.0  0  46 0101651650
