********************************************************************************
Palmer Station Weather Highlights:       October 2011

        Temperature:    Abs Max:     4.8 C          Day: 28
                        Abs Min:   -12.7 C          Day: 2
                            Avg:    -2.0 C
                        Avg Max:     1.1 C
                        Avg Min:    -4.8 C

        Pressure:       Abs Max:  1013.2 mb         Day: 5
                        Abs Min:   955.6 mb         Day: 20
                            Avg:   983.9 mb
                        Avg Max:   988.5 mb
                        Avg Min:   979.1 mb

        Wind:             Peak:       73 kts        Day: 8
                           Avg:       12 kts
                        Days Prevailing:      N: 12
                                             NE: 10
                                              E: 1
                                             SE: 2
                                              S: 0
                                             SW: 2
                                              W: 1
                                             NW: 3

        Precipitation:  Melted:     55.6 mm         YTD:   329.9 mm
                          Snow:       49 cm         YTD:     229 cm
                Maximum Snowstake Depth:      48 cm Day: 5


============================== Daily Weather Data==============================
Column Titles:
        1. Day                         9. Wind 2-Min Peak(knots)
        2. Temperature High    (C)    10. Wind 2-min Peak Direction(degrees)
        3. Temperature Low     (C)    11. Wind Average (knots)
        4. Temperature Average (C)    12. Wind Prevailing Direction
        5. Pressure High      (mb)    13. Precipitation Melted(mm)
        6. Pressure Low       (mb)    14. Precipitation Snow(cm)
        7. Pressure Average   (mb)    15. Depth at Snowstake(cm)
        8. Wind 5-Sec Peak (knots)    16. Sea Temp/Ice(WMO code)

 1  -2.0 -12.3  -9.1 1003.8 1000.9 1002.0 12 10 246  3 W   0.0  0  47 0101692692
 2  -4.9 -12.7  -8.6 1007.6 1003.7 1006.0 12  8 209  3 NE  0.0  0  47 0101692692
 3  -3.7 -11.2  -7.9 1007.7 1004.3 1005.7  9  6 065  2 NE  0.0  0  46 0101792692
 4   1.7 -12.3  -6.9 1011.8 1006.6 1010.1  9  6 319  2 NE  0.0  0  46 0101692692
 5   1.7  -9.7  -5.3 1013.2 1011.7 1012.4  9  8 348  2 NE  0.0  2  48 0101692691
 6  -5.3 -10.5  -7.5 1012.4 1009.8 1011.1 17 14 038  5 N   0.0  0  37 0101692691
 7   2.7  -8.9  -0.1 1010.2  999.8 1004.5 43 37 034 17 N   2.0  0  36 0101692691
 8   3.3   1.5   2.4 1000.3  989.9  994.1 73 50 031 31 N  14.7  2  37 0101552641
 9   3.5  -0.3   2.0  994.1  979.9  988.5 42 34 017 17 N   3.6  0  26 0101422641
10   1.7  -1.9  -0.6  986.0  975.9  981.0 15 12 311  6 NW 11.7  8  31 0101520643
11   2.9  -4.0  -2.3  987.5  985.8  986.6 21 18 252  6 N   0.0  3  40 0101320642
12  -0.3  -4.2  -1.9  986.5  974.7  980.8 32 26 018 13 N   0.0  2  38 0101320641
13   3.2  -2.7  -0.8  974.6  965.0  968.7 33 26 023  6 SE  2.3  3  42 0101121641
14  -1.9 -10.6  -6.3  985.8  965.5  975.6 17 14 245  8 SW  0.0  0  37 0101451642
15   0.7 -11.5  -5.7  986.9  977.5  983.5 49 37 032 10 SE  0.0  0  37 0101354792
16   4.1  -1.0   1.3  980.6  968.3  976.4 38 30 031 16 NE  0.0  0  35 0101234641
17   2.4  -2.6   0.5  982.7  966.9  977.6 40 33 035 18 N   2.3  4  44 0101324641
18   4.5   1.7   2.9  982.7  972.3  979.8 55 40 027 29 NE  3.1  0  35 01011246/0
19   3.2   0.1   1.6  972.5  959.2  962.9 53 41 025 28 NE  7.4  0  17 01011246/0
20   1.7  -1.1   0.0  964.4  955.6  960.1 47 36 016 21 N   0.8  0  17 01010246/0
21  -0.6  -2.3  -1.2  967.7  961.5  964.3 26 19 335 13 N   1.3  6  23 0101324450
22   0.8  -2.4  -1.2  973.3  966.8  970.2 43 35 021 10 N   2.3  9  32 0101244642
23   0.5  -2.4  -1.0  967.9  960.5  962.3 38 27 345 15 N   0.8  5  37 0101244643
24   0.3  -7.5  -3.4  983.5  961.2  972.8 23 19 350  7 SW  0.5  4  32 0101554692
25   1.7  -9.2  -3.7  984.2  972.2  979.0 53 41 021 12 NE  0.0  0  29 0101554692
26   0.5  -1.5  -0.3  985.1  974.2  981.7 45 36 336 14 NW  0.3  0  27 0101654692
27   2.4  -1.2   0.8  986.0  983.0  984.6 39 33 022 11 N   0.0  0  25 0101434580
28   4.8  -1.3   1.0  989.4  981.7  986.8 47 39 029 10 NE  1.0  0  21 0101224690
29   2.2  -1.1   0.7  989.2  977.1  982.6 44 36 034 13 NE  1.0  0  19 0101364680
30   2.2  -1.9  -0.1  983.1  974.1  978.2 32 27 030  8 NW  0.8  0  19 0101454692
31   0.9  -3.6  -1.6  981.9  966.9  972.1 32 23 099  8 E   0.0  1  20 0101254692
