********************************************************************************
Palmer Station Weather Highlights:       December 2011

        Temperature:    Abs Max:     6.8 C          Day: 4
                        Abs Min:    -1.8 C          Day: 23
                            Avg:     1.6 C
                        Avg Max:     3.6 C
                        Avg Min:     0.0 C

        Pressure:       Abs Max:  1003.1 mb         Day: 17
                        Abs Min:   962.8 mb         Day: 30
                            Avg:   983.8 mb
                        Avg Max:   989.2 mb
                        Avg Min:   978.4 mb

        Wind:             Peak:       59 kts        Day: 16
                           Avg:        9 kts
                        Days Prevailing:      N: 9
                                             NE: 2
                                              E: 1
                                             SE: 5
                                              S: 0
                                             SW: 1
                                              W: 3
                                             NW: 10

        Precipitation:  Melted:     75.7 mm         YTD:   444.2 mm
                          Snow:       12 cm         YTD:     262 cm
                Maximum Snowstake Depth:       3 cm Day: 25


============================== Daily Weather Data==============================
Column Titles:
        1. Day                         9. Wind 2-Min Peak(knots)
        2. Temperature High    (C)    10. Wind 2-min Peak Direction(degrees)
        3. Temperature Low     (C)    11. Wind Average(knots)
        4. Temperature Average (C)    12. Wind Prevailing Direction
        5. Pressure High      (mb)    13. Precipitation Melted(mm)
        6. Pressure Low       (mb)    14. Precipitation Snow(cm)
        7. Pressure Average   (mb)    15. Depth at Snowstake(cm)
        8. Wind 5-Sec Peak (knots)    16. Sea Temp/Ice(WMO code)

 1   0.7  -1.6  -0.5  982.5  975.8  978.4 19 16 250  6 NW  0.8  2   2 0101154692
 2   1.2  -0.8   0.2  994.0  982.4  985.2 18 13 354  7 NW  7.4  3   2 0101454692
 3   4.8  -0.6   1.4 1002.1  994.1 1000.1 15 12 147  4 NW  1.8  0   0 0101454692
 4   6.8   2.5   4.5  999.5  987.2  992.8 52 40 031 20 NE  2.8  0   0 0101144691
 5   3.9   0.9   2.5  988.8  984.8  986.8 42 32 021 23 N   3.8  0   0 0101024692
 6   4.4  -0.2   1.9  988.2  970.1  984.2 33 23 080 13 N   1.0  0   0 0100824692
 7   6.5   0.4   3.5  976.3  962.9  968.4 33 25 073 12 E   0.0  0   0 010020/6/0
 8   1.5  -0.4   0.7  981.9  976.2  980.0 26 20 331 13 N   3.3  1   0 010060/6/0
 9   2.3  -0.3   0.8  986.6  981.8  984.6 27 22 342 13 N   0.0  0   0 010080/6/0
10   5.7   0.5   2.9  985.9  968.1  975.5 39 32 042 11 SE  0.5  0   0 010010/6/0
11   4.6   1.3   2.9  975.0  964.2  967.9 36 29 048  9 NE  0.0  0   0 000020/6/0
12   3.3  -1.0   1.6  977.4  965.6  971.7 45 34 028 11 N   1.8  0   0 000020/6/0
13   2.1   0.3   0.9  986.2  969.6  977.6 34 28 337 19 NW  4.8  0   0 000030/6/0
14   1.9   0.1   1.0 1000.8  986.1  993.4 27 21 328 13 NW  0.8  0   0 010120/6/0
15   3.5   0.4   2.0 1001.2  994.0  998.6 35 28 022 14 N  14.5  0   0 010050/6/0
16   6.7   0.3   3.2  994.0  967.0  978.0 59 48 037 21 N   7.4  0   0 000010/6/0
17   2.5  -0.2   0.6 1003.1  982.5  998.3 39 29 263 12 W   0.3  0   0 000030/6/0
18   5.3  -0.5   2.0 1000.4  985.4  991.3 28 24 046 10 SE  0.0  0   0 000010/6/0
19   5.2   1.1   3.3  987.4  982.0  985.0 39 32 022  9 SE  0.3  0   0 000030/6/0
20   4.3   1.3   2.5  992.9  987.4  990.2 10  9 347  3 N   4.6  0   0 000040/6/0
21   2.5  -0.2   1.3  993.5  991.5  992.9 10  9 266  2 NW  1.0  0   0 000060/6/0
22   0.1  -1.4  -0.7  991.6  983.5  987.9 15 13 238  6 SW  0.0  0   0 000070/6/0
23   2.8  -1.8  -0.5  990.2  983.8  988.6 12 10 241  4 W   0.0  0   0 000050/6/0
24   1.4  -1.6  -0.4  989.1  980.8  983.6 24 19 012  4 SE  8.6  0   0 0000424692
25   0.5  -0.9  -0.2  988.7  982.8  986.2 19 15 339  7 NW  5.1  4   3 0101454692
26   2.2  -0.5   0.7  989.1  982.7  985.6 17 12 027  5 SE  4.8  0   0 0100864692
27   4.7  -0.1   1.5  994.6  982.9  991.2 15 12 267  5 W   0.5  2   1 0101364632
28   6.3   0.7   2.7  982.9  973.1  975.6 20 13 104  4 NW  0.0  0   0 0101064632
29   4.6   0.3   2.1  980.0  975.8  978.6 19 11 077  3 NW  0.0  0   0 0100964692
30   4.5   0.7   2.0  976.0  962.8  966.9 19 12 102  3 NW  0.0  0   0 0100464692
31   4.2   0.5   1.8  984.4  963.3  973.4 12 11 346  5 N   0.0  0   0 0100464692
