********************************************************************************
Palmer Station Weather Highlights:       February 2011        

	Temperature:    Abs Max:     7.2 C          Day: 28                        
			Abs Min:    -0.3 C          Day: 1                            
			    Avg:     2.4 C                        
			Avg Max:     4.4 C                        
			Avg Min:     0.9 C        

	Pressure:       Abs Max:  1010.7 mb         Day: 23                        
			Abs Min:   967.3 mb         Day: 14                            
			    Avg:   985.9 mb                        
			Avg Max:   990.8 mb                        
			Avg Min:   980.3 mb        

	Wind:             Peak:       76 kts        Day: 23                           
			   Avg:       12 kts                        
	  	    Days Prevailing:      N: 9    
                                         NE: 5                                              
					  E: 2                                             
					 SE: 2                                              
					  S: 0                                             
					 SW: 0                                              
					  W: 4                                             
					 NW: 6        
					 
Precipitation:  Melted:     80.5 mm         YTD:   100.6 mm                          
		  Snow:        6 cm         YTD:       8 cm                
      Maximum Snowstake Depth:       2 cm Day: 14


============================== Daily Weather Data==============================
Column Titles:       
1. Day                         9. Wind 2-Min Peak          (knots)        
2. Temperature High    (C)    10. Wind 2-min Peak Direction(degrees)        
3. Temperature Low     (C)    11. Wind Average             (knots)        
4. Temperature Average (C)    12. Wind Prevailing Direction        
5. Pressure High      (mb)    13. Precipitation Melted     (mm)        
6. Pressure Low       (mb)    14. Precipitation Snow       (cm)        
7. Pressure Average   (mb)    15. Depth at Snowstake       (cm)        
8. Wind 5-Sec Peak (knots)    16. Sea Temp/Ice             (WMO code) 

 1   4.8  -0.3   1.5  988.3  981.5  986.7 16 13 280  5 W   0.5  0   0  000130/6/0 
 2   5.3   0.8   2.7  982.3  976.9  980.1 37 29 018 10 N   0.8  0   0  000110/6/0 
 3   6.5   0.6   3.1  982.1  977.4  979.0 29 19 104  8 E   1.0  0   0  000210/6/0
 4   3.2   0.7   1.4  989.7  982.2  986.3 22 18 270 10 W   0.0  0   0  000170/6/0
 5   1.8   0.2   0.8  990.3  980.7  987.2 17 16 245  8 W   0.0  0   0  000060/6/0
 6   2.8   0.4   1.1  980.6  975.1  976.6 15 11 098  4 NW  0.3  0   0  000100/6/0
 7   3.2   0.1   1.5  982.3  978.5  980.6 32 24 032  5 NE  1.0  1   0  000130/6/0 
 8   2.7   0.6   1.7  991.0  982.3  985.4 19 15 336  5 SE  4.3  0   0  000140/6/0 
 9   5.5   1.2   3.3  991.5  981.5  988.5 24 19 024  7 SE  0.0  0   0  000140/6/0
10   5.0   2.2   3.3  981.9  972.6  977.2 70 43 034 21 N   9.9  0   0  000140/6/0
11   3.1   0.9   2.4  993.1  980.6  986.2 27 21 351 13 N   3.1  0   0  000010/6/0
12   4.2   0.4   1.8 1004.2  993.1 1000.5 11  9 318  4 NW  0.0  0   0  000090/6/0
13   4.5  -0.2   2.5 1003.4  974.3  990.4 34 25 070  8 E   6.9  0   0  000130/6/0
14   5.6   0.1   2.6  974.2  967.3  968.9 35 30 026  7 NE  4.1  3   2  000090/6/0
15   3.6   1.5   2.5  976.4  968.4  973.0 21 15 011  6 N   0.0  0   0  000090/6/0
16   3.5   1.0   2.3  988.8  975.8  979.7 31 25 028 16 N   1.8  0   0  000110/6/0
17   5.2   0.7   3.3  992.3  988.8  990.9 37 30 016 16 NE  0.0  0   0  000110/6/0
18   4.6   2.1   3.6  994.2  980.3  987.3 45 35 038 21 NE 10.9  0   0  000140/6/0
19   3.2   1.0   2.1  992.7  981.2  988.9 49 40 028 14 NW  0.5  0   0  000130/6/0
20   5.4   0.6   2.2 1000.5  980.2  990.1 23 19 023  5 NW  8.1  0   0  000100/6/0
21   4.2   0.1   1.9 1006.1  996.0  999.7 18 16 339  5 NW  0.0  0   0  000120/6/0
22   3.9   1.6   2.4 1010.6 1002.1 1006.2 42 33 024 14 W   0.5  0   0  000100/6/0
23   5.2   0.8   3.0 1010.7  984.3 1001.1 76 46 024 21 N  10.2  0   0  000090/6/0
24   4.1   0.9   2.5  985.3  974.3  982.1 57 41 019 20 NW  5.1  0   0  000110/6/0
25   3.4   0.8   1.8  984.4  967.5  978.2 37 29 204 16 N   0.8  0   0  000090/6/0
26   3.6  -0.1   1.9  987.9  981.8  985.1 27 21 039 11 N   2.3  2   2  010080/6/0
27   6.5   2.4   4.3  988.1  982.5  985.0 41 33 034 22 NE  4.1  0   0  000100/6/0
28   7.2   3.0   4.5  989.0  981.3  985.6 57 45 030 26 N   4.6  0   0  000150/6/0
