********************************************************************************
Palmer Station Weather Highlights:       April 2011

        Temperature:    Abs Max:     4.5 C          Day: 22
                        Abs Min:    -6.8 C          Day: 10
                            Avg:    -1.9 C
                        Avg Max:    -0.4 C
                        Avg Min:    -3.4 C

        Pressure:       Abs Max:  1003.6 mb         Day: 11
                        Abs Min:   957.3 mb         Day: 28
                            Avg:   985.0 mb
                        Avg Max:   989.6 mb
                        Avg Min:   981.0 mb

        Wind:             Peak:       64 kts        Day: 28
                           Avg:        9 kts
                        Days Prevailing:      N: 7
                                             NE: 12
                                              E: 5
                                             SE: 2
                                              S: 0
                                             SW: 3
                                              W: 1
                                             NW: 0

        Precipitation:  Melted:      8.1 mm         YTD:   144.5 mm
                          Snow:       17 cm         YTD:      31 cm
                Maximum Snowstake Depth:      12 cm Day: 29


============================== Daily Weather Data==============================
Column Titles:
        1. Day                         9. Wind 2-Min Peak           (knots)
        2. Temperature High    (C)    10. Wind 2-min Peak Direction (degrees)
        3. Temperature Low     (C)    11. Wind Average              (knots)
        4. Temperature Average (C)    12. Wind Prevailing Direction
        5. Pressure High      (mb)    13. Precipitation Melted      (mm)
        6. Pressure Low       (mb)    14. Precipitation Snow        (cm)
        7. Pressure Average   (mb)    15. Depth at Snowstake        (cm)
        8. Wind 5-Sec Peak (knots)    16. Sea Temp/Ice              (WMO code)

April 2011
 1   0.7  -2.3  -0.5  998.7  993.2  997.0 15 12 025  5 NE  0.0  0   0 000100/6/0
 2   2.3  -2.4  -0.5  998.3  995.0  996.2 19 16 040  4 NE  0.0  0   0 000040/6/0
 3   0.4  -3.6  -1.9 1000.4  996.1  998.9 15 13 028  6 NE  0.0  0   0 000020/6/0
 4   0.0  -2.2  -0.9  999.4  984.6  991.0 34 26 050 11 E   0.0  0   0 000070/6/0
 5   0.1  -1.8  -0.9  988.6  984.5  986.9 31 26 024 11 NE  0.0  0   0 000060/6/0
 6   0.0  -2.5  -0.9  987.5  985.2  986.3 23 17 075  7 E   0.0  0   0 000070/6/0
 7  -0.5  -3.1  -1.7  991.3  987.0  988.1 20 16 232  8 SW  0.0  0   0 000030/6/0
 8  -1.7  -2.5  -2.1  992.2  989.0  991.4 22 18 230 10 SW  0.0  0   0 000040/6/0
 9  -1.6  -3.3  -2.4  989.0  976.7  982.2 32 20 097  8 N   2.5  2   2 0100532632
10  -0.9  -6.8  -4.1  999.1  975.9  988.8 46 30 103 13 E   0.0  0   0 0000921631
11  -2.6  -4.2  -3.5 1003.6  999.0 1001.8 14 13 018  5 NE  0.0  0   0 010000/6/0
12  -2.3  -4.1  -3.2  999.0  986.0  990.2 27 20 118  8 SE  0.3  1   1 000030/4/0
13  -1.8  -6.1  -4.3  988.6  984.5  986.5 17 12 039  5 NE  0.0  0   0 010020/4/0
14  -1.6  -5.6  -3.7  986.9  984.2  985.6 16 13 228  4 NE  0.0  0   0 010110/4/0
15  -2.7  -4.9  -3.9  988.3  984.4  986.7 36 31 021 14 NE  0.0  0   0 010080/4/0
16  -1.6  -4.8  -3.3  987.1  980.6  983.8 30 26 023  9 SE  0.0  0   0 010040/6/0
17   0.9  -2.6  -0.9  980.6  975.6  977.6 15 12 119  4 NE  0.0  1   1 0100331622
18  -1.0  -2.0  -1.5  983.4  978.0  981.0 11  9 302  4 N   0.0  0   0 0100731622
19  -1.6  -3.3  -2.4  983.4  982.1  982.7 14 12 023  5 N   0.5  0   0 0100721622
20  -1.5  -3.7  -2.5  990.9  983.3  985.9 21 16 217  7 N   2.3  6   6 0100921622
21  -1.6  -5.2  -3.3  999.2  990.9  996.2 13 11 224  5 NE  0.0  1   7 0100320622
22   4.5  -3.6   0.4  998.5  978.2  986.6 39 25 099 11 E   0.0  0   5 000090/4/0
23   3.0   0.1   1.1  978.2  961.1  966.6 44 29 100 13 E   0.3  0   2 000080/4/0
24   2.7  -1.2   1.2  979.3  965.7  970.8 35 28 024 11 NE  0.0  0   1 000060/4/0
25  -0.8  -2.3  -1.6  983.4  979.3  981.9 30 24 025  4 NE  0.0  1   2 000050/4/0
26  -1.7  -4.2  -2.5  980.0  974.3  976.8 20 16 023  7 N   0.0  0   1 000050/4/0
27  -1.5  -4.9  -3.3  981.1  974.4  978.0 25 18 006  6 N   0.3  2   2 010020/4/0
28   0.5  -2.1  -0.5  979.1  957.3  964.4 64 53 034 23 N   1.0  1   1 000020/6/0
29   0.4  -2.0  -0.7  982.1  961.9  972.5 32 24 224 18 W   1.0  2  12 000000/6/0
30  -1.9  -4.4  -2.7  990.4  982.0  987.5 37 28 213 17 SW  0.0  0  11 010010/6/0
