********************************************************************************
Palmer Station Weather Highlights:       November 2011

        Temperature:    Abs Max:     6.6 C          Day: 6
                        Abs Min:    -4.0 C          Day: 1
                            Avg:     0.2 C
                        Avg Max:     2.4 C
                        Avg Min:    -1.7 C

        Pressure:       Abs Max:  1009.3 mb         Day: 17
                        Abs Min:   948.7 mb         Day: 12
                            Avg:   985.6 mb
                        Avg Max:   990.5 mb
                        Avg Min:   979.5 mb

        Wind:             Peak:       67 kts        Day: 5
                           Avg:       11 kts
                        Days Prevailing:      N: 6
                                             NE: 6
                                              E: 3
                                             SE: 2
                                              S: 0
                                             SW: 3
                                              W: 3
                                             NW: 7

        Precipitation:  Melted:     38.6 mm         YTD:   368.5 mm
                          Snow:       21 cm         YTD:     250 cm
                Maximum Snowstake Depth:      21 cm Day: 3


============================== Daily Weather Data==============================
Column Titles:
        1. Day                         9. Wind 2-Min Peak(knots)
        2. Temperature High    (C)    10. Wind 2-min Peak Direction(degrees)
        3. Temperature Low     (C)    11. Wind Average(knots)
        4. Temperature Average (C)    12. Wind Prevailing Direction
        5. Pressure High      (mb)    13. Precipitation Melted(mm)
        6. Pressure Low       (mb)    14. Precipitation Snow(cm)
        7. Pressure Average   (mb)    15. Depth at Snowstake(cm)
        8. Wind 5-Sec Peak (knots)    16. Sea Temp/Ice
(WMO code)

 1  -0.6  -4.0  -1.9  994.6  974.0  987.0 21 17 025  8 N   0.0  0  190101524680
 2   1.7  -3.0  -1.1  995.6  970.4  988.3 44 30 104 12 E   0.0  0  190101254692
 3   0.3  -2.0  -1.3  983.6  967.5  974.5 59 45 038 19 N   0.8  2  210101224690
 4   2.4  -2.9   0.4  985.0  973.4  979.6 53 35 083 20 N   1.8  0  19010090/1/0
 5   3.8  -0.5   1.7  996.3  983.9  992.2 67 40 062 16 NE  0.8  1  20010090/1/0
 6   6.6  -1.6   2.9  993.9  976.4  984.3 58 39 031 20 NE  5.8  0  140100924690
 7   0.8  -2.3  -0.7  993.1  988.2  990.8 53 34 339 18 NW  1.3  0   30101364692
 8   2.9  -1.2   1.4  993.1  985.3  989.4 53 40 022 26 N  10.7  6   90101264692
 9   2.6  -1.9   0.6  989.0  979.8  985.5 43 34 031 21 NE  4.3  0   00101224691
10   1.3  -0.9   0.1  980.3  969.1  973.7 49 39 041 21 NW  2.3  3   30101024190
11   1.0  -1.3  -0.5  975.7  959.9  970.8 31 26 036 16 NW  0.0  2   50101524192
12   1.1  -1.2  -0.1  965.3  948.7  955.1 30 23 040  6 NW  5.6  3   60101023190
13   4.1   0.1   2.1  969.1  961.6  965.2 39 31 022 14 NE  0.0  0   00101024190
14   2.1  -2.2  -0.4  993.2  969.2  985.9 20 16 249  7 W   0.0  0   00100524190
15   3.0  -3.6  -0.2  992.9  985.1  988.4 16 13 129  4 NE  0.5  0   00100734680
16   3.5  -0.8   0.5 1003.4  986.1  993.4  8  7 313  2 NW  0.8  0   00100424690
17   1.8  -0.7   0.4 1009.3 1003.5 1007.6 17 14 025  5 N   0.0  0   00100624690
18   4.0  -1.9   1.0 1007.6  983.7  996.2 33 23 070  8 E   0.0  0   00100654692
19   2.4  -0.2   1.2  984.7  978.3  980.9 33 26 119 16 SE  0.0  0   00100624690
20   2.3  -2.9  -0.8  997.0  984.7  991.0 23 16 103  6 E   0.0  0   00100524690
21   1.7  -3.3  -1.6  998.2  996.8  997.6 14 12 233  4 N   0.3  1   00100824690
22  -1.1  -3.4  -2.3  996.9  994.3  996.0 13 12 250  7 SW  0.0  0   00100624690
23   3.1  -3.6  -1.1  994.2  992.3  993.2 14 12 228  4 NW  0.0  0   00100844692
24   5.7  -1.4   1.4  992.5  988.6  990.8  9  8 118  3 SE  0.0  0   00000134690
25   5.3   0.1   2.8  989.3  987.4  988.3  6  5 121  2 W   0.0  0   00100134690
26   2.0  -0.9   0.3  989.5  988.6  989.1  6  5 226  1 SW  1.5  0   00100334690
27   2.9  -0.7   0.4  988.8  987.4  988.1  8  6 322  3 NW  0.0  0   00000734692
28   2.4  -1.2   0.3  991.4  988.0  989.3  8  6 199  3 W   0.0  0   00000124691
29   2.2  -1.7  -0.2  991.6  966.0  983.5 44 35 036 14 NE  0.3  0   00100424692
30   0.6  -1.1  -0.5  978.8  965.5  972.2 27 22 239 14 SW  2.0  3   20100424690
