********************************************************************************
Palmer Station Weather Highlights:      June 2002

        Temperature:    Abs Max:    2.6 C          Day: 23
                        Abs Min:  -17.5 C          Day: 14
                            Avg:   -8.7 C
                        Avg Max:   -6.4 C
                        Avg Min:  -10.7 C

        Pressure:       Abs Max: 1009.1 mb         Day: 21
                        Abs Min:  964.5 mb         Day: 29
                            Avg:  988.3 mb
                        Avg Max:  992.3 mb
                        Avg Min:  983.9 mb

        Wind:             Peak:      63 kts        Day: 23
                           Avg:      11 kts
                        Days Prevailing:     N: 3
                                            NE: 5
                                             E: 5
                                            SE: 0
                                             S: 1
                                            SW: 11
                                             W: 3
                                            NW: 2

        Precipitation:  Melted:    38.0 mm         YTD:   387.7 mm
                          Snow:      46 cm         YTD:     162 cm
                Days with Precipitation:     23
                Days with Snow:              23
                Maximum Snowstake Depth:     35 cm Day: 12

        Clouds: Average Cloud Coverage:      92%
                Days Overcast:               27
                Days Partly Cloudy:           0
                Days Clear:                   3



============================== Daily Weather Data ==============================
Column Titles:
        1. Day                         9. Wind Peak Direction (degrees)
        2. Temperature High   (C)     10. Wind Avg              (knots)
        3. Temperature Low    (C)     11. Wind Prevailing Direction
        4. Temperature Avg    (C)     12. Precipitation Melted     (mm)
        5. Pressure High     (mb)     13. Precipitation Snow       (cm)
        6. Pressure Low      (mb)     14. Depth at Snowstake       (cm)
        7. Pressure Avg      (mb)     15. Sky Coverage         (tenths)
        8. Wind Peak      (knots)     16. Sea Temp/Ice     (WMO coding)

01  -5.2  -9.4  -6.5  997.5  991.5  996.0 16 240  5 NE  0.0  0  24  4 010100/8/0
02  -5.9  -9.4  -8.5  996.8  986.6  991.6 24 030  9  W  1.2  3  25 10 0101132871
03  -8.6 -12.3 -11.1  989.1  985.1  986.8 22 110 11  E  1.8  3  33 10 010120/8/0
04  -8.4 -12.6 -10.0  991.3  989.1  990.4 22 120  8  E  0.0  0  28  0 010140/8/0
05  -7.2 -10.2  -8.8  993.2  990.7  992.4 14 020  6 NE  0.0  0  26  3 010140/9/0
06  -7.5 -10.4  -9.6  992.6  984.1  988.2 18 360 10  N  1.5  4  25 10 0101522963
07  -9.6 -13.3 -10.7  984.1  978.4  979.9 21 320  8 NW  0.5  T  30 10 0101622961
08 -10.1 -12.4 -11.4  989.8  981.2  987.3 18 190 10 SW    T  T  28 10 0101622860
09  -9.2 -12.1 -10.6  990.9  989.0  990.0 14 230  4 NE    T  T  27 10 0101622861
10  -6.5 -11.1  -8.9  993.4  987.7  991.0 23 170  7  S    T  T  26 10 0101522860
11  -6.5  -9.8  -7.9  994.8  992.1  993.5 19 090  4 NE  0.0  0  26 10 0101620890
12  -6.8 -10.6  -8.9  992.1  983.6  985.8 24 230  8 SW  4.3 11  35 10 0101622962
13 -10.2 -13.7 -12.3  986.8  983.0  984.6 32 240 13 SW  1.5  2  31 10 0101622962
14 -12.5 -17.5 -15.8  987.2  979.1  983.8 25 240 10 NE  0.2  1  29 10 0101622961
15 -12.5 -16.1 -13.4  981.1  977.8  980.0 23 120  9  E  2.3  2  28 10 0101622963
16  -9.6 -16.3 -12.9  989.8  981.1  986.2 40 090 13  E  2.6  2  27 10 0101622961
17  -7.2 -11.1  -8.4  991.8  989.4  990.6 35 100 10 SW  0.0  0  25 10 0101622960
18  -6.4 -12.3  -8.0 1005.4  989.6  999.7 31 090 13  E  0.0  0  24 10 0101422960
19  -6.0  -8.3  -7.2 1005.4 1000.1 1001.7 22 210 10 SW  0.0  0  24 10 010170/9/0
20  -5.4  -7.1  -6.2 1002.9  999.8 1001.2 22 230  8 SW  0.6  1  24 10 010180/9/0
21  -4.6  -5.7  -5.2 1009.1 1000.9 1006.4 23 220  9 SW  0.2  T  24 10 0101822960
22  -1.0  -5.6  -1.8 1003.8  994.3  998.0 19 220  7 SW  4.5  5  32 10 0101722961
23   2.6  -3.8  -0.3 1005.1  984.3  994.6 63 020 20  N  2.1  T  29 10 0101622971
24   1.7  -2.4  -1.0  984.3  975.6  977.8 57 360 30 NW  5.2  T  28 10 0101522980
25  -1.7  -6.7  -4.4  986.7  974.2  981.4 34 260 18  W  0.8  T  28 10 0101542963
26  -0.2  -5.6  -2.6  984.8  973.2  975.4 32 020 15  N  1.2  1  28 10 0101522961
27  -5.5 -14.3 -12.5  981.0  974.7  977.8 36 250 17 SW  1.2  1  28 10 0101722961
28 -10.5 -15.2 -12.5  983.7  969.4  978.0 37 250 13 SW  1.1  1  28 10 0101632962
29  -5.3 -12.6 -10.0  980.9  964.5  973.2 45 230 13  W  4.2  9  30 10 0101722963
30  -7.4 -13.8 -12.4  994.1  966.6  985.9 44 220 19 SW  1.0  T  28 10 0101822960
