********************************************************************************
Palmer Station Weather Highlights:      July 2002

        Temperature:    Abs Max:    1.6 C          Day: 19
                        Abs Min:  -21.6 C          Day: 14
                            Avg:   -7.6 C
                        Avg Max:   -4.5 C
                        Avg Min:  -11.3 C

        Pressure:       Abs Max: 1009.8 mb         Day: 29
                        Abs Min:  958.4 mb         Day: 13
                            Avg:  991.2 mb
                        Avg Max:  996.9 mb
                        Avg Min:  985.7 mb

        Wind:             Peak:      71 kts        Day: 1
                           Avg:      10 kts
                        Days Prevailing:     N: 4
                                            NE: 7
                                             E: 4
                                            SE: 5
                                             S: 3
                                            SW: 3
                                             W: 4
                                            NW: 1

        Precipitation:  Melted:   119.5 mm         YTD:   507.2 mm
                          Snow:      95 cm         YTD:     257 cm
                Days with Precipitation:     22
                Days with Snow:              22
                Maximum Snowstake Depth:     63 cm Day: 20

        Clouds: Average Cloud Coverage:      91%
                Days Overcast:               28
                Days Partly Cloudy:           0
                Days Clear:                   3

============================== Daily Weather Data
==============================
Column Titles:
        1. Day                         9. Wind Peak Direction (degrees)
        2. Temperature High   (C)     10. Wind Avg              (knots)
        3. Temperature Low    (C)     11. Wind Prevailing Direction
        4. Temperature Avg    (C)     12. Precipitation Melted     (mm)
        5. Pressure High     (mb)     13. Precipitation Snow       (cm)
        6. Pressure Low      (mb)     14. Depth at Snowstake       (cm)
        7. Pressure Avg      (mb)     15. Sky Coverage         (tenths)
        8. Wind Peak      (knots)     16. Sea Temp/Ice     (WMO coding)

01  -0.3 -13.8  -2.9  990.7  964.1  966.7 71 030 21 NW 10.0  3  34 10
0101722980
02  -3.7 -14.4 -12.6  998.1  969.2  988.4 45 230 19 SW  0.4  T  34 10
0101722970
03  -1.0 -14.7  -8.1  999.1  982.0  992.0 51 020 10  E    T  T  34 10
0101732963
04  -0.3  -6.2  -3.0  982.0  970.0  972.0 54 020 22  N 13.7 19  51 10
0101732962
05  -5.7  -9.8  -8.5  977.8  972.9  976.1 34 230 16 SW  0.1  T  45 10
0101652963
06  -1.8  -8.6  -4.8 1000.4  975.8  988.7 44 110 16 SE  6.8  4  49 10
0101742961
07  -3.4  -7.5  -5.4 1004.3 1000.0 1003.3 34 110  6  E  0.0  0  48 10
0101752963
08  -5.5 -14.2  -8.3 1001.6  979.6  988.3 45 220 10 SW  4.0  3  47 10
0101752962
09  -6.7  -9.5  -8.3 1004.7  981.9  994.4 28 220  9  S  0.2  T  43 10
0101752962
10  -3.2  -9.5  -5.8 1007.7  995.5 1003.4 25 020 11  N  0.1  T  42 10
0101752962
11   0.9  -3.4  -0.2  995.5  967.0  978.2 39 020 15  N  1.2  T  42 10
0101652962
12   0.0 -17.9  -9.1  976.2  963.0  971.5 50 020 18  W  3.7  4  42 10
01015/296/
13  -9.2 -19.7 -16.0  976.5  958.4  966.4 69 010 21  W  2.8  3  42 10
0101642962
14 -18.3 -21.6 -20.3  974.8  965.4  970.5 41 240 21  W  0.4  T  33 10
0101852962
15 -13.6 -21.1 -16.0  989.2  973.9  982.6 25 270 11  S  1.3  2  35 10
0101752962
16  -8.0 -16.3 -12.2  993.5  989.1  991.7 16 020  3  W  1.7  8  34 10
0101752962
17  -5.3 -10.1  -7.7  993.8  991.0  992.8 22 030  2  E  1.9  3  38 10
0101752962
18   0.2  -6.2  -3.0  994.7  988.5  991.7 43 020 12 SE 13.8 13  34 10
0101692962
19   1.6  -3.5  -1.1  988.5  983.1  985.4 30 130  8 SE 39.1 21  47 10
01016/2993
20  -3.4  -5.4  -4.2  989.5  987.0  987.8 14 180  3  S 11.3 11  63 10
0101682962
21  -4.5 -11.6  -7.2 1004.0  989.5  999.3  9 080  1 NE  0.2  T  62 10
0101752961
22  -5.6 -10.4  -7.1 1004.7 1002.1 1003.5 13 030  3 NE  0.0  0  62 10
0101752962
23  -4.8  -9.6  -6.0 1007.4 1002.1 1004.4  6 350  2 NE  0.0  0  61 10
0101742961
24  -4.7 -10.4  -7.5 1009.1 1007.4 1008.6  6 080  3 NE  0.0  0  61 10
0101742962
25  -7.7 -12.1  -9.8 1007.9 1002.9 1005.1 10 080  3 NE  0.0  0  61 10
0101842962
26  -4.8 -11.2  -7.6 1003.2 1000.2 1001.2 10 130  2 SE  0.0  0  60 10
0101742962
27  -3.7  -6.4  -4.9 1000.8 1000.1 1000.4  7 140  2 SE  0.4  T  59 10
0101842962
28  -4.8 -11.8  -8.2 1005.8 1000.1 1003.4  9 190  2 NE  0.0  0  59  1
0101742962
29  -9.5 -13.3 -10.9 1009.8 1005.8 1008.8  6 060  1 NE  0.0  0  59  1
0101852962
30  -5.4 -14.7  -8.6 1009.7 1003.1 1005.2 22 070  3  E  0.0  0  59  1
0101882962
31   1.6  -5.7  -1.0 1004.0  985.4  994.9 68 020 24  N  6.4  1  55 10
0101722961

