********************************************************************************
Palmer Station Weather Highlights:      September 2002

        Temperature:    Abs Max:    5.6 C          Day: 18
                        Abs Min:  -10.6 C          Day: 7
                            Avg:   -2.7 C
                        Avg Max:   -0.1 C
                        Avg Min:   -4.9 C

        Pressure:       Abs Max: 1018.2 mb         Day: 12
                        Abs Min:  964.8 mb         Day: 1
                            Avg:  999.0 mb
                        Avg Max: 1002.2 mb
                        Avg Min:  995.9 mb

        Wind:             Peak:      57 kts        Day: 23
                           Avg:       7 kts
                        Days Prevailing:     N: 3
                                            NE: 5
                                             E: 5
                                            SE: 3
                                             S: 1
                                            SW: 5
                                             W: 3
                                            NW: 5

        Precipitation:  Melted:    48.8 mm         YTD:   606.0 mm
                          Snow:      23 cm         YTD:     325 cm
                Days with Precipitation:     18
                Days with Snow:              15
                Maximum Snowstake Depth:     64 cm Day: 11

        Clouds: Average Cloud Coverage:      96%
                Days Overcast:               28
                Days Partly Cloudy:           2
                Days Clear:                   0



============================== Daily Weather Data ==============================
Column Titles:
        1. Day                         9. Wind Peak Direction (degrees)
        2. Temperature High   (C)     10. Wind Avg              (knots)
        3. Temperature Low    (C)     11. Wind Prevailing Direction
        4. Temperature Avg    (C)     12. Precipitation Melted     (mm)
        5. Pressure High     (mb)     13. Precipitation Snow       (cm)
        6. Pressure Low      (mb)     14. Depth at Snowstake       (cm)
        7. Pressure Avg      (mb)     15. Sky Coverage         (tenths)
        8. Wind Peak      (knots)     16. Sea Temp/Ice     (WMO coding)

01   2.9  -0.9   0.2  984.0  964.8  969.8 31 060  6  E  5.6  4  59 10 0101532963
02   1.2  -5.2  -3.3  993.5  967.5  984.0 18 180  7 SW  2.5  3  59 10 0101552963
03  -3.0  -7.3  -5.4 1000.5  993.0  998.9 14 230  5 SW  0.0  0  59 10 0101542961
04  -4.2  -8.6  -5.6 1001.4  998.7 1000.0 15 340  5 NE  0.0  0  58  9 0101432961
05  -4.7  -7.9  -6.2 1010.8 1001.4 1007.0 17 240  6 SW  0.2  T  58 10 0101652963
06  -6.0 -10.3  -8.4 1012.2 1008.3 1010.3 14 180  6  N  0.0  0  58 10 0101732961
07  -6.8 -10.6  -8.2 1014.1 1011.2 1012.6 11 040  4 NE  0.0  0  58 10 0101532962
08  -5.1  -8.6  -7.0 1015.4 1010.1 1012.5  7 070  3 NE  0.0  0  58 10 0101532962
09  -1.2  -8.5  -4.1 1016.9 1013.4 1015.5 18 120  5  E  0.2  T  58 10 0101432962
10   3.1  -3.1  -0.3 1013.4 1010.6 1011.4 21 010  6  W  6.5  3  59 10 0101642962
11   0.5  -0.7  -0.2 1017.7 1010.5 1014.2 16 310 10 NW  4.6  4  64 10 0101432962
12   4.4  -2.1   0.1 1018.2 1016.4 1017.3 15 120  5  E  0.2  T  62  9 0101432962
13   2.9  -5.3  -1.7 1016.4 1010.2 1012.7 27 110  6 SE  0.0  0  61  7 0101322961
14   2.9   0.6   1.9 1010.2 1001.9 1004.4 45 020 20 NW  2.2  T  55 10 010130/9/0
15   2.1  -4.0  -0.3 1007.9 1004.5 1006.3  8 110  2 NW  3.0  3  56 10 010110/8/0
16   0.5  -2.2  -1.1 1009.9 1006.2 1007.8 14 120  4 SE  0.2  T  55 10 0101022892
17   1.5  -3.5  -1.3 1010.6 1004.6 1008.5 14 070  5 SE  1.1  T  55 10 010100/3/0
18   5.6  -1.1   1.0 1004.6  990.5  994.5 17 120  5 NW  7.9  0  54 10 010110/8/0
19   4.9  -1.9   0.3  995.3  990.1  992.9 10 160  4  E  0.0  0  53 10 010080/8/0
20  -1.8  -5.6  -4.2  998.6  995.3  997.5  7 130  3  W  0.0  0  53 10 010100/8/0
21  -1.2  -6.1  -3.8  998.8  997.1  997.7 12 130  3 NW  0.0  0  52  9 010130/7/0
22   4.2  -3.1   1.1  998.1  984.6  992.3 52 040 14 NE  2.1  0  52 10 010110/8/0
23   4.7  -0.4   2.2  988.2  981.7  985.2 57 030 22  N  7.7  0  40 10 010090/8/0
24   3.0  -1.2   1.2  988.4  980.8  985.5 45 090  6  N  0.0  0  39  6 010080/8/0
25   2.6  -3.1  -1.1  984.2  979.3  982.5 45 090 12  E  0.2  T  39 10 010090/8/0
26  -0.9  -6.4  -4.3  986.5  984.2  985.7 10 300  3 NE  2.5  3  40 10 010090/8/0
27  -0.7  -4.4  -3.8  988.0  985.7  986.7 12 250  4  W  0.2  T  42 10 0101152962
28  -4.1  -8.8  -6.6  994.4  986.9  991.0 19 210 10 SW  1.9  3  45 10 0101352962
29  -4.6  -9.6  -7.1  995.0  993.6  994.3 18 230  7 SW  0.0  0  45 10 0101252962
30  -4.9  -6.5  -5.6  994.0  993.0  990.5 24 230 10  S  0.0  0  44  8 0101252962