********************************************************************************
Palmer Station Weather Highlights:      August 2002

        Temperature:    Abs Max:    2.5 C          Day: 31
                        Abs Min:  -18.7 C          Day: 22
                            Avg:   -6.7 C
                        Avg Max:   -4.6 C
                        Avg Min:   -9.9 C

        Pressure:       Abs Max: 1022.2 mb         Day: 5
                        Abs Min:  970.9 mb         Day: 21
                            Avg:  996.4 mb
                        Avg Max: 1001.7 mb
                        Avg Min:  991.1 mb

        Wind:             Peak:      61 kts        Day: 31
                           Avg:       9 kts
                        Days Prevailing:     N: 5
                                            NE: 5
                                             E: 1
                                            SE: 1
                                             S: 1
                                            SW: 14
                                             W: 0
                                            NW: 4

        Precipitation:  Melted:    50.0 mm         YTD:   557.2 mm
                          Snow:      45 cm         YTD:     302 cm
                Days with Precipitation:     25
                Days with Snow:              23
                Maximum Snowstake Depth:     72 cm Day: 28

        Clouds: Average Cloud Coverage:      91%
                Days Overcast:               27
                Days Partly Cloudy:           2
                Days Clear:                   2

============================== Daily Weather Data
==============================
Column Titles:
        1. Day                         9. Wind Peak Direction (degrees)
        2. Temperature High   (C)     10. Wind Avg              (knots)
        3. Temperature Low    (C)     11. Wind Prevailing Direction
        4. Temperature Avg    (C)     12. Precipitation Melted     (mm)
        5. Pressure High     (mb)     13. Precipitation Snow       (cm)
        6. Pressure Low      (mb)     14. Depth at Snowstake       (cm)
        7. Pressure Avg      (mb)     15. Sky Coverage         (tenths)
        8. Wind Peak      (knots)     16. Sea Temp/Ice     (WMO coding)

01   1.1  -5.3  -1.7  991.0  983.1  986.4 48 010 20 NW  0.5  T  54 10 0101642963
02  -1.3  -5.4  -1.9  987.1  976.5  978.9 22 130  6 SE  4.5  7  58 10 010160/9/0
03  -2.0  -5.6  -3.5  988.5  981.3  986.0 22 010  8 NW  2.9  3  61 10 0101622962
04  -2.3  -7.2  -4.6 1017.9  987.7 1008.8 21 220  5 SW  0.1  T  61 10 010160/9/0
05  -4.0  -8.6  -5.9 1022.2 1017.9 1021.1  8 350  3  N  0.1  0  59 10 0101722962
06  -3.2  -5.7  -3.8 1020.4 1016.5 1017.8  5 300  1 NW  0.5  T  59 10 0101752963
07  -4.5  -8.7  -6.9 1016.5 1013.0 1014.2  9 100  2 NE  0.0  0  59  2 0101752962
08  -1.2  -9.5  -3.7 1013.3 1005.7 1009.2 25 020 12 NE  0.0  0  58  5 010180/9/0
09  -1.5  -6.6  -3.5 1005.7  984.4  991.6 24 050  4 NE  0.1  T  58 10 0101730963
10  -1.9  -3.1  -2.5  984.4  979.3  980.8 13 220  5 SW  4.0  2  60 10 0101740963
11  -2.6  -7.7  -5.9  987.5  981.1  985.0 23 220 13 SW  1.0  T  61  2 010180/9/0
12  -6.6 -10.7  -9.1  989.6  986.3  988.2 25 220  9 SW    T  T  60 10 0101821962
13  -6.1  -8.0  -7.6  990.2  985.1  988.8 20 230  7 SW  0.1  1  59 10 0101821962
14  -2.5 -12.7  -7.6  988.6  977.7  980.5 51 220 20 SW  3.7  2  58 10 0101841963
15  -9.7 -12.7 -10.6  998.3  978.1  992.7 43 210 17 SW  0.0  0  58 10 0101751963
16  -6.0  -9.8  -7.8 1007.5  998.2 1003.5 22 220  6 SW  0.1  0  58  9 0101751962
17  -5.1  -9.3  -6.5 1009.5 1006.1 1008.2 10 140  3 NE  0.0  0  58 10 0101751962
18  -2.9  -6.7  -4.1 1006.2  993.2  999.6 12 110  4  E  0.1  T  58 10 0101751962
19  -0.9 -13.3  -4.7  993.2  974.1  982.7 47 240 20  N  1.6  T  58 10 0101751962
20 -11.8 -17.2 -14.3  993.9  980.3  989.8 49 220 13 SW  1.4  1  58 10 0101852963
21  -6.9 -18.6 -11.4  985.0  970.9  973.2 24 240  7 SW  4.5  4  62 10 0101852963
22  -9.9 -18.7 -12.7  984.6  972.8  979.0 27 260  8  S  1.5  1  61  5 0101852963
23 -11.6 -16.3 -12.9  990.2  984.6  989.1 13 260  5  N    T  T  60 10 0101752962
24 -12.3 -14.8 -13.1  999.6  989.7  995.5 13 230  5 SW  0.0  0  59 10 0101852962
25  -7.8 -12.4 -10.8 1002.6  996.9 1000.0 31 230  7 SW  1.1  4  62 10 0101752962
26  -8.1 -11.6  -9.9 1011.9 1002.0 1007.6 35 240 11 SW  1.7  2  59 10 0101752962
27  -3.4  -8.6  -4.6 1011.9 1002.3 1006.1 17 320 10 NW  5.8 11  69 10 0101752962
28  -3.1  -6.1  -5.1 1011.8  999.9 1004.8 25 240 10 SW  4.6  7  72 10 0101852962
29  -5.2 -11.4  -8.9 1018.6 1011.1 1016.2 10 350  4  N  0.0  0  70  9 0101792962
30  -0.4 -13.7  -4.4 1018.0 1005.5 1013.3 44 050 10  N  2.4  T  69 10 0101892962
31   2.5  -1.0   0.8 1005.5  983.5  990.6 61 040 37 NE  7.7  T  56 10 0101622060
