********************************************************************************
Palmer Station Weather Highlights:      October 1996

        Temperature:    Abs Max:    5.2 C          Day: 31
                        Abs Min:  -11.2 C          Day: 14
                            Avg:   -2.4 C
                        Avg Max:    0.7 C
                        Avg Min:   -4.9 C

        Pressure:       Abs Max: 1001.9 mb         Day: 27
                        Abs Min:  956.0 mb         Day: 12
                            Avg:  981.7 mb
                        Avg Max:  986.4 mb
                        Avg Min:  976.0 mb

        Wind:             Peak:      58 kts        Day: 3
                           Avg:      14 kts
                        Days Prevailing:     N: 9
                                            NE: 2
                                             E: 0
                                            SE: 0
                                             S: 5
                                            SW: 4
                                             W: 3
                                            NW: 8

        Precipitation:  Melted:    52.8 mm         YTD:   620.1 mm
                          Snow:      35 cm         YTD:     280 cm
                Days with Precipitation:     30
                Days with Snow:              29
                Maximum Snowstake Depth:     68 cm Day: 23

        Clouds: Average Cloud Coverage:      93%
                Days Overcast:               30
                Days Partly Cloudy:           0
                Days Clear:                   1



============================== Daily Weather Data ==============================
Column Titles:
        1. Day                         9. Wind Peak Direction (degrees)
        2. Temperature High   (C)     10. Wind Avg              (knots)
        3. Temperature Low    (C)     11. Wind Prevailing Direction
        4. Temperature Avg    (C)     12. Precipitation Melted     (mm)
        5. Pressure High     (mb)     13. Precipitation Snow       (cm)
        6. Pressure Low      (mb)     14. Depth at Snowstake       (cm)
        7. Pressure Avg      (mb)     15. Sky Coverage         (tenths)
        8. Wind Peak      (knots)     16. Sea Temp/Ice     (WMO coding)

01   1.5   0.0   0.8  975.5  970.5  973.6 35 020 22  N  1.4  T  35 10 010180/6/0
02   2.8  -4.2  -3.1  991.9  971.9  985.4 32 240 10 SW  3.1  4  43 10 0101952792
03   0.1  -4.4  -0.9  992.2  977.2  983.5 58 010 31  N  0.4  T  39 10 010190/6/0
04   1.8  -1.4  -0.2  977.2  966.5  971.3 56 020 28  N  0.7  T  42  9 010180/6/0
05  -1.2  -4.1  -2.3  966.1  956.7  961.3 28 330  9  N  0.3  T  42 10 010180/6/0
06   0.0  -3.8  -2.6  970.5  962.8  967.0 22 240 16 SW  2.5  2  43 10 010190/6/0
07  -3.4  -8.3  -6.6  975.6  970.9  974.0 22 240 12 SW  0.1  T  43 10 0102071692
08  -2.2  -8.0  -5.6  979.7  969.9  976.6 48 360 10  S  0.1  T  43 10 0102071692
09  -0.8  -4.1  -2.5  986.2  969.9  980.0 36 250 13  W  0.6  1  44  9 0102072692
10   1.6  -2.0   0.5  998.3  985.4  995.0 42 340 22 NW  2.0  2  46 10 0102072692
11   1.4  -5.0  -1.1  994.9  965.5  972.3 58 360 30  N  2.1  2  53 10 0102021691
12   0.6  -5.5  -3.7  969.2  956.0  962.7 42 340 20  W  3.3  3  57  9 0102021691
13  -4.2 -10.2  -8.5  967.6  957.9  965.5 36 210 14  S  0.3  T  53  9 0102021692
14  -2.4 -11.2  -8.9  969.8  964.8  966.7 18 200  8  S  0.0  0  51  4 0102052692
15  -1.0 -10.4  -8.0  980.1  969.5  977.7 27 060  5 NW  1.0  1  52  8 0102092693
16   0.0  -9.3  -2.6  980.1  966.3  971.4 37 030 17 NE  3.6  3  53 10 010180/6/0
17   4.1  -3.8  -0.4  979.2  967.8  973.6 29 060  8 NE  1.2  1  52  8 010190/6/0
18  -3.5  -5.3  -4.4  992.9  979.2  988.3 15 220  5  S    T  T  51 10 010180/6/0
19   0.5  -5.4  -3.3  996.9  992.9  995.9 13 230  5 SW    T  T  51 10 0101821692
20   0.1  -3.3  -1.0  995.0  989.2  991.9 24 260  8 NW  3.3  3  53 10 0101821692
21   0.3  -1.4  -0.3  989.2  981.8  985.3 26 010  9 NW  7.5 11  66 10 0101742693
22   0.7  -7.5  -3.2  984.2  976.0  979.8 32 250 17  W  3.0  1  66  9 0101822692
23   0.3  -7.3  -5.0  994.2  984.8  992.6 24 220  7  S    T  T  68  8 0101842693
24   2.0  -7.4  -1.4  994.1  988.9  990.6 20 330  6 NW  0.2  T  67 10 0101852692
25   0.2  -3.8  -1.2  990.4  980.4  984.9 38 010 21 NW  1.5  1  66  8 0101842692
26   4.1  -6.0  -2.2  994.9  990.5  993.2 22 340  7 NW  0.2  T  64  8 0101952692
27   4.0  -4.3  -1.5 1001.9  995.0 1000.9 12 010  3 NW  0.1  T  62 10 0101942692
28   3.1  -6.6  -0.7 1001.9  989.5  995.9 50 010  9  N  0.2  T  62  9 0101943692
29   4.7  -0.4   1.9  992.8  984.8  988.2 52 010 25  N  7.5  T  51 10 010160/6/0
30   2.6   0.4   1.7  994.6  986.5  991.0 51 340 26  N  3.5  T  41 10 010140/6/0
31   5.2   1.3   2.7 1001.0  987.8  996.3 38 340 19  N  3.1  0  38 10 010130/6/0
