********************************************************************************
Palmer Station Weather Highlights:       May 2009

        Temperature:    Abs Max:     5.3 C          Day: 29
                        Abs Min:    -6.3 C          Day: 21
                            Avg:    -1.0 C
                        Avg Max:     0.6 C
                        Avg Min:    -2.6 C

        Pressure:       Abs Max:  1006.2 mb         Day: 30
                        Abs Min:   953.9 mb         Day: 4
                            Avg:   984.5 mb
                        Avg Max:   989.1 mb
                        Avg Min:   979.1 mb

        Wind:             Peak:       72 kts        Day: 15
                           Avg:       11 kts
                        Days Prevailing:      N: 6
                                             NE: 10
                                              E: 10
                                             SE: 2
                                              S: 0
                                             SW: 3
                                              W: 0
                                             NW: 0

        Precipitation:  Melted:     49.8 mm         YTD:   214.6 mm
                          Snow:       17 cm         YTD:      59 cm
                Maximum Snowstake Depth:      21 cm Day: 27


============================== Daily Weather Data ==============================
Column Titles:
        1. Day                         9. Wind 2-Min Peak           (knots)
        2. Temperature High    (C)    10. Wind 2-min Peak Direction (degrees)
        3. Temperature Low     (C)    11. Wind Average              (knots)
        4. Temperature Average (C)    12. Wind Prevailing Direction
        5. Pressure High      (mb)    13. Precipitation Melted      (mm)
        6. Pressure Low       (mb)    14. Precipitation Snow        (cm)
        7. Pressure Average   (mb)    15. Depth at Snowstake        (cm)
        8. Wind 5-Sec Peak (knots)    16. Sea Temp/Ice              (WMO code)

May 2009
 1   0.8  -2.6  -0.5  989.9  978.5  982.8 34 28 022 14 N   0.8  2  20 000030/4/0
 2   3.0  -1.2   0.8  991.6  975.6  985.2 41 32 033 13 NE  3.8  0  18 000040/4/0
 3   3.7  -0.7   1.4  978.6  962.9  972.0 43 35 039 14 E   0.5  0  18 000030/4/0
 4   2.0  -1.7   0.0  964.2  953.9  960.7 41 33 028 14 N   1.0  2  16 000020/4/0
 5   0.8  -1.3  -0.3  970.8  954.6  961.4 38 26 099 14 E   0.0  0  15 000040/4/0
 6   1.1  -1.5  -0.1  985.9  970.6  979.3 31 23 103 11 E   0.0  0  13 000040/4/0
 7  -0.4  -1.8  -1.1  990.9  985.9  989.3 24 18 055  7 NE  0.0  0  13 000010/4/0
 8  -0.7  -3.4  -1.5  993.6  990.1  991.5 26 21 017  9 N   0.0  0  14 010050/4/0
 9  -2.3  -4.8  -3.3  994.8  993.2  994.2 14 13 023  4 NE  0.0  0  13 010060/4/0
10  -3.6  -5.9  -4.6  993.2  992.3  992.8 21 19 033  7 NE  0.0  0  13 010030/4/0
11  -1.7  -4.5  -3.0  993.2  983.7  989.9 38 31 049 14 E   0.0  0  13 010030/4/0
12  -0.5  -3.3  -2.0  983.7  977.8  980.0 43 30 075 17 E   0.0  0  13 000010/4/0
13  -0.9  -3.1  -2.1  992.2  980.5  987.5 54 41 028 12 N   0.0  0  13 010050/4/0
14   4.2  -0.9   2.0  990.0  967.2  983.2 61 48 037 25 NE  0.5  0  13 010010/4/0
15   2.8  -0.4   0.8  984.9  961.9  977.3 72 56 030 27 N  23.9  0  17 010030/4/0
16   3.7   1.1   2.2  985.0  980.3  982.5 35 27 061 17 E   0.0  0  15 000030/4/0
17   2.5  -0.9   0.6  980.8  974.8  978.7 45 36 069 19 E   0.0  0  14 000020/4/0
18   2.9  -1.4   0.8  975.2  970.2  972.6 36 30 119 15 E   0.0  0  14 000010/4/0
19  -1.0  -4.0  -2.6  980.5  973.8  976.7 19 17 024  7 NE  0.0  0  12 010030/4/0
20  -3.2  -4.7  -3.9  984.1  980.5  982.7 18 16 024  7 NE  0.0  0  12 010070/6/0
21  -4.1  -6.3  -4.9  985.2  982.4  984.3 12 10 046  4 NE  0.0  0  12 010080/4/0
22  -1.7  -4.9  -2.8  988.7  983.1  985.7 20 15 032  5 N   0.0  0  12 0100920550
23   1.5  -3.1  -1.3 1002.1  988.5  994.5 25 19 072  9 E   0.0  0  12 010070/4/0
24   1.8  -2.2   0.4 1005.1  997.0 1002.7 27 23 021 11 NE  0.0  0  12 010070/4/0
25   2.2  -2.0   0.4  997.1  977.7  983.9 38 29 074 11 E   0.0  0  12 010010/4/0
26   0.2  -2.9  -1.8  983.5  976.5  978.5 24 21 024  4 NE  0.0  3  14 0100620600
27  -0.8  -3.1  -1.7  997.4  983.5  990.6 20 16 217  7 SW  0.0  7  21 010070/4/0
28   1.8  -3.6  -1.2  997.8  986.5  994.2 22 17 032  7 SE  0.5  0  20 0100623500
29   5.3  -0.6   1.3  989.7  979.5  983.4 41 22 024 11 SW 18.8  0  13 010050/4/0
30  -0.3  -2.1  -1.2 1006.2  989.7  999.0 23 18 227  6 SW  0.0  3  20 010070/4/0
31  -0.5  -2.2  -1.5 1006.2  999.2 1003.4 10  7 126  2 SE  0.0  0  19 010070/4/0
