********************************************************************************
Palmer Station Weather Highlights:          Mar-09

        Temperature:    Abs Max:     7.5 C           Day: 6
                        Abs Min:    -2.0 C           Day: 19
                            Avg:     1.8 C
                        Avg Max:     3.6 C
                        Avg Min:     0.2 C

        Pressure:       Abs Max:  1006.8 mb          Day: 3
                        Abs Min:   956.4 mb          Day: 24
                            Avg:   985.4 mb
                        Avg Max:   989.5 mb
                        Avg Min:   981.3 mb

        Wind:             Peak:       67 kts         Day: 24
                           Avg:        9 kts
                        Days Prevailing:       N: 7
                                              NE: 5
                                               E: 6
                                              SE: 3
                                               S: 1
                                              SW: 4
                                               W: 1
                                              NW: 4

        Precipitation:  Melted:     79.8 mm          YTD:   144.8 mm
                          Snow:        8 cm          YTD:      27 cm
                Maximum Snowstake Depth:        5 cm Day: 1


============================== Daily Weather Data ==============================
Column Titles:
        1. Day                         9. Wind 2-Min Peak            (knots)
        2. Temperature High    (C)    10. Wind 2-min Peak Direction  (degrees)
        3. Temperature Low     (C)    11. Wind Average               (knots)
        4. Temperature Average (C)    12. Wind Prevailing Direction
        5. Pressure High      (mb)    13. Precipitation Melted       (mm)
        6. Pressure Low       (mb)    14. Precipitation Snow         (cm)
        7. Pressure Average   (mb)    15. Depth at Snowstake         (cm)
        8. Wind 5-Sec Peak (knots)    16. Sea Temp/Ice               (WMO code)
   1   2.1  -1.2   0.5  996.9 994.4  996.1    53    17   225     5  N      2.5     5     5 000080/4/0
   2   3.6   0.7   2.0  995.5 981.6  987.4    24    19   324     9  NW    11.4     0     0 000140/4/0
   3   3.0  -0.9   0.9 1006.8 999.9 1004.2     9     8   036     3  NE     0.0     0     0 000090/4/0
   4   6.3   0.6   3.4 1006.4 991.9 1001.1    26    22   030     7  SE     0.0     0     0 000170/4/0
   5   6.1   2.0   3.4  991.9 980.9  985.0    22    19   051     5  S      0.0     0     0 000140/4/0
   6   7.5   0.5   3.5  997.6 981.2  988.3    20    13   007     3  N      0.3     0     0 000150/4/0
   7   5.3   0.9   3.4  998.9 992.1  995.3    28    23   015     7  E      0.0     0     0 000160/4/0
   8   6.4   0.1   3.2  994.4 979.7  990.9    59    45   037    10  NE    10.4     0     0 000160/4/0
   9   4.9   2.7   3.6  987.5 980.6  984.0    38    30   022    19  N      6.9     0     0 000200/4/0
  10   3.7   1.4   2.6  987.3 981.7  983.8    26    22   336    12  N      4.8     0     0 010010/4/0
  11   2.7   1.0   2.0  989.2 984.1  985.5    30    22   339    14  N      1.3     0     0 010010/4/0
  12   2.7   1.0   2.0  989.2 984.1  985.5    30    22   339    14  N      1.3     0       000040/4/0
  13   1.8  -1.3   0.5  986.9 980.0  983.8    19    17   233     5  SW     0.0     0     0 000090/4/0
  14   1.6   0.0   0.9  981.5 975.9  978.1    35    25   219    13  SW     0.0     0     0 000150/4/0
  15   2.3   0.5   1.6  984.0 974.6  980.3    29    24   336    16  NW     5.8     0     0 010030/4/0
  16   2.5   0.6   1.8  982.7 974.6  978.0    28    24   335    12  NW     8.1     0     0 000020/4/0
  17   3.7  -0.3   1.6  982.9 981.7  982.3     8     7   349     2  SE     0.0     0     0 000130/4/0
  18   2.1   0.3   1.3  991.8 982.7  986.5    11     9   336     3  NW     2.5     0       000050/4/0
  19   5.4  -2.0   1.4  992.4 981.1  988.7    37    28   073     5  SE     0.0     0       000080/4/0
  20   5.7   2.4   3.9  986.6 980.6  983.5    52    42   044    17  E      0.5     0       000190/4/0
  21   2.6   0.2   1.4  987.9 983.6  985.5    29    22   077     6  E      2.8     0       000180/4/0
  22   3.9  -0.3   1.7  989.5 977.9  984.0    41    32   072     7  E      0.0     0       000180/4/0
  23   4.9   0.8   2.7  979.4 966.1  973.3    52    41   036    13  E      0.3     0       000180/4/0
  24   4.0   0.6   2.4  973.0 956.4  962.1    67    44   037    30  NE    16.5     0       000160/4/0
  25   3.5   0.3   1.5  976.0 971.8  973.3    26    21   017     6  N      0.5     0       000150/4/0
  26   1.8  -0.8   0.5  987.6 976.0  982.2    17    13   253     7  W      1.3     2     2 000090/4/0
  27   2.9  -0.6   0.9  988.7 985.6  987.6    23    20   033     8  NE     0.8     1     1 000100/4/0
  28   2.1  -1.0   0.8  985.6 981.8  983.5    19    15   070     4  E      0.0     0       000080/4/0
  29   3.9  -0.9   0.8  987.4 981.7  983.5    22    17   214     3  NE     0.0     0     0 000130/4/0
  30   1.5  -0.6   0.7  994.3 987.4  991.8    19    15   229     8  SW     0.5     0       000010/4/0
  31   1.0  -1.7  -0.2  995.1 987.5  990.9    44    34   034    14  SW     1.3     0       000090/4/0
