********************************************************************************
Palmer Station Weather Highlights:       December 2009        

       Temperature:    Abs Max:     6.9 C          Day: 16                        
                       Abs Min:    -2.5 C          Day: 3                            
                           Avg:     1.5 C                        
                       Avg Max:     3.5 C                        
                       Avg Min:     0.0 C        

       Pressure:       Abs Max:   999.4 mb         Day: 28                        
                       Abs Min:   963.4 mb         Day: 20                            
                           Avg:   985.9 mb                        
                       Avg Max:   989.4 mb                        
                       Avg Min:   982.3 mb        

       Wind:             Peak:       57 kts        Day: 16                           
                          Avg:       10 kts                        
              Days Prevailing:       N: 5                                             
                                    NE: 5                                              
                                     E: 4                                             
                                    SE: 2                                              
                                     S: 0                                             
                                    SW: 7                                              
                                     W: 5                                             
                                    NW: 3        

       Precipitation:            Melted:     37.6 mm         YTD: N/A     mm                          
                                   Snow:        6 cm         YTD:     198 cm                
                Maximum Snowstake Depth:       41 cm Day: 1

============================== Daily Weather Data==============================
Column Titles:        
1. Day                         9. Wind 2-Min Peak             (knots)        
2. Temperature High    (C)    10. Wind 2-min Peak Direction (degrees)        
3. Temperature Low     (C)    11. Wind Average                (knots)        
4. Temperature Average (C)    12. Wind Prevailing Direction        
5. Pressure High      (mb)    13. Precipitation Melted           (mm)        
6. Pressure Low       (mb)    14. Precipitation Snow             (cm)        
7. Pressure Average   (mb)    15. Depth at Snowstake             (cm)        
8. Wind 5-Sec Peak (knots)    16. Sea Temp/Ice              WMO code) 

 1   5.2   0.2   1.9  986.4  982.7  984.1 35 24 118 10 E   0.0  0  41  000020/6/0 
 2   2.7  -1.7  -0.5  990.5  986.4  988.3 14 13 260  7 W   0.0  0  39  010040/6/0 
 3   1.8  -2.5  -0.8  990.4  981.6  986.6 17 15 255  7 W   0.0  0  39  000000/6/0 
 4   0.6  -1.1  -0.2  988.5  981.8  984.4 19 16 234  9 SW  0.0  0  38  000010/8/0 
 5   1.4  -1.5  -0.3  992.4  983.6  989.8 17 10 107  5 NW  0.0  0  38  000000/8/0 
 6   0.3  -1.3  -0.5  987.2  983.0  985.3 25 20 233  9 SW  0.0  0  38  010030/8/0 
 7   3.1  -1.9   0.2  986.3  975.7  980.4 12 11 252  3 NW  0.0  0  37  010020/8/0 
 8   2.9  -0.7   0.4  991.5  986.4  990.3 19 17 234  7 SW  0.0  0  36  010020/8/0 
 9   2.3  -0.5   0.3  989.6  979.3  982.8 30 17 101  7 SE  0.0  0  32  010010/8/0
10   1.1  -0.8   0.2  981.5  977.0  978.5 30 26 027 10 NW  0.0  5  37  010060/8/0
11   1.5  -1.6   0.2  998.0  981.2  991.2 14 12 242  7 SW  3.6  0  35  010070/8/0
12   2.6  -2.1   0.2  998.0  981.3  989.0 18 16 038  5 SE 12.5  1  31  010000/8/0
13   3.6  -0.9   0.7  991.8  983.2  989.2 26 20 039  9 W   0.0  0  30  010040/8/0
14   3.8   1.4   2.8  991.9  985.7  989.0 39 32 029 17 N   1.3  0  29  000010/8/0
15   6.2   1.2   3.5  993.4  990.0  991.8 40 31 029 14 NE  0.0  0  23  000020/8/0
16   6.9   1.4   4.6  990.6  976.3  982.6 57 36 032 18 NE  4.6  0   0  000030/8/0
17   2.7   1.3   1.8  984.3  980.8  982.3 38 27 016 18 N   1.3  0   0  000050/8/0
18   3.5   1.3   2.3  985.6  984.1  984.9 41 32 024 22 N   3.1  0   0  000020/7/0
19   6.0   2.0   3.5  984.4  979.3  982.2 49 36 018 19 NE  5.8  0   0  000030/7/0
20   6.3   0.6   3.0  979.2  963.4  971.2 49 38 038 20 N   4.6  0   0  000040/7/0
21   4.5   0.9   2.4  983.8  977.8  982.1 36 31 021 14 N   0.3  0   0  000030/7/0
22   5.6   2.7   4.5  983.3  976.8  979.6 41 33 038 13 E   0.0  0   0  000050/7/0
23   5.0   1.3   2.9  983.0  976.8  980.1 36 31 025 14 NE  0.0  0   0  000040/7/0
24   5.5   1.6   3.4  985.0  982.4  983.9 36 31 025 11 NE  0.0  0   0  000090/6/0
25   5.0  -0.1   2.9  983.5  975.6  979.6 43 30 079 14 E   0.0  0   0  000040/6/0
26   6.6   2.5   4.2  985.8  976.6  980.4 37 27 073 12 E   0.0  0   0  000060/6/0
27   3.8   0.5   1.8  994.7  985.8  990.7 12 10 228  3 W   0.0  0   0  000080/6/0
28   3.7   0.3   1.4  999.4  994.7  997.3 13 10 211  3 W   0.0  0   0  000050/6/0
29   1.2  -0.4   0.3  999.3  996.6  997.8 16 13 244  8 SW  0.0  0   0  000070/6/0
30   1.1  -0.1   0.4  996.6  994.6  995.7 14 12 227  7 SW  0.0  0   0  000100/6/0
31   1.8  -0.5   0.2  994.6  992.3  993.1 10  9 236  3 SW  0.8  0   0  000080/6/0
