
********************************************************************************
Palmer Station Weather Highlights:          August 2009

        Temperature: Abs Max:  2.4 C              Day: 7
                     Abs Min:-11.2 C              Day: 12
                         Avg: -3.8 C
                     Avg Max: -2.2 C
                     Avg Min: -5.5 C

        Pressure: Abs Max: 1019.5 mb              Day: 18
                  Abs Min:  973.8 mb              Day: 29
                      Avg:  999.6 mb
                  Avg Max: 1002.6 mb
                  Avg Min:  996.6 mb

        Wind:             Peak: 59 kts            Day: 21
                           Avg:  9 kts
                        Days Prevailing: N: 9
                                             NE: 14
                                              E: 4
                                             SE: 1
                                              S: 0
                                             SW: 3
                                              W: 0
                                             NW: 0

        Precipitation: Melted:         3.0 mm         YTD: 238.9 mm
                         Snow:          16 cm         YTD: 148   cm

                Maximum Snowstake Depth: 57 cm Day: 15


============================== Daily Weather Data ==============================
Column Titles:
        1. Day 				9.  Wind 2-Min Peak             (knots)
        2. Temperature High      (C) 	10. Wind 2-min Peak Direction  (degrees)
        3. Temperature Low       (C) 	11. Wind Average               (knots)
        4. Temperature Average   (C) 	12. Wind Prevailing Direction
        5. Pressure High        (mb) 	13. Precipitation Melted       (mm)
        6. Pressure Low         (mb) 	14. Precipitation Snow         (cm)
        7. Pressure Average     (mb) 	15. Depth at Snowstake         (cm)
        8. Wind 5-Sec Peak   (knots) 	16. Sea Temp/Ice               (WMO code)

August 2009
 1 -2.3  -4.3 -3.1 1001.6  997.2 1000.4  5  4 122  2 NE 0.0 0 53 0101022600
 2 -1.2  -5.3 -3.0  997.3  989.4  992.2 13 11 279  3 NE 0.0 1 53 0101122600
 3 -1.2  -3.8 -2.4  996.7  989.7  991.8 31 23 071  5 N  0.0 2 55 0101432600
 4 -1.4  -4.2 -3.2 1004.5  996.8 1001.4 14 12 295  4 NE 0.0 0 54 0101332600
 5 -3.9  -5.4 -4.6 1005.9 1003.2 1005.2 18 15 038  3 E  0.0 0 53 0101532600
 6  0.2  -5.6 -3.4 1003.2  988.8  996.5 22 19 126  6 SE 0.0 7 56 0101120600
 7  2.4  -0.9  0.4  988.9  977.7  983.4 37 31 051 13 E  0.3 0 56 0100920600
 8  2.1  -1.7  0.1  979.2  977.4  978.3 27 23 035  9 NE 0.0 0 53 0101020600
 9 -1.5  -4.8 -2.8  988.3  979.2  983.0 19 15 226  8 SW 0.0 1 53 0101420600
10 -4.8  -8.4 -7.2  994.6  988.2  992.1 21 14 226  9 SW 0.0 0 52 0101643600
11 -5.1  -9.8 -7.8 1006.8  994.5  999.9 19 16 025  7 NE 0.0 1 53 0101643600
12 -8.1 -11.2 -9.6 1013.1 1006.8 1010.9 26 22 024  9 NE 0.0 0 52 0101660700
13 -3.8  -9.8 -7.4 1014.1 1012.4 1013.3 16 13 015  4 NE 1.8 0 52 010160/6/0
14 -5.2  -7.6 -6.2 1016.9 1014.1 1016.1 23 19 021 11 N  0.0 0 52 010170/6/0
15 -5.9 -11.2 -7.2 1017.0 1014.1 1015.8 14 12 010  7 NE 0.0 3 57 010170/6/0
16 -7.1 -11.1 -9.4 1014.4 1013.2 1013.6 15 13 022  5 NE 0.0 0 54 010160/6/0
17 -8.0  -9.5 -8.7 1017.5 1013.6 1015.2 11 10 038  4 NE 0.0 0 54 0101521600
18 -8.2  -9.9 -9.1 1019.5 1017.5 1018.8 12  9 238  3 SW 0.0 0 54 0101531600
19 -0.7  -8.3 -4.5 1018.6 1011.6 1014.4 16 12 003  4 N  0.0 0 54 0101531600
20  1.0  -0.9 -0.3 1011.7 1006.4 1008.6 37 29 017 14 N  0.8 0 57 0101531600
21  1.4  -1.3 -0.1 1010.5 1006.1 1008.2 59 33 029 17 N  0.0 0 56 0101421600
22  2.1  -0.3  1.0 1006.5 1000.5 1002.8 46 37 026 16 NE 0.3 0 55 010140/6/0
23  1.1  -0.2  0.4 1003.2 1000.0 1001.3 49 39 034 24 NE 0.0 0 53 010140/6/0
24  2.0  -0.5  0.9 1002.6  996.5 1000.6 38 31 054 20 E  0.0 0 52 010130/6/0
25  1.4  -0.6  0.3 1003.6  996.3 1000.2 37 29 017 17 N  0.0 0 50 010140/6/0
26  0.5  -1.5 -0.5 1003.6  995.1  999.2 38 31 025 15 NE 0.0 0 50 010140/6/0
27 -0.5  -4.3 -1.8  996.5  993.2  994.8 28 23 014  7 N  0.0 0 50 010140/6/0
28 -4.3  -7.2 -5.9  994.3  984.0  991.0 26 21 036  7 N  0.0 0 50 010150/6/0
29 -2.0  -6.6 -3.8  984.0  973.8  976.6 19 13 071  4 E  0.0 0 50 0101621600
30 -3.3  -5.1 -4.1  981.1  975.8  978.3 17 14 159  6 N  0.0 0 50 010160/6/0
31 -3.8  -7.7 -5.7  984.7  980.8  982.2 14 11 019  5 NE 0.0 1 50 0101621600
