********************************************************************************
Palmer Station Weather Highlights:       November 2009

        
       Temperature:    Abs Max:     6.5 C          Day: 21                        
                       Abs Min:    -9.5 C          Day: 9                            
                           Avg:    -1.3 C                        
                       Avg Max:     1.8 C                        
                       Avg Min:    -3.4 C        

       Pressure:       Abs Max:  1006.2 mb         Day: 19                        
                       Abs Min:   960.9 mb         Day: 27                            
                           Avg:   984.5 mb                        
                       Avg Max:   988.1 mb                        
                       Avg Min:   980.6 mb        

       Wind:             Peak:       67 kts        Day: 1                           
                          Avg:        8 kts                        
              Days Prevailing:      N: 4                                             
                                   NE: 3                                              
                                    E: 12                                             
                                   SE: 4                                              
                                    S: 0                                             
                                   SW: 3                                              
                                    W: 2                                             
                                   NW: 2        

       Precipitation:  Melted: N/A      mm         YTD: N/A     mm                          
                         Snow:        6 cm         YTD:     192 cm                
               Maximum Snowstake Depth:      67 cm Day: 7


============================== Daily Weather Data==============================
Column Titles:        
1. Day                         9. Wind 2-Min Peak              (knots)        
2. Temperature High    (C)    10. Wind 2-min Peak Direction    (degrees)        
3. Temperature Low     (C)    11. Wind Average                 (knots)        
4. Temperature Average (C)    12. Wind Prevailing Direction        
5. Pressure High      (mb)    13. Precipitation Melted         (mm)        
6. Pressure Low       (mb)    14. Precipitation Snow           (cm)        
7. Pressure Average   (mb)    15. Depth at Snowstake           (cm)        
8. Wind 5-Sec Peak (knots)    16. Sea Temp/Ice                 (WMO code) 

 1  -1.3  -7.4  -4.5  983.9  963.7  977.8 67 51 037 20 NE  N/A  0  66 0101222600 
 2  -0.7  -6.1  -3.9  974.2  964.7  971.4 41 35 035 14 W   N/A  0  66 0101322600 
 3   0.6  -6.1  -2.9  974.8  972.1  972.9 21 15 073  7 E   N/A  0  66 0101122600 
 4   4.9  -3.5  -0.7  995.0  974.7  985.4 28 21 072 10 E   N/A  0  65 0100622600 
 5   0.0  -5.5  -4.3  996.6  987.6  993.7 12 10 261  5 NE  N/A  0  64 0100822600 
 6   0.0  -7.2  -4.1  987.6  980.9  984.3 22 20 271  5 SW  N/A  0  64 0101022600 
 7  -0.5  -5.0  -3.2  980.9  967.3  971.6 20 17 257  7 SE  N/A  3  67 0100822600 
 8  -2.9  -6.2  -4.7  984.0  969.1  976.5 36 28 119 14 E   N/A  0  67 0100922600 
 9  -1.8  -9.5  -5.4  988.4  984.0  986.9 24 16 085  8 E   N/A  0  65 0100522600
10  -0.9  -5.3  -3.7  989.6  988.2  988.7 13 11 206  7 SW  N/A  0  64 0100522600
11   1.1  -6.7  -3.3  989.7  989.0  989.3 18 14 146  6 E   N/A  0  63 0100422600
12   1.7  -5.3  -1.5  989.8  986.8  988.8 27 21 123  9 E   N/A  0  62 0100422600
13   4.2  -3.5  -0.1  986.8  982.8  984.4 32 24 120  7 SE  N/A  0  61 0100222600
14   3.5  -3.9  -0.2  992.1  986.1  988.6 25 20 118  7 E   N/A  0  60 0100522600
15   3.8  -3.8  -1.2  995.7  992.1  994.4 16 14 257  5 N   N/A  0  59 0000122600
16   0.9  -4.0  -2.7  995.3  988.3  991.6 16 14 008  6 N   N/A  0  58 0100222600
17   2.0  -3.3  -0.6  993.2  987.4  989.2 18 16 037  5 SE  N/A  0  58 0100122600
18   4.0  -0.7   1.2 1004.4  993.2  999.4 11  9 136  3 SE  N/A  2  60 0000322600
19   4.1   0.8   1.8 1006.2 1001.2 1004.6 31 25 030  5 E   N/A  0  57 0000222600
20   3.2  -0.2   0.9 1001.4  995.4  996.9 23 14 228  3 NW  N/A  0  57 0000022600
21   6.5  -2.2   0.5  995.6  990.8  992.9 12  9 177  3 NE  N/A  0  56 0000022600
22   1.3  -2.1  -0.8  990.7  986.8  987.8 13 12 234  4 SW  N/A  0  55 010022/6/0
23   1.7  -2.3  -1.3  989.2  985.0  988.0 14 12 247  4 W   N/A  0  54 000012/6/0
24   3.1  -1.5   1.2  985.0  968.7  975.7 36 28 057 11 E   N/A  0  54 0100122600
25   1.6  -0.5   0.3  972.2  969.2  971.5 38 31 016 15 N   N/A  0  54 0100122600
26   1.7  -1.0  -0.1  970.7  963.9  968.6 32 27 035 16 N   N/A  1  55 0100822600
27   4.4   0.3   2.1  972.0  960.9  964.7 37 26 079 11 E   N/A  0  54 0000122600
28   0.6  -1.2  -0.2  985.6  972.0  979.3 13 12 303  7 NW  N/A  0  51 0000222600
29   4.7  -1.1   1.3  987.3  983.2  985.4 32 25 119  8 E   N/A  0  48 0000222600
30   2.5   1.0   1.9  986.0  982.8  984.6 39 29 122 17 E   N/A  0  42 0100122600
