********************************************************************************
Palmer Station Weather Highlights:       October 2009        

       Temperature:    Abs Max:     4.1 C          Day: 31                        
                       Abs Min:   -11.7 C          Day: 17                            
                           Avg:    -2.9 C                        
                       Avg Max:     0.1 C                        
                       Avg Min:    -5.3 C        

       Pressure:       Abs Max:  1002.1 mb         Day: 8                        
                       Abs Min:   952.4 mb         Day: 1                            
                           Avg:   975.1 mb                        
                       Avg Max:   981.1 mb                        
                       Avg Min:   969.4 mb        

       Wind:              Peak:       65 kts        Day: 9                           
                           Avg:       14 kts                        
               Days Prevailing:       N: 8                                             
                                     NE: 7                                              
                                      E: 5                                             
                                     SE: 2                                              
                                      S: 0                                             
                                     SW: 7                                              
                                      W: 1                                             
                                     NW: 1        

       Precipitation:         Melted:      5.1 mm         YTD:     N/A mm                          
                                Snow:       16 cm         YTD:     186 cm                
             Maximum Snowstake Depth:      72 cm Day: 31

============================== Daily Weather Data==============================
Column Titles:        
1. Day                         9. Wind 2-Min Peak          (knots)        
2. Temperature High    (C)    10. Wind 2-min Peak Direction(degrees)        
3. Temperature Low     (C)    11. Wind Average             (knots)       
4. Temperature Average (C)    12. Wind Prevailing Direction        
5. Pressure High      (mb)    13. Precipitation Melted     (mm)        
6. Pressure Low       (mb)    14. Precipitation Snow       (cm)        
7. Pressure Average   (mb)    15. Depth at Snowstake       (cm)        
8. Wind 5-Sec Peak (knots)    16. Sea Temp/Ice             (WMO code)


 1  -0.3  -5.0  -2.5  969.5  952.4  961.3 53 40 034 17 NE  0.0  0  69  0101422700 
 2   0.2  -5.3  -2.4  972.8  960.5  967.1 49 39 019 16 E   0.0  0  69  0101422700 
 3   1.0  -5.9  -3.1  978.2  960.6  966.6 53 42 244 22 NE  0.0  0  68  0101522700 
 4   0.7  -7.3  -3.6  978.2  955.6  962.3 46 35 124 18 E   0.0  1  69  01015///// 
 5   0.5  -9.3  -5.7  981.7  967.2  975.7 58 48 027 21 W   5.1  0  67  0101732700 
 6   1.2  -0.9   0.2  979.3  970.8  975.4 59 44 017 23 N   0.0  0  70  0101722700 
 7   1.0   0.2   0.5  990.9  977.2  982.0 44 32 336 23 N   0.0  0  69  0101732700 
 8   3.9  -0.9   1.3 1002.1  990.8  997.0 29 25 026 11 N   0.0  0  68  0101422700 
 9   3.9   0.6   2.1  996.4  979.1  983.7 65 51 028 30 N   N/A  0  63  010140/2/0
10   0.9  -0.5   0.3  981.7  975.2  978.8 55 43 018 27 N   N/A  0  62  010150/2/0
11   2.6  -0.4   1.1  981.0  966.5  974.8 39 32 023 17 N   N/A  0  62  0101422700
12   2.2  -4.0  -0.3  978.9  966.4  970.6 19 16 247  5 NW  N/A  0  62  0101222700
13  -0.8  -4.7  -3.6  991.4  978.9  985.6 21 18 231  8 SW  N/A  0  62  010120/7/0
14  -0.4  -5.2  -3.3  992.3  975.5  985.8 30 27 026  8 SW  N/A  0  62  0100162700
15   0.8  -3.7  -1.6  975.7  960.1  965.5 42 17 258  7 N   N/A  5  65  0101522600
16  -2.6 -10.7  -6.5  979.6  961.0  969.9 36 29 227 14 SW  N/A  0  65  0101752600
17  -1.2 -11.7  -7.2  981.8  965.4  976.3 29 24 033  9 SE  N/A  0  64  0101752600
18  -1.1  -6.6  -3.7  970.7  963.0  967.6 38 31 229  9 NE  N/A  0  64  0101752600
19  -1.7  -7.1  -4.1  969.7  961.5  964.1 48 37 352 20 E   N/A  0  63  0101522600
20  -1.4  -7.9  -4.6  972.3  966.5  969.9 30 25 325 14 E   N/A  0  63  0101322600
21  -2.0  -7.3  -4.9  984.9  967.6  976.7 28 21 119  9 N   N/A  0  63  0101522600
22   0.1  -5.1  -2.7  986.7  982.4  985.2 24 21 031 11 NE  N/A  0  62  0101222600
23  -0.9  -4.8  -2.9  982.4  978.2  979.5 22 18 155  8 SE  N/A  0  62  0101122600
24  -3.1  -7.3  -5.1  985.4  979.8  982.0 19 15 143  7 E   N/A  0  62  0101122600
25  -2.0  -6.6  -4.2  986.0  975.9  983.3 42 32 023 14 NE  N/A  0  61  0101022600
26  -0.3  -4.9  -2.3  976.9  962.1  971.0 41 33 026 19 NE  N/A  0  61  0101022600
27   0.0  -5.3  -3.0  962.3  957.1  959.4 35 29 024 13 SW  N/A  3  63  0101122600
28  -2.5  -6.4  -5.0  975.9  962.3  970.1 25 21 245 12 SW  N/A  0  62  0101322600
29  -0.1  -8.1  -4.5  982.6  975.9  979.0 15 14 020  5 NE  N/A  0  61  0101022600
30  -0.3  -4.9  -3.5  983.2  979.6  982.0 15 12 276  5 SW  N/A  7  69  0101222600
31   4.1  -6.7  -4.0  982.7  977.0  978.7 12 10 207  4 SW  N/A  0  72  0100922600
