********************************************************************************
Palmer Station Weather Highlights:       April 2009

        Temperature:    Abs Max:     4.6 C          Day: 12
                        Abs Min:    -7.8 C          Day: 27
                            Avg:    -1.6 C
                        Avg Max:     0.2 C
                        Avg Min:    -3.3 C

        Pressure:       Abs Max:  1013.9 mb         Day: 3
                        Abs Min:   956.5 mb         Day: 26
                            Avg:   989.4 mb
                        Avg Max:   993.9 mb
                        Avg Min:   984.6 mb

        Wind:             Peak:       54 kts        Day: 21
                           Avg:       10 kts
                        Days Prevailing:      N: 6
                                             NE: 5
                                              E: 6
                                             SE: 2
                                              S: 1
                                             SW: 8
                                              W: 1
                                             NW: 1

        Precipitation:  Melted:     21.3 mm         YTD:   215.6 mm
                          Snow:       15 cm         YTD:      41 cm
                Maximum Snowstake Depth:      26 cm Day: 24


============================== Daily Weather Data ==============================
Column Titles:
        1. Day                         9. Wind 2-Min Peak            (knots)
        2. Temperature High    (C)    10. Wind 2-min Peak Direction  (degrees)
        3. Temperature Low     (C)    11. Wind Average               (knots)
        4. Temperature Average (C)    12. Wind Prevailing Direction
        5. Pressure High      (mb)    13. Precipitation Melted       (mm)
        6. Pressure Low       (mb)    14. Precipitation Snow         (cm)
        7. Pressure Average   (mb)    15. Depth at Snowstake         (cm)
        8. Wind 5-Sec Peak (knots)    16. Sea Temp/Ice               (WMO code)

 1   2.3  -3.5  -1.0 1011.0  995.1 1005.2 34 26 121  9 E   0.0  0   0 000090/4/0
 2   0.6  -2.3  -1.2 1012.1 1010.5 1011.0 15 14 022  7 NE  0.0  0   0 000040/4/0
 3   0.3  -2.6  -1.3 1013.9 1012.1 1013.2 13 12 042  3 NE  0.0  0   0 000080/4/0
 4  -0.5  -2.0  -0.9 1013.3 1008.4 1011.3 14 10 191  5 S   0.0  0   0 000130/4/0
 5  -1.3  -2.5  -2.0 1008.4 1003.2 1004.7 11  8 030  3 N   0.0  0   0 000050/4/0
 6  -1.4  -2.4  -2.0 1005.1 1003.6 1004.2 10  9 119  4 E   0.0  0   0 000130/4/0
 7   0.2  -2.4  -1.0 1006.6 1004.8 1005.9 16 13 213  6 SW  0.0  0   0 000110/4/0
 8   0.1  -3.7  -1.5 1004.8 1001.4 1002.5 12  9 034  4 NE  0.0  0   0 000100/4/0
 9   2.0  -2.9  -0.4 1002.7  984.1  995.7 28 22 132  6 SE  3.3  3   3 000100/4/0
10   2.5  -1.2   0.6  984.5  977.1  979.9 42 31 079 18 E   0.0  0   1 000160/4/0
11   1.5  -0.8   0.1  991.9  984.6  989.3 10  8 354  4 N   0.0  0   0 000000/4/0
12   4.6  -0.9   1.6  987.7  981.2  984.0 39 30 118 10 E   0.0  0   0 000110/4/0
13   0.1  -2.4  -1.1  993.6  987.7  991.5 16 13 028  5 NE  0.0  0   0 000020/4/0
14   2.9  -1.6   1.1  992.3  980.7  985.4 42 32 030 16 NE  5.8  0   0 000050/4/0
15   1.4   0.4   1.1  996.1  985.3  991.3 26 21 259 15 W   0.8  1   1 000070/4/0
16   1.2  -0.6   0.0  997.8  996.0  996.8 20 17 337 10 N   0.5  1   1 010050/4/0
17  -0.5  -3.5  -2.5 1007.0  996.5 1000.7 30 25 228 17 SW  0.0  1   3 010090/4/0
18  -0.4  -2.9  -2.1 1008.9 1006.8 1008.2 24 18 243 11 SW  0.0  0   0 000010/4/0
19   0.0  -2.4  -0.9 1008.5  995.1 1004.3 25 19 233  9 SW  0.0  0   0 000030/4/0
20   3.2  -2.6   0.3  995.0  966.5  979.2 22 15 125  7 SE  6.4  3   4 000080/4/0
21   2.0  -3.5   0.6  970.8  963.6  966.3 54 42 027 20 N   3.6  0   3 000090/4/0
22  -2.9  -4.5  -3.7  972.8  968.2  971.0 25 21 025 11 N   0.0  4  12 010020/4/0
23  -1.6  -5.8  -4.0  974.7  968.4  972.0 29 25 239 13 NW  0.0  1  15 010080/4/0
24   0.7  -2.8  -0.3  973.6  964.6  968.9 41 31 335 20 N   1.0  1  26 010100/4/0
25   0.3  -5.8  -4.7  969.1  960.5  966.4 32 27 051 11 SW  0.0  0  24 010030/4/0
26  -2.1  -7.6  -4.4  967.5  956.5  963.6 43 34 219 14 SW  0.0  0  21 000010/4/0
27  -2.0  -7.8  -4.3  966.7  957.4  961.1 46 38 033 15 E   0.0  0  20 000060/4/0
28  -2.7  -5.6  -4.2  986.0  961.0  974.8 34 26 225 14 SW  0.0  0  19 000010/4/0
29  -3.6  -6.7  -5.3  998.1  985.9  993.8 39 26 226 14 SW  0.0  0  18 000040/4/0
30  -2.2  -6.0  -4.0  995.0  971.5  980.3 51 33 081 10 E   0.0  0  18 000070/4/0
