********************************************************************************
Palmer Station Weather Highlights: 	July 2009

        Temperature:    Abs Max:   -0.1 C 	    Day: 18
                        Abs Min:  -13.3 C 	    Day: 26
                            Avg:   -6.1 C
                        Avg Max:   -4.2 C
                        Avg Min:   -8.4 C

        Pressure: 	Abs Max: 1017.1 mb 	    Day: 17
                        Abs Min:  962.3 mb 	    Day: 11
                            Avg:  991.9 mb
                        Avg Max:  997.0 mb
                        Avg Min:  986.9 mb

        Wind: 		  Peak:       40 kts 	    Day: 28
                           Avg:        9 kts
                        Days Prevailing: N: 6
                                             NE: 6
                                              E: 3
                                             SE: 4
                                              S: 0
                                             SW: 9
                                              W: 1
                                             NW: 2

        Precipitation: Melted:       19.5 mm   YTD:   235.9 mm
                         Snow:         40 cm   YTD:     132 cm
                Maximum Snowstake Depth: 61 cm Day: 24


============================== Daily Weather Data==============================
Column Titles:
        1. Day 				9. Wind 2-Min Peak 	      (knots)
        2. Temperature High    (C) 	10. Wind 2-min Peak Direction (degrees)
        3. Temperature Low     (C)	11. Wind Average	      (knots)
        4. Temperature Average (C) 	12. Wind Prevailing Direction
        5. Pressure High      (mb) 	13. Precipitation Melted      (mm)
        6. Pressure Low       (mb) 	14. Precipitation Snow 	      (cm)
        7. Pressure Average   (mb) 	15. Depth at Snowstake 	      (cm)
        8. Wind 5-Sec Peak (knots) 	16. Sea Temp/Ice 	      (WMO code)

July 2009
 1  -4.9   -7.3  -6.2 1002.9 1001.1 1002.0 20 16 019 10 N  0.0 2 34 0101520400
 2  -4.9   -6.5  -5.7 1002.9 1001.8 1002.4 22 20 025 12 NE 0.0 0 32 0101620400
 3  -5.0   -6.4  -5.8 1001.9  995.9  998.9 22 18 026  6 N  0.0 1 33 010170/4/0
 4  -5.2   -8.4  -6.8  995.9  992.0  994.1 15 14 027  5 E  0.0 0 32 0101720400
 5  -2.2   -6.5  -4.1  992.4  989.7  991.0  6  5 065  2 NE 0.0 0 32 0101620400
 6  -1.8   -6.4  -3.6  996.3  992.5  994.3  7  6 043  3 NE 0.0 0 32 0101620400
 7  -1.6   -6.0  -3.3  998.0  996.4  997.4 19 16 020  5 SE 2.0 1 33 0101620400
 8  -2.1   -5.3  -3.2  997.2  995.0  996.1 17 14 018  9 N  0.0 4 39 0101620400
 9  -4.4   -6.3  -5.5  998.0  993.0  996.3 22 18 271 10 W  0.3 0 39 0101720400
10  -4.7   -7.4  -6.3  993.0  962.6  977.6 25 19 211 11 N  0.0 2 42 0101721500
11  -7.4  -12.5 -10.5  972.0  962.3  967.0 32 25 235 16 SW 0.0 0 39 0101721500
12 -11.6  -13.1 -12.5  980.5  971.7  973.9 27 21 213 10 SW 0.0 3 43 0101621400
13  -8.4  -12.3  -9.9  994.3  980.5  987.3 25 18 118  9 SW 1.5 1 43 0101721600
14  -7.3  -11.1  -9.0  997.3  982.2  993.6 23 15 217  7 SW 0.0 0 40 0101731400
15  -1.9   -7.5  -3.4  982.2  968.7  973.5 39 28 073 10 E  0.0 0 34 0101021400
16  -2.7   -8.4  -5.0  997.7  975.6  983.6 24 19 242  9 SW 2.8 4 39 0101621400
17  -0.4   -8.3  -6.0 1017.1  997.7 1010.6 34 24 351 14 SW 0.0 0 34 0101733600
18  -0.1   -0.8  -0.5 1011.6 1005.4 1008.0 30 22 346 11 NW 7.9 7 54 0101633600
19  -0.7   -5.4  -2.1 1011.0 1000.4 1006.9 10  9 334  3 NW 0.0 3 56 0101533600
20  -3.0   -8.1  -4.3 1000.3  981.5  987.9 33 28 239  6 N  0.0 0 56 0101723600
21  -5.3   -9.2  -7.1  995.1  983.5  989.3 31 24 233 11 SW 0.0 0 56 0101723600
22  -5.3   -8.8  -7.1 1008.0  995.0 1003.7 21 16 215  7 N  0.0 0 55 0101723400
23  -1.2   -7.6  -3.9 1004.7  984.9  993.5 31 24 243  6 SE 0.0 5 57 0101523400
24  -2.2   -7.4  -5.2  986.3  973.0  980.2 38 31 235 22 SW 5.1 4 61 0101633600
25  -6.7  -10.1  -8.2  973.0  963.1  966.2 34 27 243 16 SW 0.0 1 59 0101733600
26  -7.9  -13.3 -10.5  981.9  966.1  972.6 35 27 121 11 SE 0.0 0 57 0101644600
27  -8.6  -13.1 -10.8  992.7  981.8  987.4 37 30 119 12 E  0.0 0 57 0101644600
28  -3.6  -11.6  -7.3 1006.0  992.8 1002.1 40 31 118 11 SE 0.0 0 54 0101224600
29  -4.1   -9.1  -6.5 1008.0 1004.6 1006.6 10  8 082  4 NE 0.0 0 53 0101524600
30  -2.7   -6.9  -5.4 1006.1 1002.4 1004.9  9  8 072  4 NE 0.0 0 53 0101424600
31  -2.4   -7.8  -4.3 1002.4  999.3 1000.7 14 12 144  3 NE 0.0 2 54 0101024600
