********************************************************************************
Palmer Station Weather Highlights:        February 2009

        Temperature:    Abs Max:     7.7 C           Day: 7
                        Abs Min:    -2.4 C           Day: 4
                            Avg:     2.3 C
                        Avg Max:     4.7 C
                        Avg Min:     0.3 C

        Pressure:       Abs Max:  1001.6 mb          Day: 7
                        Abs Min:   955.5 mb          Day: 17
                            Avg:   985.2 mb
                        Avg Max:   989.4 mb
                        Avg Min:   980.8 mb

        Wind:             Peak:       52 kts         Day: 9
                           Avg:        8 kts
                        Days Prevailing:       N: 7
                                              NE: 7
                                               E: 3
                                              SE: 5
                                               S: 1
                                              SW: 2
                                               W: 2
                                              NW: 1

        Precipitation:  Melted:     50.8 mm          YTD:   115.8 mm
                          Snow:       13 cm          YTD:      27 cm
                Maximum Snowstake Depth:        0 cm Day: NA


============================== Daily Weather Data ==============================
Column Titles:
        1. Day                         9. Wind 2-Min Peak (knots)
        2. Temperature High    (C)    10. Wind 2-min Peak Direction (degrees)
        3. Temperature Low     (C)    11. Wind Average (knots)
        4. Temperature Average (C)    12. Wind Prevailing Direction
        5. Pressure High      (mb)    13. Precipitation Melted (mm)
        6. Pressure Low       (mb)    14. Precipitation Snow (cm)
        7. Pressure Average   (mb)    15. Depth at Snowstake (cm)
        8. Wind 5-Sec Peak (knots)    16. Sea Temp/Ice (WMO code)

 2/1/2009
   1   2.4  -0.9   0.9  991.2 987.9  989.4    23    20   236  6  W   1.8 0     0 000190/4/0
   2   5.2  -1.1   1.8  997.2 991.1  994.9    25    18   116  5  E   2.3 1     0 000230/4/0
   3   2.8  -0.5   0.6  997.2 990.8  995.3    20    17   021  7  N   1.3 1     0 000130/4/0
   4   2.9  -2.4   0.5  996.0 986.3  990.1    36    27   121 11  SE  1.0 4     0 000230/4/0
   5   4.6  -0.7   1.4 1001.2 996.0  999.2    13    11   266  4  W   0.0 0     0 000250/4/0
   6   5.6  -0.4   2.2 1000.4 997.4  999.0    15    12   017  4  SE  7.4 0     0 000200/4/0
   7   7.7   1.4   4.0 1001.6 998.8 1000.9    23    20   033  5  SE  0.3 0     0 000210/4/0
   8   7.5   3.7   5.5  998.9 980.2  989.9    36    31   029 14  NE  0.3 0     0 000290/4/0
   9   5.8   2.7   4.1  981.3 977.9  979.7    52    42   035  9  NE  0.0 0     0 000220/4/0
  10   7.2   2.4   4.3  978.9 976.2  977.6    32    25   055  7  E   0.0 0     0 000250/4/0
  11   7.2   2.4   4.3  978.9 976.2  977.6    32    25   055  7  E   0.0 0     0 000080/4/0
  12   6.7   0.5   3.2  982.5 979.5  980.8     7     6   060  2  NE  0.0 0     0 000080/4/0
  13   6.0   0.2   2.8  985.4 979.8  982.0     8     7   018  2  N   0.0 0     0 000180/4/0
  14   4.7   0.0   1.9  989.3 985.3  987.0    18    16   030  5  N   0.0 0     0 000190/4/0
  15   2.3   0.9   1.6  994.5 989.3  992.5    26    22   019  9  N   0.0 0     0 000170/4/0
  16   4.8  -0.7   1.3  995.6 984.5  992.7    28    23   025  5  SE  5.8 7     0 000170/4/0
  17   7.4   0.4   4.2  984.5 955.5  964.6    42    32   119 16  SE  0.0 0     0 000220/4/0
  18   4.7   1.8   2.9  977.0 958.1  966.2    30    21   229 10  SW  0.0 0     0 000100/4/0
  19   2.0  -0.1   1.1  992.6 977.0  987.5    29    24   241 13  SW  0.0 0     0 000170/4/0
  20   3.7  -0.8   1.9  992.8 983.7  989.0    35    31   028 10  NE  0.0 0     0 000120/4/0
  21   3.8   0.9   2.2  983.8 973.5  978.8    30    24   020  9  N   0.0 0     0 000150/4/0
  22   3.4   0.3   2.0  985.9 974.2  979.2    19    13   018  4  S   4.3 0     0 000170/4/0
  23   4.7   0.5   2.5  986.2 967.5  978.7    43    34   035 14  NE  0.5 0     0 000180/4/0
  24   3.7   1.3   2.5  968.2 964.9  966.5    32    26   021 15  N  11.4 0     0 000060/4/0
  25   2.1   0.2   1.4  983.1 966.7  974.9    29    21   321 13  NW 11.9 0     0 000070/4/0
  26   3.3   0.2   1.5  990.9 983.1  987.6    10     9   347  5  N   2.5 0     0 000040/4/0
  27   5.4  -0.5   1.4  992.7 990.9  991.9    20    17   028  3  NE  0.0 0     0 000110/4/0
  28   4.2  -2.1   0.5  994.4 991.2  992.2    16    14   034  4  NE  0.0 0     0 000100/4/0
