******************************************************************************** 
Palmer Station Weather Highlights:       September 2009
       
	Temperature:    Abs Max:     2.5 C          Day: 12
	                Abs Min:   -14.1 C          Day: 22
			    Avg:    -4.4 C
			Avg Max:    -1.7 C
			Avg Min:    -7.3 C

	Pressure:       Abs Max:  1012.4 mb         Day: 21
	                Abs Min:   953.1 mb         Day: 8
			    Avg:   986.4 mb
			Avg Max:   992.4 mb
			Avg Min:   979.4 mb

	Wind:             Peak:       73 kts        Day: 15
	                   Avg:       12 kts
		       	Days Prevailing:      N: 7
			                      NE: 3
		                              E: 4
			                      SE: 6
                                              S: 0
			                      SW: 7
			                      W: 0
			                      NW: 3
					      
	Precipitation:         Melted:     20.6 mm  YTD:   259.5 mm
	                         Snow:       22 cm  YTD:     170 cm
              Maximum Snowstake Depth:      74 cm   Day: 30


============================== Daily Weather Data==============================
Column Titles:
	1. Day                         9. Wind 2-Min Peak              (knots)
	2. Temperature High    (C)     10. Wind 2-min Peak Direction   (degrees)
	3. Temperature Low     (C)     11. Wind Average                (knots)
	4. Temperature Average (C)     12. Wind Prevailing Direction
	5. Pressure High       (mb)    13. Precipitation Melted        (mm)
	6. Pressure Low        (mb)    14. Precipitation Snow          (cm)
	7. Pressure Average    (mb)    15. Depth at Snowstake          (cm)
	8. Wind 5-Sec Peak     (knots) 16. Sea Temp/Ice                (WMO code)
	
September 2009
 1  -5.2  -8.6  -7.0  993.6  984.7  988.2  8  7 016  4 NE  0.0  0  50 0101631600
 2  -6.8 -10.0  -8.3 1003.8  993.6  999.3 12  9 309  5 NE  0.0  0  50 0101531600
 3  -9.2 -11.0 -10.4 1004.2 1001.1 1003.3 15 13 252  5 NW  0.0  1  51 0101531600
 4  -1.6 -11.4  -7.7 1001.1  977.9  992.1 30 22 154  5 NE  0.0  0  50 0101531600
 5  -1.7  -4.6  -3.4  978.6  971.4  974.0 37 28 121 20 SE  0.0  0  49 0101521600
 6  -1.6  -8.1  -4.7  993.1  978.6  986.6 27 21 118  7 E   0.0  0  49 0101521600
 7  -0.2  -6.2  -3.6  994.8  984.9  992.9 46 38 026  8 SE  0.0  0  49 0101421600
 8   1.0  -1.2   0.2  985.0  953.1  968.3 61 50 019 36 N   0.8  0  48 0101421600
 9  -0.9  -7.9  -3.8  989.1  954.2  971.5 43 31 300 17 SW  0.0  1  52 0101632600
10   1.7  -7.4  -3.7  990.5  972.3  984.2 51 40 039 11 SE  0.0  0  51 0101532600
11   1.8  -4.5  -1.2  979.1  970.0  974.4 21 17 248  6 E   0.0  4  52 010150/6/0
12   2.5  -4.2  -1.4  975.2  958.7  964.4 35 29 027  9 N   0.8  0  54 010150/6/0
13  -2.9 -12.0  -7.5  984.8  965.3  976.9 33 26 326 13 NW  0.0  0  54 0101753600
14   0.9 -12.4  -2.5  984.8  975.4  980.7 53 42 018 21 N   0.5  0  68 0101643600
15   2.1   0.1   1.0  981.1  970.4  976.8 73 51 019 31 N   8.6  0  62 010150/6/0
16   0.7  -2.9  -1.2  979.8  972.0  975.2 45 33 356 22 N   0.0  0  62 0101621600
17  -2.3  -8.8  -3.9  987.3  976.6  979.6 28 23 353 10 SW  1.3  4  63 0101641600
18  -1.5 -11.7  -8.1  990.3  981.0  985.8 18 14 266  5 SE  0.3  1  65 0101652600
19  -6.5 -13.8 -10.9  996.9  983.2  990.9 30 24 242 15 SW  0.0  0  64 0101752600
20 -10.0 -14.0 -12.2 1008.3  996.9 1002.3 29 23 250 13 SW  0.0  0  62 0101652600
21  -6.7 -13.8 -10.6 1012.4 1008.2 1010.7 13 11 234  4 SW  0.0  0  61 0101652600
22  -2.6 -14.1  -7.7 1011.8  999.2 1006.8 31 22 149  7 SE  0.0  0  60 0101652600
23   0.6  -2.8  -1.1  999.3  984.2  993.0 68 52 044 20 E   0.0  0  60 0101752600
24  -0.3  -2.6  -1.6  994.3  984.6  987.2 30 23 121  9 E   0.0  3  62 0101622600
25  -1.2  -4.5  -2.5  999.5  988.4  994.3 12 10 239  5 SW  0.0  5  66 0101622600
26  -4.0  -6.9  -5.8 1003.2  999.6 1002.0 14 12 239  5 SW  0.8  0  65 0101622700
27   0.3  -5.6  -2.5 1002.6  990.0  998.1 22 16 000  4 SE  0.0  0  63 0101522700
28   1.7  -2.0  -0.1  990.1  977.3  982.8 51 37 339 17 NW  5.6  1  64 0101622700
29   0.7  -2.1   0.0  982.3  974.7  979.5 32 24 338 15 N   2.0  2  70 0101622700
30   1.1  -2.6  -0.8  974.8  954.0  969.7 66 54 039 22 N   0.0  0  74 0101522700
