********************************************************************************
Palmer Station Weather Highlights:       June 2009

        Temperature:    Abs Max:  1.6 C                 Day: 7
                        Abs Min: -9.5 C                 Day: 14
                            Avg: -4.0 C
                        Avg Max: -2.6 C
                        Avg Min: -5.7 C

        Pressure:       Abs Max:1021.0 mb               Day: 27
                        Abs Min: 957.8 mb               Day: 12
                            Avg: 986.9 mb
                        Avg Max: 991.3 mb
                        Avg Min: 982.3 mb

        Wind:           Peak: 64 kts                    Day: 11
                        Avg:  10 kts
                        Days Prevailing:      N: 1
                                             NE: 10
                                              E: 11
                                             SE: 4
                                              S: 1
                                             SW: 1
                                              W: 0
                                             NW: 2

        Precipitation: Melted: 1.8 mm            YTD: 216.4 mm
                       Snow:    33 cm            YTD:    92 cm

        Maximum Snowstake Depth: 44cm                   Day: 20


============================== Daily Weather Data ==============================
Column Titles:
        1. Day                                    9. Wind 2-Min Peak(knots)
        2. Temperature High (C)                  10. Wind 2-min Peak Direction (degrees)
        3. Temperature Low (C)                   11. Wind Average (knots)
        4. Temperature Average (C)               12. Wind Prevailing Direction
        5. Pressure High (mb)                    13. Precipitation Melted (mm)
        6. Pressure Low (mb)                     14. Precipitation Snow (cm)
        7. Pressure Average (mb)                 15. Depth at Snowstake (cm)
        8. Wind 5-Sec Peak (knots)               16. Sea Temp/Ice (WMO code)

June 2009
 1 -0.5 -1.9 -1.1 999.2  996.6  997.8  12 10 135 4  SE 0.0  2  20 010050/4/0
 2 -1.3 -5.3 -3.5 998.5  985.8  992.6  12 11 044 4  NE 0.0  1  20 010090/4/0
 3 -2.9 -4.6 -3.5 985.9  983.3  984.1  40 33 035 9  NE 0.0  0  20 010100/4/0
 4 -4.1 -6.2 -4.8 997.5  985.0  991.0  37 31 032 17 NE 0.0  0  20 010080/4/0
 5  0.0 -5.9 -3.0 999.0  989.8  994.7  40 34 032 11 SE 0.0  2  25 010050/4/0
 6 -0.2 -1.2 -0.6 997.5  994.0  995.3  22 17 340 8  NW 0.0  5  32 010060/4/0
 7  1.6 -0.7 -0.1 994.2  984.9  992.2  38 30 052 6  NW 0.0  1  38 010090/4/0
 8  1.1 -1.8 -0.5 984.8  970.2  979.3  36 29 065 8  SE 0.0  0  36 0101121400
 9 -0.2 -4.3 -2.1 974.5  962.7  967.1  44 35 063 17 NE 0.0  0  34 0100821400
10 -3.4 -6.2 -4.6 980.9  974.5  979.3  28 24 054 12 NE 0.0  4  40 010100/4/0
11 -1.0 -6.1 -3.9 980.2  960.7  969.4  64 47 067 19 E  0.0  0  33 010050/4/0
12 -1.2 -5.4 -3.0 980.5  957.8  966.0  54 41 063 24 NE 0.0  0  33 010060/4/0
13 -4.7 -7.3 -6.0 992.0  980.5  988.6  19 16 053 6  E  0.0  3  34 010090/4/0
14 -5.9 -9.5 -7.3 992.8  986.2  988.7  18 13 072 7  NE 0.0  0  34 0100820400
15 -3.7 -7.6 -5.1 994.0  980.1  988.2  42 33 111 16 E  0.0  0  33 010060/4/0
16  0.5 -3.7 -0.9 980.3  962.8  969.9  52 41 072 22 E  0.8  0  33 010050/4/0
17  0.7 -3.1 -0.8 970.6  960.9  965.9  63 50 077 26 E  1.0  0  32 010050/4/0
18 -1.0 -3.5 -2.1 969.8  966.2  967.2  28 22 047 9  SE 0.0  13 43 010070/4/0
19 -3.2 -5.4 -4.4 967.2  965.0  965.9  24 19 072 8  E  0.0  0  43 010090/4/0
20 -3.4 -7.0 -4.8 973.0  967.2  970.7  33 27 094 10 E  0.0  2  44 010100/6/0
21 -5.2 -7.7 -6.5 972.6  968.1  969.9  35 27 118 17 E  0.0  0  36 010060/4/0
22 -5.6 -8.7 -7.3 984.9  972.6  980.5  20 18 096 7  E  0.0  0  35 010110/4/0
23 -4.7 -8.7 -6.5 984.6  979.3  981.9  19 18 135 8  E  0.0  0  34 0101420400
24 -5.1 -9.2 -7.1 991.5  984.6  988.8  23 21 125 10 S  0.0  0  33 010140/4/0
25 -6.0 -9.4 -6.4 1005.3 997.6  1002.7 19 14 226 9  SW 0.0  0  32 010150/4/0
26 -6.2 -8.9 -7.3 1020.3 1005.3 1012.1 15 12 211 5  NE 0.0  0  32 010120/4/0
27 -4.2 -7.6 -5.4 1021.0 1018.5 1019.7 12 11 038 5  NE 0.0  0  31 010140/4/0
28 -2.4 -4.4 -3.6 1019.1 1014.9 1017.4 8  6  116 3  NE 0.0  0  31 010130/4/0
29 -1.1 -4.3 -2.4 1016.2 1011.1 1014.7 19 16 037 5  E  0.0  0  31 010120/6/0
30 -3.7 -5.9 -4.9 1011.2 1001.5 1005.0 12 9  018 3  N  0.0  0  31 010140/4/0
