******************************************************************************
Palmer Station Weather Highlights:       March 2014

        Temperature:    Abs Max:     7.3 C          Day: 1
                        Abs Min:    -5.0 C          Day: 15
                            Avg:     0.4 C
                        Avg Max:     2.4 C
                        Avg Min:    -1.6 C

        Pressure:       Abs Max:  1002.8 mb         Day: 2
                        Abs Min:   960.2 mb         Day: 11
                            Avg:   979.5 mb
                        Avg Max:   986.1 mb
                        Avg Min:   972.4 mb

        Wind:             Peak:       66 kts        Day: 20
                           Avg:       13 kts
                        Days Prevailing:      N: 6
                                             NE: 1
                                              E: 5
                                             SE: 1
                                              S: 2
                                             SW: 4
                                              W: 1
                                             NW: 11

        Precipitation:  Melted:    115.9 mm         YTD:   218.1 mm
                          Snow:       29 cm         YTD:      38 cm
        Maximum Snowstake Depth:      10 cm         Day: 12


============================= Daily Weather Data =============================
Column Titles:
        1. Day                        10. Wind 2-min Peak Direction  (degrees)
        2. Temperature High    (C)    11. Wind Average               (knots)
        3. Temperature Low     (C)    12. Wind Prevailing Direction
        4. Temperature Average (C)    13. Precipitation Melted       (mm)
        5. Pressure High      (mb)    14. Precipitation Snow         (cm)
        6. Pressure Low       (mb)    15. Depth at Snowstake         (cm)
        7. Pressure Average   (mb)    16. Sea Surface Temperature    (C)
        8. Wind 5-Sec Peak (knots)    17. Sea Ice                    (WMO code)
        9. Wind 2-Min Peak (knots)

 1   7.3   1.2   4.6  997.9  989.6  994.1 35 31 021  8 E   0.0  0    0   0.5 0/9/0
 2   3.2  -1.0   0.4 1002.8  997.1 1001.3 15 10 311  4 SE  0.0  0    0   0.0 0/9/0
 3   5.6   0.2   2.5  998.6  981.8  988.6 43 35 020 10 NW  7.9  0    0   0.0 0/9/0
 4   1.0  -0.6   0.2  991.5  982.3  987.0 17 14 227  9 SW  1.5  1    0  -0.3 0/9/0
 5   0.7  -1.8  -0.8  991.0  971.0  980.5 10  9 009  2 NW  5.6  0    0   0.0 0/9/0
 6   0.6  -1.0  -0.2  989.2  971.7  980.5 21 18 221  5 SW  7.4  7    7  -0.6 0/9/0
 7   3.5  -0.9   1.0  989.1  971.7  978.4 45 40 360 15 N   0.8  0    7  -0.3 0/9/0
 8   1.3  -1.4   0.2  989.1  974.8  980.2 19 16 259  5 NW  0.0  1    3  -0.5 0/9/0
 9   1.3  -1.7  -0.3  989.5  984.7  987.5 17 15 302  7 NW  1.8  0    3  -0.5 0/9/0
10   3.7   0.3   1.5  987.6  960.5  975.8 39 33 049 11 E   0.5  0    0  -0.3 0/9/0
11   0.9  -1.4  -0.1  967.0  960.2  961.9 19 17 148  7 W   8.6 11    8  -0.2 0/9/0
12  -0.2  -3.8  -1.2  981.2  967.0  976.8 27 25 204 10 S   0.3  1   10  -0.3 0/9/0
13   1.6  -3.4  -0.6  977.9  967.5  971.5 28 25 063 10 E   0.0  0    5  -0.1 0/9/0
14  -0.7  -3.0  -1.5  983.9  976.5  980.8 16 14 288  5 SW  0.0  0    3  -0.3 0/9/0
15   2.1  -5.0  -1.3  984.0  975.9  980.9 33 29 335  8 E   0.0  0    0  -0.4 0/9/0
16   3.7   0.8   2.5  983.5  961.5  971.4 56 50 015 31 N  27.7  0    0  -0.1 0/9/0
17   1.5  -1.2   0.2  983.3  965.7  978.0 39 34 302 13 NW  0.3  1    0  -0.1 0/9/0
18  -1.1  -3.3  -1.9  985.4  982.0  983.6 29 25 199 16 S   0.0  0    0  -0.4 0/9/0
19   0.1  -4.2  -2.2  986.7  973.0  983.9 35 31 008  7 N   0.0  0    0       0/9/0
20   1.9  -2.9   0.5  973.1  961.5  964.3 66 50 360 19 NW  5.3  5    5       0/9/0
21   0.3  -3.2  -1.2  989.8  966.3  977.3 30 27 200 14 NW  0.8  1    6  -0.5 0/9/0
22   3.2  -4.9  -1.6  989.7  970.8  981.4 54 46 001 12 NE  0.0  0    0  -0.5 0/9/0
23   5.2   1.2   3.2  980.5  972.4  976.3 47 38 002 18 N   2.3  0    0   0.0 0/9/0
24   2.7   0.8   1.7  981.3  971.8  978.0 59 51 011 23 N   4.8  0    0  -0.1 0/9/0
25   4.1  -1.1   1.7  975.8  964.2  972.0 55 47 006 15 NW 18.0  0    0  -0.1 0/9/0
26   5.4  -0.6   2.4  985.2  966.6  978.5 59 52 206 23 N   5.8  0    0  -0.3 0/9/0
27   6.0   1.3   3.2  985.2  968.3  978.6 53 46 003 25 NW 10.4  0    0  -0.1 0/9/0
28   4.4  -0.4   1.5  982.1  969.5  972.6 57 45 321 33 NW  4.6  0    5  -0.4 0/9/0
29  -0.3  -4.1  -2.4  996.0  982.0  991.7 21 19 103  6 SW  1.5  1    7  -0.9 0/9/0
30   5.1  -1.6   2.0  986.9  966.4  972.9 50 42 002 23 E   0.0  0    5  -0.2 0/9/0
31   1.3  -1.9  -0.8  983.0  969.2  978.2 48 42 006 14 NW  0.0  0    2  -0.2 0/9/0
