******************************************************************************
Palmer Station Weather Highlights:       September, 2016

        Temperature:    Abs Max:   4.4 C Day: 28
                        Abs Min:   -18.7 C Day: 10
                            Avg:   -1.8 C

        Pressure:       Abs Max:   1019.4 mb Day: 3
                        Abs Min:   954 mb Day: 9
                            Avg:   984.1 mb

        Wind:             Peak:    72 kts Day: 13
                           Avg:    19.1 kts
                        Days Prevailing:
                                             NW : 9
                                             NNW : 7
                                             WSW : 4
                                             N : 4
                                             NNE : 3
                                             SE : 1
                                             WNW : 1
                                             SW : 1
                                             W : 0
                                             SSE : 0
                                             S : 0
                                             NE : 0
                                             E : 0
                                             ENE : 0
                                             ESE : 0
                                             SSW : 0


        Precipitation: Rainfall:      160 mm YTD: mm
                           Snow:      49 cm YTD: 306 cm
        Maximum Snowstake Depth:      109 cm Day: 27

============================= Daily Weather Data =============================
Column Titles:
        1. Day                         9. Wind 5-Sec Peak Direction
        2. Temperature High    (C)    10. Wind Average               (knots)
        3. Temperature Low     (C)    11. Wind Prevailing Direction
        4. Temperature Average (C)    12. Rainfall                   (mm)
        5. Pressure High      (mb)    13. Precipitation Snow         (cm)
        6. Pressure Low       (mb)    14. Depth at Snowstake         (cm)
        7. Pressure Average   (mb)    15. Sea Surface Temperature    (C)
        8. Wind 5-Sec Peak (knots)    16. Sea Ice                    (WMO code)

01 -7.7 -11    -9.7  998    976.8  989.3 24.7 239 11.9 SW   0    0  76 -1.5 0/8//
02 -1.5  -7.7  -3.3 1017.6  997.9 1008.5 21.7 236  8   WSW  0    0  75 -1.6 10800
03  1.2  -4.9  -2.5 1019.4  997   1014.3 47    29 14   NNE  1    0  75 -1.5 10800
04  2.4  -1     0.6  996.9  967.9  982.8 60     8 21.3 NNE 26.7  0  75 -1.5 //8//
05  1.7  -1.5  -0.4  981.6  966.8  974.7 52.1 354 31.2 NW   3.3  3  78 -1.6 //8//
06  2.9  -0.6   0.8  980    970.5  976.6 68.3 350 33   NNW 11.2  1  79 -1.5 //8//
07  2.4  -7.8  -0.6  970.9  961.6  964.3 58.6 349 30.6 NNW 22.1  0  77 -1.4 //8//
08 -3.9 -10.7  -8    973    964    969.6 26.7  24  9.6 WSW  0    4  81 -1.3 20850
09 -2.2  -8.5  -5.9  972.3  954    964.9 44   352 17.4 NNW  2.5  0  78 -1.4 20851
10 -2.9 -18.7 -13.4  991.4  960.1  980.8 39.6 229 12.4 WSW  0.8  0  76 -1.4 51853
11 -0.2  -2.8  -1.2  994.5  990.4  992.9 27.1 342 14.1 NW   0.5  6  82 -1.4 51853
12  0.8  -0.8  -0.4  996.9  987.9  991.7 28.9 321 14.5 NW   2.8 16  98 -1.4 51853
13  1.7   0.6   1.1  999.4  979.2  992.5 72.3  23 33   N   18.5  1  99 -1.5 51852
14  1.4  -0.8   0.2  984.8  976.3  981.1 52.3  23 26.5 N    5.6  0  95 -1.5 51852
15  0.2  -7.8  -3.2  977.6  969.1  974.6 35.1  35 10.9 NW   0.5  0  94 -1.6 41851
16  1.8  -2.1  -0.2  983.9  971.5  976.3 32.4  13 14.9 NNW  2.5  0  94 -1.6 41851
17  1.3  -0.9   0.6  983.4  968    977.1 48.3 354 30.6 N    5.8  0  93 -1.6 21851
18  0.7  -1.1  -0.1  984.1  972.1  977.6 49.3 360 26.8 NNW  3.3  5  98 -1.6 21851
19  1.3   0.2   0.7  989.3  982.9  986.9 43.1 328 30.9 NNW  2.3  1  99 -1.6 21851
20  2.9  -4.3   0.2  985.7  975.8  979.3 37.4  14 15.5 N    1    0  99 -1.6 21851
21  1.5  -6.4  -1.2  985.3  967.5  977.2 54.5  11 20.3 NNE 14    4 103 -1.6 21853
22  1    -5.8  -2.5  996.7  963.4  980.8 47.5 350 19   WSW  4.1  0 101 -1.6 32853
23  1.1  -3.1   0.2  994.5  971.6  977.1 68.7 360 37.5 NNW 15.2  0 100 -1.6 11800
24  1.3  -3.8  -0.4  988.3  971.9  981.5 61.5 350 25.6 NW   0    1 101 -1.6 21853
25  1    -3.6  -0.5  999    988.2  993.9 32.5 346 14.8 NW   0.5  2 104 -1.6 21853
26  2.8  -4.4  -1.3  998.5  983.4  989.7 21.6  66  3.3 NW   1.8  2 106 -1.4 21853
27  1.3  -2.8  -0.9  990.5  983.2  985.2 26.1 353  8.1 WNW  0    3 109 -1.5 21853
28  4.4  -5.7  -0.8  993.4  990.4  991.8 37     2  9.6 SE   3.6  0 109 -1.4 21853
29  2    -4.3  -0.3 1000.7  991.6  996.5 35.9 338 14.6 NW   9.9  0 106 -1.4 21853
30  0.6  -5.4  -1.7  999    988.2  993.6 53.4 344 14.5 NW   0.5        -1.5
