******************************************************************************
Palmer Station Weather Highlights:       January 2016

        Temperature:    Abs Max:     9.4 C          Day: 2
                        Abs Min:    -4.0 C          Day: 12
                            Avg:     0.9 C
                        Avg Max:     2.8 C
                        Avg Min:    -0.7 C

        Pressure:       Abs Max:  1001.2 mb         Day: 1
                        Abs Min:   973.1 mb         Day: 3
                            Avg:   984.9 mb
                        Avg Max:   988.2 mb
                        Avg Min:   981.2 mb

        Wind:             Peak:       50 kts        Day: 29
                           Avg:       10 kts
                        Days Prevailing:      N: 5
                                             NE: 1
                                              E: 3
                                             SE: 1
                                              S: 3
                                             SW: 11
                                              W: 0
                                             NW: 7

        Precipitation:  Melted:     44.0 mm         YTD:    44.0 mm
                          Snow:        8 cm         YTD:       8 cm
        Maximum Snowstake Depth:      84 cm         Day: 1


============================= Daily Weather Data =============================
Column Titles:
        1. Day                        10. Wind 2-min Peak Direction  (degrees)
        2. Temperature High    (C)    11. Wind Average               (knots)
        3. Temperature Low     (C)    12. Wind Prevailing Direction
        4. Temperature Average (C)    13. Precipitation Melted       (mm)
        5. Pressure High      (mb)    14. Precipitation Snow         (cm)
        6. Pressure Low       (mb)    15. Depth at Snowstake         (cm)
        7. Pressure Average   (mb)    16. Sea Surface Temperature    (C)
        8. Wind 5-Sec Peak (knots)    17. Sea Ice                    (WMO code)
        9. Wind 2-Min Peak (knots)

 1   7.9   1.4   5.0 1001.2  996.6  998.9 40 36 005 15 N   1.0  0   84   0.5 12980
 2   9.4   2.4   6.2  996.8  984.3  993.4 37 32 007 13 N   0.0  0   61   0.7 12980
 3   8.6  -0.1   3.4  984.4  973.1  977.4 48 42 016 21 N   6.3  0   50   0.6 12980
 4   1.0  -1.6  -0.1  982.8  980.2  981.7 30 26 298 12 NW  0.5  1   52   0.4 12980
 5   0.9  -1.4   0.0  984.2  980.3  981.5 20 17 202  6 S   0.0  0   45   0.9 12980
 6   1.4  -1.9  -0.5  985.9  977.6  983.5 16 13 227  6 SW  0.0  0   44   1.0 12980
 7   4.2  -1.3   0.6  985.5  974.1  977.9 19 15 150  6 SE  0.8  1   40   0.9 12980
 8   1.0  -1.5  -0.5  990.4  985.4  988.5 17 15 227  8 SW  0.0  0   36   0.2 12970
 9   2.0  -1.3  -0.1  989.7  980.1  984.1 15 13 167  4 S   0.0  0   34   0.5 12970
10  -0.2  -1.6  -1.0  980.4  977.8  979.1 13 11 233  7 SW  0.8  0   34   0.0 12980
11   1.6  -1.3   0.3  982.6  977.1  980.1 28 25 086 10 E   0.3  2   35   0.5 12980
12   0.3  -4.0  -1.3  988.4  982.0  985.5 17 15 081  8 NE  0.0  0   29   0.6 12901
13   1.0  -3.6  -0.8  994.4  988.4  992.1 20 18 101  5 S   0.0  0   14   0.7 1/900
14   0.9  -1.7  -0.2  996.6  988.4  993.7 15 12 215  5 SW  0.0  0   11   1.0 1/9/0
15   0.2  -0.6  -0.1  988.5  978.6  983.7 18 16 226  7 SW  0.3  0    0   0.6 1/9/0
16   0.8  -1.0  -0.4  981.7  977.2  978.6 20 17 202  9 SW  1.0  2    2   0.5 1/9/0
17   0.0  -0.8  -0.4  983.3  980.9  982.1 18 15 210  8 SW  0.0  0    0   0.9 1/9/0
18   0.4  -0.6  -0.2  992.3  982.3  988.2 14 13 201  6 SW  0.0  0    0   1.0 1/9/0
19   0.4  -0.6  -0.3  992.9  989.6  992.1 12 11 210  5 SW  0.0  0    0   1.2 1/9/0
20   4.7  -1.2   0.4  989.7  976.3  983.9 21 16 100  3 E   1.8  0    0   1.3 1/9/0
21   4.8  -0.1   1.2  979.1  973.9  977.1 46 42 332 18 NW  3.0  0    0   0.5 1/9/0
22   0.0  -1.0  -0.4  985.1  976.1  981.1 22 20 309 10 SW  1.3  2    3  -0.2 1/9/0
23   1.0  -0.6   0.0  989.1  985.1  987.9 16 14 208  8 SW  0.0  0    0  -0.2 1/9/0
24   2.6  -1.8   0.4  986.5  980.3  982.3 14 13 285  5 NW  0.0  0    0   0.2 1/9/0
25   3.0  -0.6   1.0  990.7  981.0  984.9 10 10 290  3 NW  0.0  0    0   0.3 1/9/0
26   3.1  -1.0   0.9  992.2  985.2  990.1 40 33 017  8 N   0.0  0    0   0.5 1/9/0
27   4.0   0.4   1.9  990.5  985.3  989.0 30 26 302  9 NW  0.0  0    0   0.6 1/9/0
28   5.3   1.0   2.5  989.8  985.8  988.4 21 19 096  6 E   0.0  0    0   0.8 0/9/0
29   7.2   2.2   4.6  986.3  979.8  982.8 50 42 003 25 N   4.8  0    0   0.6 0/9/0
30   4.1   1.9   2.7  986.4  975.6  980.9 50 43 003 25 NW  8.9  0    0   0.0 0/9/0
31   3.9   0.3   2.1  986.3  978.8  981.0 33 27 319 16 NW 13.2  0    0   0.0 0/9/0