Palmer Station Weather Highlights:       May 2016
 
        Temperature:    Abs Max:     4.1 C          Day: 30
                        Abs Min:    -9.2 C          Day: 22
                            Avg:    -2.2 C
                        Avg Max:    -0.6 C
                        Avg Min:    -3.7 C
 
        Pressure:       Abs Max:  1019.2 mb         Day: 15
                        Abs Min:   962.9 mb         Day: 21
                            Avg:  1000.5 mb
                        Avg Max:  1005.2 mb
                        Avg Min:   995.6 mb
 
        Wind:             Peak:       39 kts        Day: 1
                           Avg:        5 kts
                        Days Prevailing:      N: 4
                                             NE: 0
                                              E: 0
                                             SE: 2
                                              S: 0
                                             SW: 6
                                              W: 1
                                             NW: 9
 
        Precipitation:  Melted:     39.5 mm         YTD:   469.4 mm
                          Snow:       45 cm         YTD:     258 cm
        Maximum Snowstake Depth:      63 cm         Day: 23
 
 
============================= Daily Weather Data =============================
Column Titles:
        1. Day                        10. Wind 2-min Peak Direction  (degrees)
        2. Temperature High    (C)    11. Wind Average               (knots)
        3. Temperature Low     (C)    12. Wind Prevailing Direction
        4. Temperature Average (C)    13. Precipitation Melted       (mm)
        5. Pressure High      (mb)    14. Precipitation Snow         (cm)
        6. Pressure Low       (mb)    15. Depth at Snowstake         (cm)
        7. Pressure Average   (mb)    16. Sea Surface Temperature    (C)
        8. Wind 5-Sec Peak (knots)    17. Sea Ice                    (WMO code)
        9. Wind 2-Min Peak (knots)
 
 1  -5.3  -8.8  -7.3  992.2  973.1  980.0 39 34 198 21 SW  0.0  1 36.0  -1.7 0/9/0
 2  -5.7  -7.4  -7.0  998.3  988.0  995.3 22 17 209  8 SW  0.3  0 35.0  -1.8 0/9/0
 3  -1.3  -5.7  -2.6  991.1  981.0  983.8 19 16 293  7 SE  0.8  5 40.0   0.0 0/9/0
 4  -2.9  -6.1  -4.4 1003.0  991.1 1000.1 21 19 294 10 SW  0.0 15 55.0  -1.7 0/9/0
 5  -3.3  -6.0  -4.5 1010.6 1001.8 1006.5 17 14 207  6 SW  0.5  0 54.0  -1.7 0/9/0
 6  -0.4  -4.8  -1.9 1011.5 1008.6 1010.3 13 12 327  7 NW  0.3  0 52.0  -1.7 0/9/0
 7  -0.2  -3.5  -1.9 1008.6  994.9 1000.5 11 10 297  2 NW  0.5  0 51.0  -1.6 0/9/0
 8  -1.3  -2.7  -2.0 1002.6  996.6 1000.7  0  0 173  0 0   0.0  0 50.0  -1.6 0/9/0
 9  -0.3  -1.5  -0.9 1007.9 1001.6 1005.3  0  0 295  0 0   0.0  0 50.0  -1.6 0/9/0
10  -0.5  -2.2  -1.1 1012.9 1007.8 1010.7  0  0 294  0 0   1.0  0 49.0  -1.6 0/9/0
11   0.6  -1.2  -0.8 1013.0 1010.1 1011.7 17 16 306  6 NW  0.0  1 50.0  -1.6 0/9/0
12   0.7  -1.3  -0.4 1012.6 1009.5 1011.0 17 15 313  4 NW  1.5  0 50.0  -1.6 0/9/0
13  -0.3  -2.4  -1.2 1012.8 1007.5 1009.5 12 10 314  2 NW  0.0  0 50.0  -1.6 0/9/0
14  -0.9  -2.6  -1.9 1018.9 1012.8 1016.5  0  0 313  0 0   0.0  0 50.0  -1.7 0/9/0
15   1.1  -2.6  -1.3 1019.2 1012.8 1017.4  0  0 313  0 0   0.0  0 46.0  -1.7 0/9/0
16   0.7  -2.1  -0.9 1012.8 1001.8 1005.2 19 17 301  4 NW  1.0  2 48.0  -1.7 0/9/0
17  -0.8  -1.8  -1.2 1002.8  998.7 1000.4  0  0 324  0 0   0.0  4 52.0  -1.7 0/9/0
18  -1.2  -3.7  -1.9  999.9  992.2  997.2  0  0 258  0 0   1.3  4 56.0  -1.7 0/9/0
19  -1.1  -2.5  -1.7  992.9  988.0  990.0  0  0 102  0 0  11.2  6 62.0  -1.6 0/9/0
20   0.8  -5.0  -2.2  993.5  967.7  982.2 39 35 016  6 N   3.3  0 61.0  -1.3 0/9/0
21   0.8  -6.4  -2.4  980.9  962.9  968.8 34 30 014 15 N   2.0  0 59.0  -1.3 0/9/0
22  -4.9  -9.2  -7.3  989.7  980.9  987.7 17 15 226  8 SW  0.0  1 60.0  -1.6 0/9/0
23  -0.1  -8.8  -3.6  986.9  972.6  976.8 27 23 355 11 W   1.0  3 63.0  -1.7 0/9/0
24  -1.9  -4.2  -3.3 1012.6  974.2  994.4 34 30 199 11 SW  0.0  0 60.0  -1.8 0/9/0
25   0.1  -3.0  -1.3 1017.8 1012.5 1015.6 15 14 312  6 NW  0.3  0 59.0  -1.8 0/9/0
26   0.4  -3.0  -0.9 1018.1 1005.2 1012.9 10  8 313  1 NW  0.3  0 59.0  -1.7 0/9/0
27  -0.9  -2.4  -1.8 1007.1 1004.3 1005.7  0  0 307  0 0   0.0  1 60.0  -1.8 0/9/0
28   0.6  -1.9  -0.5 1010.0 1005.3 1007.7  8  7 159  1 SE  1.8  2 62.0  -1.7 0/9/0
29   3.7  -0.1   1.0 1010.1 1008.4 1009.5 13 11 129  2 N   4.8  0 58.0  -1.6 0/9/0
30   4.1  -0.1   1.1 1008.9  995.5 1002.1 33 30 010  7 N   6.1  0 55.0  -1.6 0/9/0
31   2.3  -2.9  -0.8 1002.3  995.6  999.2 25 22 311  8 NW  1.5  0 52.0  -1.5 0/9/0
