******************************************************************************
Palmer Station Weather Highlights:       October, 2016

        Temperature:    Abs Max:   5.6 C Day: 7
                        Abs Min:   -9.5 C Day: 17
                            Avg:   -1.3 C

        Pressure:       Abs Max:   1010.2 mb Day: 6
                        Abs Min:   957.2 mb Day: 21
                            Avg:   989.1 mb

        Wind:             Peak:    55 kts Day: 31
                           Avg:    10 kts
                        Days Prevailing:
                                             NW : 9 
                                             NNE : 5 
                                             WNW : 3 
                                             SE : 3 
                                             ESE : 3 
                                             N : 2 
                                             SW : 2 
                                             S : 1 
                                             SSW : 1 
                                             WSW : 1 
                                             NNW : 1 
                                             SSE : 0 
                                             W : 0 
                                             ENE : 0 
                                             E : 0 
                                             NE : 0 


        Precipitation: Rainfall:      73.9 mm YTD:	mm
                           Snow:      66 cm YTD:	372 cm
        Maximum Snowstake Depth:      135 cm Day: 1

============================= Daily Weather Data ============================= 
Column Titles:
        1. Day                         9. Wind 5-Sec Peak Direction 
        2. Temperature High    (C)    10. Wind Average               (knots)
        3. Temperature Low     (C)    11. Wind Prevailing Direction
        4. Temperature Average (C)    12. Rainfall                   (mm)
        5. Pressure High      (mb)    13. Precipitation Snow         (cm)
        6. Pressure Low       (mb)    14. Depth at Snowstake         (cm)
        7. Pressure Average   (mb)    15. Sea Surface Temperature    (C)
        8. Wind 5-Sec Peak (knots)    16. Sea Ice                    (WMO code)

01	0.4	-0.4	0.1	1007.6	995.6	1001.5	31.3	310	19	NW	0.8	30	135	-1.6	21853 
02	1	-0.8	0	1008.8	999.4	1005.9	17.6	325	5.7	NW	0.8	0	128	-1.4	21853 
03	3.1	-0.9	0.1	999.4	993.3	996.7	20.1	128	3.2	NW	2.3	0	124	-1.2	21853 
04	5.2	-1	2.3	993.8	982	986.6	46.9	24	26.2	N	8.4	0	110	-1.4	21853 
05	0.7	-1.3	-0.4	1008.7	992.2	1001.3	23.1	309	11.4	NW	1.5	5	115	-1.5	21853 
06	3.1	-2	0.4	1010.2	1007	1009.2	21.8	9	5.5	SE	0	0	115	-1.4	21853 
07	5.6	-0.1	2.9	1008.1	1004	1005.6	35.7	13	12.4	NNE	0	0	115	-1.3	21853 
08	5.2	1.7	3.9	1009.2	1007	1008.2	35.9	23	16.8	NNE	0.3	0	100	-1.3	21853 
09	3.5	-2	-0.2	1008.1	1000.4	1005	30.6	22	5.2	NW	0	0	97	-1.2	21853 
10	0.3	-2.4	-1.2	1000.4	993	996.7	7.8	304	1.5	ESE	0	0	96	-1	21853 
11	0.1	-3.1	-1.6	993	977.1	984.6	8.7	323	2.6	NNE	0	0	96	-1	21853 
12	3	-1.3	0.8	977.1	968.2	971.9	22.3	102	7.1	ESE	2	4	100	-1	21853 
13	2.5	-4.8	-1.8	970.3	967.8	968.4	21.6	68	3.7	NW	0	0	97	-1	21853 
14	-3.2	-7.5	-5.9	979.2	970.3	975.8	14.4	327	4.7	NW	0	0	97	-1	21853 
15	-5.6	-9.4	-7.1	990.6	979.2	985.2	13.1	203	4.5	SSW	0	0	97	-1.1	41853 
16	-7.2	-9	-8.2	997.3	987.1	990.5	15.5	196	6.4	SW	0	1	98	-1.2	41853 
17	-5.7	-9.5	-7.8	1004.8	997.3	1002.4	13.5	188	3.3	S	0	0	97	-1.2	41853 
18	-0.6	-6.2	-3.5	1004.8	994.8	1000.8	9.8	296	2.8	NW	0	0	97	-1.2	41853 
19	1.9	-2.2	-0.3	994.8	972	980	25.1	360	4.9	ESE	5.6	8	105	-1.1	41853 
20	-0.7	-2	-1.1	976.8	965.2	972.1	27.7	311	14.3	NW	1.3	5	110	-1	41853 
21	-1.9	-6.6	-3.8	965.4	957.2	960.9	26.1	210	11.1	WNW	0.8	6	116	-1.2	41853 
22	-3.9	-7.6	-5.6	992.2	965.4	978.1	15.8	216	4	SW	0	0	111	-1.1	41853 
23	-0.6	-7.1	-4.7	995.5	987.8	991.9	14.2	116	6.3	SE	1.3	0	109	-1	41853 
24	2.1	-2.3	0.4	990.2	970.5	979.7	54.9	339	22.5	NNW	9.4	4	113	-1.2	41853 
25	0.3	-2.6	-1.3	985.6	975.6	980.7	37.1	285	17.5	WNW	0	0	110	-1.3	41853 
26	0.2	-1.3	-0.5	999.6	985.6	993.5	29.3	238	11.1	WSW	0	0	109	-1.2	41853 
27	0.6	-2	-0.8	999.1	995.2	996.3	12.8	127	4	SE	1.3	3	112	-1.2	41853 
28	1.6	-1.2	-0.5	996	991.4	993.1	9.5	85	2.4	WNW	0	0	110	-1.1	41853 
29	4.9	-1.8	0.6	992.1	982.5	988.7	44.2	18	12.1	NNE	4.8	0	105	-1	41853 
30	4.6	2	3.4	982.6	975.9	979.6	43.5	23	27.8	NNE	11.9	0	95	-1.2	31850 
31	4.2	1.4	2.5	975.9	969.6	972	55	17	28.9	N	21.6	0	82	-0.9	31850 
