******************************************************************************
Palmer Station Weather Highlights:       April 2016

        Temperature:    Abs Max:     5.2 C          Day: 5
                        Abs Min:   -11.3 C          Day: 20
                            Avg:    -2.8 C
                        Avg Max:    -0.9 C
                        Avg Min:    -4.7 C

        Pressure:       Abs Max:  1012.6 mb         Day: 25
                        Abs Min:   942.9 mb         Day: 6
                            Avg:   983.1 mb
                        Avg Max:   988.4 mb
                        Avg Min:   977.4 mb

        Wind:             Peak:       70 kts        Day: 6
                           Avg:       12 kts
                        Days Prevailing:      N: 5
                                             NE: 1
                                              E: 4
                                             SE: 0
                                              S: 6
                                             SW: 7
                                              W: 0
                                             NW: 7

        Precipitation:  Melted:     42.5 mm         YTD:   261.0 mm
                          Snow:       79 cm         YTD:     117 cm
        Maximum Snowstake Depth:      41 cm         Day: 11


============================= Daily Weather Data =============================
Column Titles:
        1. Day                        10. Wind 2-min Peak Direction  (degrees)
        2. Temperature High    (C)    11. Wind Average               (knots)
        3. Temperature Low     (C)    12. Wind Prevailing Direction
        4. Temperature Average (C)    13. Precipitation Melted       (mm)
        5. Pressure High      (mb)    14. Precipitation Snow         (cm)
        6. Pressure Low       (mb)    15. Depth at Snowstake         (cm)
        7. Pressure Average   (mb)    16. Sea Surface Temperature    (C)
        8. Wind 5-Sec Peak (knots)    17. Sea Ice                    (WMO code)
        9. Wind 2-Min Peak (knots)

 1  -0.9  -2.9  -2.0  982.7  979.5  980.9 19 16 276  6 NW  0.3  4    8  -0.9 0/9/0
 2  -1.8  -3.6  -2.6  983.7  979.8  981.2 24 22 200  7 S   0.0  0    6  -0.8 0/9/0
 3  -2.9  -4.8  -4.0  991.7  983.7  989.0 25 22 206 10 S   0.0  0    4  -0.8 0/9/0
 4   1.6  -5.4  -2.6  990.9  983.7  987.2 20 18 360  7 NE  0.0  0    4  -0.7 0/9/0
 5   5.2   0.4   3.4  983.9  956.9  973.2 57 50 341 26 N   8.1  0    0  -0.3 0/9/0
 6   4.5  -1.2   0.7  965.6  942.9  957.2 70 62 281 32 NW 15.0  0    0  -0.2 0/7/0
 7   1.3  -3.1  -0.5  981.7  965.6  971.7 26 23 002 12 NW  2.0  0    0  -0.7 0/7/0
 8  -0.4  -3.2  -1.8  997.6  981.5  991.9 26 23 022  9 SW  0.0  8    8  -0.8 0/9/0
 9   1.7  -2.3  -0.8  997.7  986.6  995.2 29 26 200  6 NW  2.5  0    6    -1 0/9/0
10   2.6  -4.1  -1.1  986.6  980.0  983.4 33 29 354 14 NW  2.3 23   29  -1.3 0/9/0
11  -0.9  -2.5  -1.7  986.8  978.9  983.3 31 27 193 13 SW  0.0 12   41  -1.5 0/9/0
12  -0.2  -4.5  -2.5  980.8  966.2  972.4 41 34 351 19 SW  2.3  0   26  -1.5 0/9/0
13   0.3  -4.6  -1.0  977.3  967.0  973.2 32 27 222 15 N   0.5  0   26  -1.3 0/9/0
14   0.2  -4.2  -2.6  972.4  966.8  970.5 34 29 017 13 N   0.3  7   33  -1.2 0/9/0
15  -2.4  -4.5  -3.7  972.6  964.2  967.4 40 35 065 20 E   0.0  0   21  -0.7 0/9/0
16  -3.6  -9.4  -6.0  981.9  972.6  976.5 25 22 104 11 E   0.0  0   20  -0.7 0/9/0
17  -4.0  -9.9  -6.1  984.7  981.8  983.6 18 15 230  8 S   0.0  0   19    -1 0/9/0
18  -3.6  -7.8  -5.7  986.9  983.7  985.5 17 14 200  6 S   0.0  0   18  -1.2 0/9/0
19  -3.8  -6.6  -5.0  985.8  971.4  977.2 25 21 223 10 SW  0.0  5   23  -1.2 0/9/0
20  -6.2 -11.3  -8.9  978.4  968.4  972.8 26 23 049 12 E   0.0  0   20  -1.1 0/9/0
21  -1.8  -7.6  -4.1  979.2  975.6  977.1 28 25 198 14 S   0.0  0   17  -1.1 0/9/0
22  -2.6  -6.4  -4.1  990.1  979.2  984.6 21 18 107  7 S   0.0  0   17  -1.4 0/9/0
23  -3.4  -6.6  -5.2 1000.8  990.1  996.7 15 15 254  5 N   0.0  0   16  -1.5 0/9/0
24  -2.0  -4.5  -3.2 1007.9  992.8  999.2 29 22 116  8 E   0.8  3   19  -1.5 0/9/0
25  -1.6  -3.5  -2.5 1012.6 1007.9 1011.2  8  7 086  2 NW  0.0  3   22  -1.5 008/0
26   1.1  -1.9  -0.5 1010.0  988.3  998.8 41 36 001  9 N   5.6  0   22  -1.5 008/0
27  -0.5  -3.7  -2.4 1001.6  986.9  992.3 35 29 209 13 SW  1.5  3   25  -1.7 008/0
28  -0.4  -3.7  -1.5 1002.2  989.6  995.2 32 28 206 17 SW  1.3 10   35  -1.7 0/9/0
29  -0.2  -2.3  -0.8  996.3  975.9  986.8 36 30 276 16 NW  0.0  1   36  -1.7 0/9/0
30  -2.3  -6.5  -5.3  980.7  973.3  977.8 42 34 236 18 SW  0.0  0   35  -1.7 0/9/0
