******************************************************************************
Palmer Station Weather Highlights:       February 2016

        Temperature:    Abs Max:     7.2 C          Day: 27
                        Abs Min:    -2.9 C          Day: 11
                            Avg:     1.2 C
                        Avg Max:     3.0 C
                        Avg Min:    -0.2 C

        Pressure:       Abs Max:  1005.1 mb         Day: 2
                        Abs Min:   957.4 mb         Day: 16
                            Avg:   982.0 mb
                        Avg Max:   986.3 mb
                        Avg Min:   977.8 mb

        Wind:             Peak:       47 kts        Day: 18
                           Avg:        8 kts
                        Days Prevailing:      N: 4
                                             NE: 1
                                              E: 7
                                             SE: 1
                                              S: 1
                                             SW: 5
                                              W: 2
                                             NW: 8

        Precipitation:  Melted:     58.2 mm         YTD:   102.2 mm
                          Snow:        1 cm         YTD:       9 cm
        Maximum Snowstake Depth:       0 cm         Day: NA


============================= Daily Weather Data =============================
Column Titles:
        1. Day                        10. Wind 2-min Peak Direction  (degrees)
        2. Temperature High    (C)    11. Wind Average               (knots)
        3. Temperature Low     (C)    12. Wind Prevailing Direction
        4. Temperature Average (C)    13. Precipitation Melted       (mm)
        5. Pressure High      (mb)    14. Precipitation Snow         (cm)
        6. Pressure Low       (mb)    15. Depth at Snowstake         (cm)
        7. Pressure Average   (mb)    16. Sea Surface Temperature    (C)
        8. Wind 5-Sec Peak (knots)    17. Sea Ice                    (WMO code)
        9. Wind 2-Min Peak (knots)

February 2016
 1   1.7   0.0   0.6 1002.3  986.3  994.3 19 16 219  8 SW  0.0  0    0  -0.4 0/9/0
 2   2.6  -0.2   0.7 1005.1 1001.7 1003.7 17 15 228  5 SW  0.5  0    0  -0.4 0/9/0
 3   2.0  -0.3   0.5 1002.2  994.7  997.4 16 15 102  4 E   4.6  0    0   0.1 0/9/0
 4   2.7  -0.2   1.1  995.5  985.8  990.9 17 15 306  5 NW  7.1  0    0  -0.2 0/9/0
 5   1.2  -0.3   0.7  993.7  985.9  989.2 32 26 242 16 W   2.0  0    0  -0.9 0/9/0
 6   2.9  -0.6   0.5  995.3  993.0  994.4 17 14 226  6 SW  0.0  0    0  -0.9 0/9/0
 7   5.2   0.8   3.6  993.2  981.6  985.9 45 42 005 20 N   6.9  0    0  -0.3 0/9/0
 8   4.3   0.2   1.9  981.8  971.7  976.8 31 26 299  7 E   9.7  0    0   0.1 0/9/0
 9   4.9   1.4   3.2  971.7  961.2  964.9 32 28 079 12 E   0.0  0    0   0.3 0/9/0
10   3.1  -1.0   1.5  981.4  967.6  976.4 30 25 092  9 E   0.0  0    0   0.5 0/9/0
11   1.7  -2.9  -0.5  981.2  972.7  977.2 19 17 166  5 E   0.0  0    0   0.7 0/9/0
12   1.5  -0.6   0.3  980.8  974.7  977.9 14 13 333  4 S   0.0  0    0   0.9 0/9/0
13   1.9  -0.7   0.2  983.8  980.2  982.5 10  8 284  3 E   0.0  0    0   1.3 0/9/0
14   0.4  -0.8  -0.2  985.6  982.8  984.6 10  9 336  2 NW  1.3  0    0   1.1 0/9/0
15   0.9  -1.8  -0.6  982.8  968.9  976.9 21 17 060  4 SE  0.5  1    0   0.7 0/9/0
16   1.6  -1.0   0.4  968.9  957.4  961.3 41 34 051 17 E   0.0  0    0   0.6 0/9/0
17   1.2  -0.6   0.0  980.3  964.2  972.9 16 15 205  4 NW  0.0  0    0   0.6 0/9/0
18   1.5  -0.9   0.3  984.1  976.3  981.6 47 41 005 15 N   3.3  0    0   0.2 0/9/0
19   5.1   0.9   2.9  981.5  976.5  979.4 41 34 353 17 N   2.0  0    0   0.1 0/9/0
20   6.8   3.5   4.9  977.2  964.5  969.4 44 38 037 21 NE 18.5  0    0   0.4 0/9/0
21   7.1   1.0   2.5  970.3  962.9  966.3 20 18 126  4 NW  1.3  0    0   0.5 0/9/0
22   2.8   0.4   1.3  972.0  966.2  969.3 12 11 323  3 NW  0.0  0    0   0.4 0/9/0
23   2.3   0.0   1.0  972.6  966.4  968.4 10  9 115  3 NW  0.0  0    0   0.4 0/9/0
24   0.9  -0.6   0.1  977.3  972.4  975.0 15 12 228  7 SW  0.0  0    0  -0.2 0/9/0
25   2.1  -1.1   0.9  990.9  977.2  983.6 19 17 149  5 W   0.0  0    0   0.4 0/9/0
26   1.8  -1.0   0.2  995.7  990.9  994.4 12 11 100  5 NW  0.0  0    0   0.3 0/9/0
27   7.2   0.9   3.4  995.3  987.0  991.0 44 38 003 17 N   0.0  0    0   0.2 0/9/0
28   3.8   0.2   1.3  999.1  987.2  992.7 38 35 360 14 SW  0.5  0    0   0.5 0/9/0
29   6.1  -0.4   1.3 1000.4  997.9  999.8 12  9 234  3 NW  0.0  0    0   0.3 0/9/0
