******************************************************************************
Palmer Station Weather Highlights:       August, 2016

        Temperature:    Abs Max:   3.2 C Day: 30
                        Abs Min:   -17.6 C Day: 22
                            Avg:   -7.5 C

        Pressure:       Abs Max:   1014.2 mb Day: 12
                        Abs Min:   959 mb Day: 30
                            Avg:   990.1 mb

        Wind:             Peak:    61 kts Day: 6
                           Avg:    11.5 kts
                        Days Prevailing:
                                             NNE : 12
                                             ESE : 5
                                             NNW : 3
                                             N : 3
                                             SW : 3
                                             SSW : 2
                                             W : 1
                                             WSW : 1
                                             WNW : 1
                                             ENE : 0
                                             S : 0
                                             SSE : 0
                                             SE : 0
                                             NW : 0
                                             NE : 0
                                             E : 0


        Precipitation: Rainfall:      56.4 mm YTD: mm
                           Snow:      51 cm YTD: 272 cm
        Maximum Snowstake Depth:      102 cm Day: 4

============================= Daily Weather Data =============================
Column Titles:
        1. Day                         9. Wind 5-Sec Peak Direction
        2. Temperature High    (C)    10. Wind Average               (knots)
        3. Temperature Low     (C)    11. Wind Prevailing Direction
        4. Temperature Average (C)    12. Rainfall                   (mm)
        5. Pressure High      (mb)    13. Precipitation Snow         (cm)
        6. Pressure Low       (mb)    14. Depth at Snowstake         (cm)
        7. Pressure Average   (mb)    15. Sea Surface Temperature    (C)
        8. Wind 5-Sec Peak (knots)    16. Sea Ice                    (WMO code)

01  -0.8  -8.3  -2.9  988.3  979.1  982.8 44.8 227 19.7 W    0   14  86 -1.8 21842
02  -6.8 -11    -9.1  998.5  988    994.5 31.8 207  9.5 SSW  0    0  86 -1.8 31843
03  -0.8  -9.6  -2.9  995.8  976.2  982.1 50.1 360 17.2 NNW  2.8  5  91 -1.8 31853
04  -2.6 -12    -7.7  985.3  979.2  982.8 19.6 286  6.9 WNW  0   11 102 -1.8 31853
05  -0.9  -7.6  -2.4  983.7  977.1  981.2 58     3 20.3 NNE  0.3  0  92 -1.8 31851
06  2.4   -1.8   0.5  982.8  969.2  976.5 60.8  12 30.9 NNE 18.8  0  82 -1.7 31851
07  0     -3.4  -1.7  974.5  962.6  969.1 47     1 19.5 N    1    0  80 -1.7 11850
08 -2.9   -8    -5    964.7  962.3  963.8 31.7 319 15.9 NNW  0    8  88 -1.7 11850
09 -5.7  -13.2  -9.5  977.5  960.5  965.8 31.3 221 15.1 SW   0    0  88 -1.8 21853
10 -11.4 -14.2 -13.1 1005.9  977.5  992.9 34.2 201 13.1 SW   0    0  87 -1.8 31853
11 -11.5 -14   -12.7 1011.7 1005.8 1009.9 6.5    5  2.4 NNE  0.5  0  87 -1.8 31853
12  -9.7 -14   -12.1 1014.2 1009.6 1012.5 7.2   76  2   NNE  0    0  87 -1.8 32853
13  -3.9 -12.5  -7.2 1009.6  997.7 1003.3 41.5 100 12.1 ESE  0    0  84 -1.7 32851
14  -4.1  -9.2  -6    997.8  987    992.2 27.1 113  5.2 N    0    0  84 -1.8 32851
15  -4.6 -10.6  -7.9  993    981.8  987.5 46.1 106 16.7 ESE  0    0  80 -1.7 32851
16  -4.4 -10.2  -8.1  993.7  991.6  992.5 24.7 141  5.6 NNE  0    0  80 -1.7 32851
17  -8.4 -11.9  -9.8  996.8  993.6  995.5 11.2 202  4.1 SW   0    1  81 -1.7 32851
18 -10.5 -14.2 -12.5  997    994.3  995.4 11.2 202  2   ESE  0    1  82 -1.7 32851
19  -9.1 -13.2 -11.3  996.3  993.4  994.6 24.5 130  7.4 WSW  0    2  84 -1.7 32853
20 -11.4 -14.2 -12.7 1012.1  996.2 1007   26.7 119  8.3 ESE  0    0  84 -1.7 32852
21 -13.6 -16.3 -14.8 1011.1 1004.8 1008.8  7.1   8  3.7 NNE  0    0  83 -1.7 32852
22 -13   -17.6 -15.1 1004.8  999.1 1001.1 11.5  47  2.9 NNE  0    0  82 -1.7 32852
23 -10.9 -15.4 -13   1001.7  999    999.8 19.2  35  5.4 NNE  0    0  82 -1.8 11850
24  -9.9 -12.6 -11.3 1003.5 1001.6 1003   16.5  30  4.2 NNE  0    0  82 -1.7 11850
25  -3.1 -10.2  -8.1 1003.4  995.3 1000.6 21.9 135  7.1 NNE  0    0  82 -1.7 11850
26  -3.3  -7.2  -4.8 1004.7  994.9  999.7 18.6 126  6.2 NNW  0.5  4  86 -1.6 11800
27   2.5  -8.3  -4   1005.3  999.5 1003.7 37    12  6.1 NNE  0    0  86 -1.7 11800
28   2.8   0.7   1.7  999.5  980.4  989.4 55.2   6 36.3 NNE 31.2  0  75 -1.3 11800
29   2.8  -1.1   0.9  981.7  969    977.8 50.1   3 24   N    1.3  0  75 -1   0/8//
30   3.2  -7    -1.3  969    959    961.6 29    96 12.5 ESE  0    0  75 -1   0/8//
31  -6.9 -10.2  -8.7  976.8  963.6  967.1 23.8 204 13.1 SSW  0    5  80 -1.3 0/8//
