******************************************************************************
Palmer Station Weather Highlights:       December, 2016

        Temperature:    Abs Max:   6.4 C Day: 18
                        Abs Min:   -3.4 C Day: 16
                            Avg:   .9 C

        Pressure:       Abs Max:   997.7 mb Day: 13
                        Abs Min:   968.6 mb Day: 17
                            Avg:   988.3 mb

        Wind:             Peak:    45 kts Day: 5
                           Avg:    4.8 kts
                        Days Prevailing:
                                             ESE : 7 
                                             NNW : 5 
                                             NW : 4 
                                             SE : 4 
                                             N : 3 
                                             E : 2 
                                             WNW : 2 
                                             NE : 1 
                                             SSW : 1 
                                             WSW : 1 
                                             SW : 1 
                                             W : 0 
                                             SSE : 0 
                                             S : 0 
                                             ENE : 0 
                                             NNE : 0 


        Precipitation: Rainfall:      5.8 mm YTD:	mm
                           Snow:      1 cm YTD:	cm
        Maximum Snowstake Depth:      47 cm Day: 1

============================= Daily Weather Data ============================= 
Column Titles:
        1. Day                         9. Wind 5-Sec Peak Direction 
        2. Temperature High    (C)    10. Wind Average               (knots)
        3. Temperature Low     (C)    11. Wind Prevailing Direction
        4. Temperature Average (C)    12. Rainfall                   (mm)
        5. Pressure High      (mb)    13. Precipitation Snow         (cm)
        6. Pressure Low       (mb)    14. Depth at Snowstake         (cm)
        7. Pressure Average   (mb)    15. Sea Surface Temperature    (C)
        8. Wind 5-Sec Peak (knots)    16. Sea Ice                    (WMO code)

01	2.9	-1.2	-0.3	987.8	970.5	980.4	13.1	307	7	NW	0	0	47	-0.7	1/850 
02	1.1	-2.3	-0.9	997.4	987.8	993.6	15.9	226	5.6	WSW	0	0	45	-0.7	41853 
03	2.6	-2.7	-0.3	997.3	992.8	995.4	9.8	334	1.8	NE	0	0	39	-0.5	51853 
04	2.6	0	0.8	993.3	990.3	992.5	23.5	67	3.1	SE	0	0	37	-1	51853 
05	3.2	0.2	1.6	990.3	983.3	986.7	45.4	5	16.3	N	0	0	34	-1.2	31851 
06	1.1	-1.2	0.1	987.3	983.9	985.3	22.8	6	12	N	1.8	0	30	-0.9	21850 
07	0.7	-2.7	-1	994.7	984.8	991.4	16.5	92	4.1	WNW	0	1	31	-0.8	21850 
08	0.6	-3.2	-1.5	994.4	990.4	992.6	10.8	117	3.8	ESE	0	0	26	-0.9	21852 
09	1.3	-0.6	0.2	990.4	988.2	989.2	13.8	12	3.8	ESE	0	0	23	-0.3	21851 
10	0.5	-0.5	0	992.8	989.1	991.2	8.5	1	2.7	E	0	0	21	-0.3	21850 
11	0.2	-1.3	-0.6	992.4	990.1	991.1	10.8	220	1.9	SSW	0	0	20	-0.6	21853 
12	0.2	-1.8	-1.1	995.8	990.9	993.3	9.9	212	4.8	SW	0	0	17	-0.8	41853 
13	1.2	-0.9	0.1	997.7	995.7	996.8	11.4	323	6.3	NW	0.5	0	14	-1	51853 
14	6.1	-0.4	1.4	996.2	979.2	987.8	19.9	45	4.7	SE	0.5	0	10	-1.1	41851 
15	4.4	0.4	1.7	979.2	973.6	975.7	25.5	1	3.1	SE	1.3	0	6	-0.7	31851 
16	6.2	-3.4	1.1	977.3	969.7	974.6	29.3	112	5.4	ESE	0	0	0	-0.7	41853 
17	4.7	1.2	3.1	972.8	968.6	970.1	35.4	75	9.8	ESE	0	0	0	-0.4	2/850 
18	6.4	1.6	3.5	984.3	972.8	979.1	25.4	55	2.8	NW	0	0	0	0.2	2/850 
19	4.6	0.4	2.2	989.7	984.3	987.3	16.3	104	3.7	ESE	0	0	0	0.5	2/850 
20	2.7	0.8	1.6	991.3	989.2	990.6	10.5	257	2.9	WNW	0	0	0	0.9	2/850 
21	2	0.5	1.1	990.4	989.1	989.8	6.7	310	2.1	NW	0.3	0	0	0.8	2/853 
22	4.6	-0.8	1.7	989.5	987	987.9	22.5	83	6	ESE	0	0	0	0.8	2/850 
23	5	1.3	2.6	994.6	989.4	991.8	18.1	17	4.6	E	0	0	0	0.8	2/850 
24	2.2	0.5	1.4	995.7	993.3	994.9	9	349	1.5	SE	0	0	0	1	2/850 
25	1.3	-0.5	0.5	993.3	987.6	990.2	11.7	288	3.6	NNW	0	0	0	1	2/850 
26	3.9	-0.1	1.5	987.6	982.1	984.3	11.5	45	3.9	NNW	0	0	0	1.4	2/850 
27	4.5	-0.4	2	989.1	982.6	986.2	17.7	90	6.2	NNW	0	0	0	1.6	2/850 
28	3.2	-0.1	1.2	989.4	988.7	989.1	14.7	2	4.3	N	1	0	0	1.7	2/850 
29	3.6	-0.7	1	991.2	988.1	989.1	11.1	354	3.7	ESE	0	0	0	2	2/850 
30	3	-0.2	1.2	994.6	991.2	992.9	13.9	254	3.5	NNW	0	0	0	2	2/850 
31	4.3	0.2	1.7	996.5	994.4	995.4	13	263	4.2	NNW	0.5	2.4	
