Palmer Station Weather Highlights:       June, 2016
 
        Temperature:    Abs Max:   4.5 C              Day: 17
                        Abs Min:   -9.8 C             Day: 3
                            Avg:   -2 C
 
        Pressure:       Abs Max:   1004.4 mb          Day: 6
                        Abs Min:   955.7 mb           Day: 13
                            Avg:   985.7 mb
 
        Wind:             Peak:    71 kts             Day: 24
                           Avg:    12.1 kts
                        Days Prevailing:
                                             ESE : 7
                                             NNW : 5
                                             NNE : 4
                                             SW : 4
                                             NW : 2
                                             N : 2
                                             WSW : 2
                                             SSW : 1
                                             SE : 1
                                             W : 1
                                             WNW : 1
                                             ENE : 0
                                             SSE : 0
                                             S : 0
                                             E : 0
                                             NE : 0
 
 
        Precipitation: Rainfall:      81.8 mm               YTD: 382.4 mm
                           Snow:      43 cm                 YTD: 205 cm
        Maximum Snowstake Depth:      71 cm                 Day: 22
 
============================= Daily Weather Data ============================= Column Titles:
        1. Day                         9. Wind 5-Sec Peak Direction
        2. Temperature High    (C)    10. Wind Average               (knots)
        3. Temperature Low     (C)    11. Wind Prevailing Direction
        4. Temperature Average (C)    12. Rainfall                   (mm)
        5. Pressure High      (mb)    13. Precipitation Snow         (cm)
        6. Pressure Low       (mb)    14. Depth at Snowstake         (cm)
        7. Pressure Average   (mb)    15. Sea Surface Temperature    (C)
        8. Wind 5-Sec Peak (knots)    16. Sea Ice                    (WMO code)
 
01   -2.4 -3.4 -2.9 1001.7     987.8      992.4      15   131  4    ESE  0.5  1     53   -1.6 0/9/0
02   -1.7 -6.4 -3.8  993.5     990.2      991.7      26.9 210  12   SW   0    1     54   -1.7 0/9/0
03   -6.3 -9.8 -8.3 1003.4     992.9      999.2      22.7 242  9.1  SW   0    0     53   -1.8 0/9/0
04   -3.2 -8.7 -5.7 1003.3     997.7      999.7      11.2 123  2.3  WNW  0    0     53   -1.8 0/9/0
05   -2.8 -3.6 -3.1 1001.3     998.9     1000        13.4 104  3.3  ESE  0    0     53   -1.7 0/9/0
06   -2.1 -5   -3.2 1004.4     1001.3     1002.4     29.4 10   8.8  SE   0    0     53   -1.6 0/9/0
07   -3.5 -6.1 -4.9 1004.4     996.7      1001.4     21.2 224  7.3  SW   0    2     55   -1.7 0/9/0
08   -4.3 -7.9 -6.3 1002.2     997.2      1000.2     15.1 220  6.8  SW   0    2     57   -1.7 0/9/0
09      0 -4.8 -2.2  999.1     989.7      994.6      21.5 344  4.8  NNW  1.8  2     59   -1.7 0/9/0
10   -0.2 -2.8 -1.6  989.7     980.9      984.5      15.9 107  2.9  ESE  0.3  2     61   -1.7 0/9/0
11    2.2 -1.3 -0.2  985.1     962.8      979.5      26.7 19   7.2  ESE  2.3  3     64   -1.7 0/9/0
12    2.3 -3.2 -1.1  980.3     960.7      972.3      45.4 256  12.2 NNW  0.5  0     63   -1.7 0/9/0
13   -0.4 -3.3 -1.8  977.1     955.7      963.3      46.2 69   17.2 ESE  0    0     63   -1.6 0/9/0
14   -2.1 -7.4 -4.8  989       969.1      982.6      18.5 360  7.2  WSW  0    0     62   -1.7 0/9/0
15    3.2 -5.8 -0.3  987.4     974.9      979.7      38.5 8    14.4 N    8.6  6     68   -1.7 0/9/0
16    1.8 -2.8 -1    991.6     974.7      986.3      39   16   9.7  NNW  1.5  1     69   -1.6 0/9/0
17    4.5 -2.2  1.1  990.9     980.2      985.8      48.7 11   11.7 ESE  5.6  0     61   -1.5 0/9/0
18    2.6 -1.3  0    990.5     983.3      986.8      37.3 8    13.8 NNE  4.3  1     62   -1.4 0/9/0
19    2.7 -1.1  1.2  986.6     977.3      981.4      53.6 333  18.2 NNW  11.4 0     60   -1.4 0/9/0
20   -1   -3.3 -2.3  993.7     973.8      984.2      34.1 208  13.5 SSW  2.3  0     58   -1.6 0/9/0
21    1.3 -2.4 -0.1  991.9     974.8      978.9      47.5 23   24   NNE  4.1  1     59   -1.4 0/9/0
22   -0.3 -2.8 -1.5  998.3     975.4      988        19.8 269  10.7 W    0.3  12    71   -1.6 0/9/0
23    4.4 -2.9  1    998.2     982.9      990.8      50.8 29   25.7 NNE  8.4  0     71   -1.4 0/9/0
24    2.7 -3.4 -0.6  990.4     972.1      985.1      71.4 8    16.3 NNE  12.4 0     61   -1.3 0/9/0
25    3.4  0    1.3  977.7     956.1      966.6      57.8 4    32.9 NNW  6.1  2     63   -1.2 0/9/0
26    0.8 -1   -0.1  982.7     968.4      973        46.2 327  21.8 NW   0    0     62   -1.2 0/9/0
27    0.3 -3.1 -1.4  989.9     982.1      984.8      37.6 321  12.2 NW   0    0     62   -1.2 0/9/0
28    0.8 -5   -1.4  996       985.1      990.5      59.6 16   19.3 N    7.1  0     62   -1.5 0/9/0
29    1.1 -1.7 -0.6  985.3     968.1      974.7      34.7 11   6.2  ESE  3.6  7     69   -1.4 0/9/0
30   -1.5 -6.2 -4.4  974.8     968.2      970.8      25.8 239  8.1  WSW  0.8  0     65   -1.6 0/9/0
