******************************************************************************
Palmer Station Weather Highlights:       July, 2016

        Temperature:    Abs Max:   4.4 C Day: 16
                        Abs Min:   -16 C Day: 6
                            Avg:   -6.7 C

        Pressure:       Abs Max:   1018.9 mb Day: 15
                        Abs Min:   949.4 mb Day: 3
                            Avg:   993.2 mb

        Wind:             Peak:    58 kts Day: 17
                           Avg:    9.6 kts
                        Days Prevailing:
                                             NNE : 7
                                             N : 4
                                             NW : 4
                                             SW : 3
                                             NNW : 3
                                             SSW : 3
                                             ESE : 2
                                             S : 1
                                             NE : 1
                                             ENE : 1
                                             W : 1
                                             WNW : 1
                                             SSE : 0
                                             WSW : 0
                                             E : 0
                                             SE : 0


        Precipitation: Rainfall:      24.1 mm YTD: mm
                           Snow:      16 cm YTD: 221 cm
        Maximum Snowstake Depth:      72 cm Day: 28

============================= Daily Weather Data =============================
Column Titles:
        1. Day                         9. Wind 5-Sec Peak Direction
        2. Temperature High    (C)    10. Wind Average               (knots)
        3. Temperature Low     (C)    11. Wind Prevailing Direction
        4. Temperature Average (C)    12. Rainfall                   (mm)
        5. Pressure High      (mb)    13. Precipitation Snow         (cm)
        6. Pressure Low       (mb)    14. Depth at Snowstake         (cm)
        7. Pressure Average   (mb)    15. Sea Surface Temperature    (C)
        8. Wind 5-Sec Peak (knots)    16. Sea Ice                    (WMO code)

01 -5 -8.3 -6.4 992.1 974.8 986.1 17.7 235 7.3 SW 0 0 65 -1.7 0/9/0
02 0.3 -5.6 -1.8 991.7 961 979.5 57.5 340 23.5 NNW 5.8 4 69 -1.7 0/9/0
03 -3.8 -9.8 -6.5 968 949.4 958.3 46.2 289 19.5 WNW 0 0 67 -1.8 0/9/0
04 -6.6 -15.9 -11.7 965.9 953 961.1 37.1 226 18.1 SSW 0 0 66 -1.8 0/9/0
05 -14.7 -15.8 -15.3 974 964.3 970.1 31 206 14.6 SSW 0 0 66 -1.8 30933
06 -9.3 -16 -14.1 987 973.9 978 28.5 116 10.8 S 0 0 66 -1.7 30953
07 -7.6 -11.4 -9.7 1000.4 987 995.7 11.2 98 3 NNE 2 1 67 -1.8 31953
08 -8.6 -10.4 -9.5 1001.6 1000.3 1001.1 12 210 3.4 NNW 0 0 67 -1.8 31951
09 -9.8 -11.6 -10.4 1007.2 1000.5 1003 8.9 326 2.5 ENE 0 0 67 -1.7 31952
10 -9.2 -13.5 -11.1 1008 1006.1 1007.2 6.9 76 1.3 NNE 0 0 67 -1.7 31952
11 -9.3 -13.2 -11.4 1008.6 1005.9 1007.6 6.9 NE 0 0 67 -1.7 31952
12 -7.3 -10 -8.6 1005.9 1000.4 1002.5 2.9 116 NNE 0 0 67 -1.7 32952
13 -6.7 -10.1 -8.3 1011.1 1001.3 1005.9 9.3 332 1.5 N 0 0 67 -1.7 32941
14 -1 -9.3 -4.5 1015.6 1011.1 1013.2 13.3 99 2.6 ESE 0.3 1 68 -1.8 32941
15 2.5 -3.1 -1.3 1018.9 1015.2 1017.1 28.7 19 2.2 ESE 0 0 68 -1.8 22941
16 4.4 -2.7 1.9 1017.3 1009.9 1014.2 57.5 13 28.4 NNE 1.3 0 68 -1.7 12950
17 2.3 0.2 1 1013 998.2 1006.4 57.9 9 28.1 NNE 4.8 0 68 -1.5 0/9/0
18 3.3 -0.3 1.2 1002.3 991.7 997.4 43.1 352 13.5 N 1 0 66 -1.5 0/9/0
19 3.2 0.1 1 991.9 977.7 983.4 44.6 1 27.1 N 4.3 0 66 -1.4 0/9/0
20 1.1 -4.7 -0.8 982.7 973.6 977.7 45.5 360 22.3 N 0.3 4 70 -1.5 0/9/0
21 -2.6 -6.4 -4.5 975.1 962.6 968.9 37 10 12.5 NNE 0.8 0 69 -1.7 0/9/0
22 -4.1 -7.8 -6 974.9 961.2 966.6 32.6 48 10.9 NNE 1.8 0 69 -1.7 0/9/0
23 -6.8 -12.7 -9.7 986.6 974.9 981.4 19.4 259 10.2 SW 0 0 67 -1.8 20952
24 -11.8 -13.9 -12.9 993.5 986.5 991.4 19 189 6.7 SW 0 0 67 -1.7 21943
25 -12.1 -15.2 -13.4 999.7 991.1 993.7 14.5 195 4.9 SSW 0 0 67 -1.7 21943
26 -7.8 -14.4 -12.6 1009.1 999.7 1006.1 12.6 328 4.5 NW 0 0 67 -1.7 21943
27 -1 -8.1 -3.7 1008.7 1004.7 1006.8 15.2 322 7.6 NW 0 0 67 -1.7 21943
28 -0.7 -6.1 -2.5 1007.2 1004.4 1006.4 15 322 5.3 NW 0 5 72 -1.7 21941
29 -2.8 -7.6 -5.5 1004.5 999.5 1001.2 15 NW 0 0 71 -1.8 21842
30 -2.6 -8.4 -6.4 1004.8 1000.3 1003.2 15 W 0 1 72 -1.8 21842
31 1 -9.7 -5.4 1005.3 985.7 999 41.8 316 6.3 NNW 1.8 -1.8 
