******************************************************************************
Palmer Station Weather Highlights:       November, 2016

        Temperature:    Abs Max:   6.1 C Day: 30
                        Abs Min:   -8.2 C Day: 10
                            Avg:   -1.3 C

        Pressure:       Abs Max:   1010.8 mb Day: 19
                        Abs Min:   950.3 mb Day: 3
                            Avg:   980.7 mb

        Wind:             Peak:    51 kts Day: 1
                           Avg:    7.8 kts
                        Days Prevailing:
                                             NW : 6 
                                             NNE : 5 
                                             NNW : 4 
                                             ESE : 4 
                                             E : 3 
                                             SW : 2 
                                             SE : 2 
                                             S : 1 
                                             WNW : 1 
                                             SSW : 1 
                                             N : 1 
                                             W : 0 
                                             SSE : 0 
                                             ENE : 0 
                                             NE : 0 
                                             WSW : 0 


        Precipitation: Rainfall:      35.1 mm YTD:	mm
                           Snow:      26 cm YTD:	398 cm
        Maximum Snowstake Depth:      84 cm Day: 4

============================= Daily Weather Data ============================= 
Column Titles:
        1. Day                         9. Wind 5-Sec Peak Direction 
        2. Temperature High    (C)    10. Wind Average               (knots)
        3. Temperature Low     (C)    11. Wind Prevailing Direction
        4. Temperature Average (C)    12. Rainfall                   (mm)
        5. Pressure High      (mb)    13. Precipitation Snow         (cm)
        6. Pressure Low       (mb)    14. Depth at Snowstake         (cm)
        7. Pressure Average   (mb)    15. Sea Surface Temperature    (C)
        8. Wind 5-Sec Peak (knots)    16. Sea Ice                    (WMO code)

01	2.3	-1.8	1	969.7	956.4	962.6	50.9	22	23.4	NNE	3.3	0	78	-0.8	31850 
02	2.2	-1.8	-0.5	973.5	959.7	969.3	31.6	9	13.7	NW	0.3	3	81	-0.8	31850 
03	3.7	-0.4	1.6	959.7	950.3	953.8	37.4	18	18.5	NNE	2	0	79	-0.8	31850 
04	0.8	-2.8	-1.3	958.9	952.4	957.1	31.1	343	17.9	NNW	0.5	5	84	-1	31850 
05	-1.5	-6	-3.3	962.3	953	956.1	17.9	224	6.5	SW	0	0	82	-1	41850 
06	-0.7	-3.7	-2.1	969.9	962.3	966.4	12.6	258	6.5	NW	0	0	82	-0.8	51853 
07	-1.2	-3.3	-2.3	974.6	969.9	971.8	10.6	301	4.5	NW	0	0	80	-0.7	51853 
08	-0.5	-7.5	-3.6	977.9	974.6	975.9	8.7	148	2	N	0	0	80	-0.7	51853 
09	-1.2	-7.2	-3.4	991	977.9	983.8	7.8	11	2.6	WNW	0	0	78	-0.7	51853 
10	-2.4	-8.2	-4.7	998.5	991	996.2	8.2	186	2.6	NNE	0	0	78	-0.8	51853 
11	-1.2	-4.1	-3.1	997.6	984.5	991.7	8.7	82	2.4	NW	0	0	78	-0.8	51853 
12	-0.3	-6.7	-3.2	984.5	980.8	981.9	17.9	59	6.5	E	0	0	78	-0.8	51853 
13	-1.2	-5.8	-3.1	980.9	977.8	979.5	23.8	57	12	E	0	0	77	-1.1	41851 
14	-1.2	-4.6	-2.8	981.9	978.3	979.9	16.3	172	5	S	0	0	77	-1.1	31850 
15	-2.3	-5	-3.8	986	981.8	984	10.4	210	2.8	NNE	0	0	77	-0.9	31850 
16	-3.4	-5.1	-4.5	988.4	986	987.4	11.3	205	4.7	SSW	0	0	76	-0.7	41850 
17	-1.5	-5.6	-4.2	993.5	986.9	990.9	8.4	203	2	ESE	0	0	76	-0.9	51853 
18	1.2	-4.6	-1.9	1001.8	993.5	996.6	6.8	312	1.6	NNW	0	9	76	-0.8	41850 
19	2.1	-3.9	-0.7	1010.8	1001.7	1007	8.1	279	2.5	NNE	0	0	72	-1	41853 
20	2.2	-1.7	-0.2	1010.6	996	1005.7	13.9	102	2.9	SE	0.8	0	69	-1.1	41850 
21	0.6	-1.5	-0.5	999	992.2	995	13.2	220	4	SW	1.8	1	70	-0.9	41853 
22	2	-2.3	-1.2	1001.3	990.5	998.5	22.3	145	4.1	ESE	0.8	0	66	-0.9	41853 
23	5.4	1.1	2.7	990.8	976.3	980.5	45.5	19	21.2	NNW	14	0	60	-1.2	31850 
24	2.3	-0.6	0.8	981.1	978.3	979.8	29.3	348	15.7	NNW	0.8	0	57	-1.3	21853 
25	0.3	-1.8	-0.6	984	978.2	980.1	22.9	335	8.2	NW	3.6	8	65	-1.2	21850 
26	1.1	-2.4	-0.9	991.3	984	988.7	9.5	1	2.1	NW	0	0	58	-1.1	21853 
27	3.3	-1.4	0.6	989.6	974.8	980.4	26.4	87	6.9	ESE	4.6	0	58	-0.9	21850 
28	4.7	0.5	1.9	983.5	974.6	977.2	21.4	360	3.8	SE	2.8	0	54	-0.8	21850 
29	3.1	0.1	1.1	985.8	969.6	981	29.3	62	5.2	ESE	0	0	53	-0.7	21850 
30	6.1	1	2.8	970.8	958.8	963.4	45.9	73	21.7	E	0	0	49	-0.8	1/850 
