********************************************************************************
Palmer Station Weather Highlights:       October 2012

        Temperature:    Abs Max:     5.3 C          Day: 3
                        Abs Min:   -14.3 C          Day: 15
                            Avg:    -4.0 C
                        Avg Max:    -0.5 C
                        Avg Min:    -6.7 C

        Pressure:       Abs Max:  1003.6 mb         Day: 1
                        Abs Min:   958.2 mb         Day: 28
                            Avg:   981.1 mb
                        Avg Max:   986.9 mb
                        Avg Min:   974.9 mb

        Wind:             Peak:       44 kts        Day: 3
                           Avg:        9 kts
                        Days Prevailing:      N: 4
                                             NE: 4
                                              E: 2
                                             SE: 7
                                              S: 0
                                             SW: 7
                                              W: 1
                                             NW: 6

        Precipitation:  Melted:     26.7 mm         YTD:   345.3 mm
                          Snow:       37 cm         YTD:     286 cm
                Maximum Snowstake Depth:      96 cm Day: 19


============================== Daily Weather Data
==============================
Column Titles:
        1. Day                         9. Wind 2-Min Peak(knots)
        2. Temperature High    (C)    10. Wind 2-min Peak Direction(degrees)
        3. Temperature Low     (C)    11. Wind Average(knots)
        4. Temperature Average (C)    12. Wind Prevailing Direction
        5. Pressure High      (mb)    13. Precipitation Melted(mm)
        6. Pressure Low       (mb)    14. Precipitation Snow(cm)
        7. Pressure Average   (mb)    15. Depth at Snowstake(cm)
        8. Wind 5-Sec Peak (knots)    16. Sea Temp/Ice(WMO code)

 1   1.5  -1.8  -0.4 1003.6  973.9  990.2 31 22 117  6 SE  2.3  0  700101522690
 2   0.4  -1.7  -0.9  986.9  971.2  976.9 33 28 025 15 N   0.8  4  710101722690
 3   5.3  -2.8   1.3  988.3  985.3  987.1 44 35 022  9 SE  0.8  1  720101422690
 4   3.0  -3.4  -0.1  989.2  980.7  986.9 21 17 037  3 SE  0.0  0  690101022690
 5  -0.2  -4.8  -2.6  980.7  974.1  976.0 14 12 336  4 NW  0.0  0  680101521690
 6  -0.2  -3.4  -1.8  981.0  976.2  978.3 15 13 232  6 NW  0.5  3  700101522690
 7   0.3  -3.8  -2.2  981.0  969.1  975.1 33 26 074  8 E   0.0  0  690101421690
 8  -1.1  -5.4  -2.9  988.6  971.4  981.1 16 14 246  7 W   0.5  0  670101421690
 9  -4.4  -9.2  -7.0  999.6  988.3  994.0 22 16 222  8 SW  0.0  0  670101622690
10  -0.5  -5.9  -3.4 1000.0  993.0  997.2 15 12 225  5 NW  0.0  0  670101552796
11   1.0  -2.6  -1.0  993.0  980.3  984.5 17 13 335  8 NW  7.4  1  670101552796
12   0.4  -1.2  -0.3  981.8  970.2  975.7 41 34 336 18 N   2.8  8  880101642794
13  -0.1  -6.7  -2.5  980.7  964.0  970.8 32 25 245 12 NW  1.5  3  920101653796
14  -1.2  -9.6  -3.4  980.0  973.0  975.0 37 28 223 12 NW  0.5  1  900101644794
15  -3.7 -14.3 -10.9  996.9  977.2  990.3 35 27 229 11 SW  0.0  0  890101654696
16   2.0  -7.1  -2.7  990.1  968.6  976.2 29 23 246 12 N   1.5  4  910101654695
17  -6.6 -11.8  -9.1  990.1  978.1  985.9 22 18 236 10 SW  0.0  2  900101655696
18  -5.9 -11.7  -9.6  990.4  974.7  985.2 17 12 211  5 SW  0.0  0  890101755696
19  -1.0 -10.4  -7.6  987.6  974.4  979.4 23 16 206  8 SE  0.3  4  960101656695
20  -1.7 -13.4  -9.0  996.5  987.6  991.5 30 23 120  8 NE  0.0  0  920101656694
21  -1.2 -14.1  -8.6  996.7  994.9  995.7 21 15 099  3 NE  0.0  0  900101646694
22  -0.8 -10.4  -5.5  996.1  979.2  991.7 38 26 131  8 SE  0.0  0  890101754695
23   1.8  -2.6  -0.6  979.5  968.2  973.0 40 33 026 11 SE  7.6  1  890101734692
24   3.5  -2.6  -0.9  974.8  960.5  968.8 33 28 036 12 N   0.0  5  960101634691
25  -1.0  -5.5  -3.4  969.6  960.7  963.8 38 29 122 12 SE  0.0  0  960101324791
26  -3.0  -6.6  -5.0  978.7  969.7  975.1 12 10 340  5 NE  0.0  0  940101423791
27  -2.1  -5.9  -4.3  978.6  964.3  972.7 22 18 043  9 NE  0.0  0  940101223790
28   2.3  -5.9  -3.4  965.6  958.2  960.9 21 18 230  7 SW  0.0  0  930100823890
29  -5.9  -8.0  -7.4  984.2  965.6  975.2 25 22 235 16 SW  0.0  0  910101623890
30   2.0  -7.5  -5.1  992.4  984.1  988.9 22 19 246  9 SW  0.0  0  910101722793
31   0.4  -7.1  -3.6  992.5  985.5  990.0 22 17 074  6 E   0.3  0  900101223792
