********************************************************************************
Palmer Station Weather Highlights:       April 2012

        Temperature:    Abs Max:     4.8 C          Day: 30
                        Abs Min:    -6.4 C          Day: 18
                            Avg:    -0.8 C
                        Avg Max:     1.1 C
                        Avg Min:    -2.7 C

        Pressure:       Abs Max:  1020.8 mb         Day: 21
                        Abs Min:   951.8 mb         Day: 12
                            Avg:   993.0 mb
                        Avg Max:   997.5 mb
                        Avg Min:   988.4 mb

        Wind:             Peak:       62 kts        Day: 11
                           Avg:        9 kts
                        Days Prevailing:      N: 5
                                             NE: 7
                                              E: 6
                                             SE: 8
                                              S: 0
                                             SW: 2
                                              W: 0
                                             NW: 2

        Precipitation:  Melted:     23.9 mm         YTD:   176.6 mm
                          Snow:       23 cm         YTD:      61 cm
                Maximum Snowstake Depth:      17 cm Day: 17


============================== Daily Weather Data==============================
Column Titles:
        1. Day                         9. Wind 2-Min Peak(knots)
        2. Temperature High    (C)    10. Wind 2-min Peak Direction(degrees)
        3. Temperature Low     (C)    11. Wind Average(knots)
        4. Temperature Average (C)    12. Wind Prevailing Direction
        5. Pressure High      (mb)    13. Precipitation Melted(mm)
        6. Pressure Low       (mb)    14. Precipitation Snow(cm)
        7. Pressure Average   (mb)    15. Depth at Snowstake(cm)
        8. Wind 5-Sec Peak (knots)    16. Sea Temp/Ice(WMO code)

April 2012
 1   3.6   0.1   1.0  995.1  991.1  993.9 28 20 141 10 SE  0.0  0   0000080/4/0
 2   2.7  -0.3   1.2  994.9  985.9  991.4 32 23 067  5 E   0.0  0   0000050/4/0
 3   2.4  -0.6   1.1  987.1  974.6  979.0 52 34 072 21 E   0.0  0   0000090/4/0
 4   2.8  -1.4   0.4  987.4  979.7  985.2 46 37 045  9 NE  0.0  0   0000000/4/0
 5   3.1  -1.6   0.5  986.9  983.5  985.5 31 24 122  6 E   0.0  0   0000040/4/0
 6   0.4  -2.0  -0.7  992.4  985.3  988.6 25 21 022  8 E   0.0  0   0000030/4/0
 7  -0.3  -2.2  -1.2  999.0  992.2  996.1 33 26 026  9 NE  0.0  0   0000030/4/0
 8   0.2  -2.4  -0.7  998.0  994.4  996.5 32 27 026 14 NE  0.0  0   0000020/4/0
 9  -2.1  -4.8  -3.9  995.2  990.0  993.5 35 29 022 17 NE  0.0  0   0000020/4/0
10   0.6  -4.6  -3.0  990.3  988.7  989.4 29 18 101 11 SE  2.0  3   3000050/4/0
11   3.5  -0.7   1.9  989.0  954.2  967.8 62 48 037 22 NE  2.3  3   7000030/4/0
12   3.0   1.1   2.2  963.8  951.8  955.3 32 25 017 17 N   5.1  0   0000010/4/0
13   1.7  -1.7  -0.3  988.6  963.8  977.8 26 20 337 12 N   6.1  2   40101120452
14   1.8  -2.5  -0.2  988.5  975.7  981.6 30 24 077 10 E   0.3  4  14000020/4/0
15   2.7  -1.4   0.6  978.4  975.5  976.8 39 31 047 10 E   0.0  0  12000020/4/0
16   0.9  -3.2  -1.3  983.8  977.1  981.4 44 34 035 12 SE  1.8  0  10000020/4/0
17  -3.1  -5.8  -3.7  984.0  982.2  983.0 13 11 360  5 N   1.0  9  17010030/4/0
18  -1.8  -6.4  -4.2  984.0  982.1  983.2 27 21 074  7 N   0.0  0  12010000/4/0
19  -1.4  -4.2  -2.9  993.4  983.9  987.9 10  8 358  5 NE  0.0  0  10010090/4/0
20  -0.6  -3.5  -2.4 1007.1  993.4  999.4 14 11 214  5 SW  0.0  0   9010110/4/0
21  -0.4  -5.7  -3.3 1020.8 1007.1 1016.2 16 13 019  6 NE  0.0  0   9010050/4/0
22  -1.8  -4.8  -3.0 1020.2 1015.9 1018.5  8  6 168  2 SE  0.0  0   9010050/4/0
23   4.3  -4.7   0.1 1016.0 1000.4 1007.7 42 35 029  8 N   0.0  0   9010020/4/0
24   2.9  -1.3   0.1 1015.1 1001.6 1008.3 27 20 025  7 SW  0.0  0   4010000/4/0
25   1.3  -2.6  -0.7 1015.9 1011.3 1013.8 11  9 144  4 SE  0.0  0   3010040/4/0
26   1.1   0.0   0.4 1011.4 1007.2 1008.6 11  8 139  3 SE  4.6  0   3010010/4/0
27   0.3  -3.7  -1.5 1010.7 1008.7 1009.6  7  6 300  1 NW  0.3  1   4010060/4/0
28   0.9  -3.1  -1.2 1014.1 1009.6 1012.2 13 11 120  3 NW  0.5  1   5010070/4/0
29   0.3  -4.6  -2.2 1013.1 1000.7 1007.8 12 10 339  3 SE  0.0  0   5010110/4/0
30   4.8  -1.1   1.7 1000.7  985.0  993.3 37 28 034  6 SE  0.0  0   5010050/4/0
