********************************************************************************
Palmer Station Weather Highlights:       May 2012

        Temperature:    Abs Max:     6.4 C          Day: 13
                        Abs Min:    -8.2 C          Day: 27
                            Avg:    -0.5 C
                        Avg Max:     1.1 C
                        Avg Min:    -2.0 C

        Pressure:       Abs Max:  1012.4 mb         Day: 28
                        Abs Min:   959.3 mb         Day: 20
                            Avg:   990.7 mb
                        Avg Max:   995.6 mb
                        Avg Min:   986.2 mb

        Wind:             Peak:       51 kts        Day: 15
                           Avg:       10 kts
                        Days Prevailing:      N: 7
                                             NE: 10
                                              E: 3
                                             SE: 2
                                              S: 0
                                             SW: 6
                                              W: 1
                                             NW: 2

        Precipitation:  Melted:     21.9 mm         YTD:   198.5 mm
                          Snow:       31 cm         YTD:      92 cm
                Maximum Snowstake Depth:      21 cm Day: 24


============================== Daily Weather Data==============================
Column Titles:
        1. Day                         9. Wind 2-Min Peak(knots)
        2. Temperature High    (C)    10. Wind 2-min Peak Direction(degrees)
        3. Temperature Low     (C)    11. Wind Average(knots)
        4. Temperature Average (C)    12. Wind Prevailing Direction
        5. Pressure High      (mb)    13. Precipitation Melted(mm)
        6. Pressure Low       (mb)    14. Precipitation Snow(cm)
        7. Pressure Average   (mb)    15. Depth at Snowstake(cm)
        8. Wind 5-Sec Peak (knots)    16. Sea Temp/Ice(WMO code)

May 2012
 1   5.1   0.4   3.2  985.0  970.0  974.7 42 29 103 11 E   0.0  0   4 010020/4/0
 2   1.2  -0.7   0.1  983.7  974.4  978.9 15 11 141  4 SE  3.3  4   8 010040/4/0
 3  -0.5  -2.6  -1.6  990.7  983.7  986.5 10  7 094  3 N   0.0  0   8 010110/4/0
 4  -0.1  -2.6  -1.6 1004.3  990.7  997.8 10  9 034  3 W   0.0  0   7 010120/4/0
 5   2.8  -2.3   0.8 1005.3  994.8 1001.4 45 36 036 17 NE  0.0  0   7 010020/4/0
 6   3.4  -0.5   1.3  995.4  984.8  991.1 41 32 023 10 N   0.0  0   0 010030/4/0
 7   4.3  -0.1   1.8  996.0  982.1  986.9 36 27 038  5 NW  0.5  0   0 010030/4/0
 8   0.7  -1.9  -0.7 1006.8  996.0 1002.2 12  9 102  2 NW  0.0  0   0 010010/4/0
 9  -0.4  -2.1  -1.1 1007.6 1003.8 1006.4 19 15 020  4 N   0.0  0   0 010030/4/0
10  -1.3  -3.5  -2.1 1003.8 1001.0 1001.8 16 14 024  3 NE  0.0  0   0 010060/4/0
11   1.4  -2.4  -0.5 1002.1  996.4  998.7 25 16 140  6 SE  1.3  1   1 010020/4/0
12   5.9   0.3   3.4  996.5  987.7  990.8 42 35 041 18 NE  1.8  0   0 010000/4/0
13   6.4   1.9   3.9  993.2  987.0  991.1 48 37 031 12 NE  0.0  0   0 000010/4/0
14   4.9   1.7   3.3  997.1  986.5  991.1 50 38 037 19 NE  1.0  0   0 000020/4/0
15   4.7   1.4   2.5 1000.8  988.4  995.9 51 40 042 21 NE  0.3  0   0 000020/4/0
16   3.4  -0.8   1.0  995.4  989.7  993.0 28 24 044  6 NE  0.0  0   0 000000/4/0
17   3.4  -0.5   1.2  993.0  986.8  989.0 32 26 019 10 NE  0.0  0   0 010050/4/0
18   2.0   0.4   1.1  994.4  989.2  992.5 35 26 028 18 N   0.5  1   1 010030/4/0
19   4.0   1.6   2.6  991.3  971.0  983.5 40 29 054 16 E   0.0  0   1 000000/4/0
20   3.0  -0.9   0.7  971.3  959.3  962.2 36 25 103 10 E   0.0  0   1 010000/4/0
21   0.5  -2.6  -1.0  971.0  962.3  966.6 44 34 031 14 NE  1.0  3     010030/4/0
22  -1.7  -4.2  -2.9  980.1  970.8  975.9 35 30 030 10 NE  0.0  1   5 010090/6/0
23  -1.3  -4.3  -2.6  983.3  979.3  981.2 42 34 027 18 N   0.0  1   7 010070/6/0
24  -1.4  -5.9  -3.4  992.7  982.4  986.3 30 25 019  7 N   9.1 11  21 010110/4/0
25  -1.0  -4.2  -3.0  997.8  992.7  995.4 30 25 249 12 SW  0.0  2  19 010130/4/0
26  -1.9  -4.2  -3.2  994.3  985.9  988.9 35 27 224  8 SW  2.3  4  20 010140/4/0
27  -3.0  -8.2  -5.6 1012.0  988.6  998.5 28 22 236 10 N   0.5  1  21 010150/6/0
28  -3.6  -6.5  -4.4 1012.4 1003.5 1008.8 17 15 212  7 SW  0.0  0  19 010140/6/0
29  -2.4  -3.8  -3.1 1003.6  992.8  998.2 14 10 209  4 SW  0.3  0  16 010120/6/0
30  -2.0  -3.2  -2.5 1001.9  993.2  998.7 28 23 225  9 SW  0.0  1  16 010090/4/0
31  -1.8  -3.1  -2.3 1001.4  996.6  998.7 26 21 228 12 SW  0.0  1  17 010090/4/0
