********************************************************************************
Palmer Station Weather Highlights:       March 2012

        Temperature:    Abs Max:     8.9 C          Day: 2
                        Abs Min:    -4.6 C          Day: 22
                            Avg:     1.4 C
                        Avg Max:     3.4 C
                        Avg Min:    -0.2 C

        Pressure:       Abs Max:  1015.6 mb         Day: 12
                        Abs Min:   964.4 mb         Day: 20
                            Avg:   988.0 mb
                        Avg Max:   992.6 mb
                        Avg Min:   982.8 mb

        Wind:             Peak:       55 kts        Day: 9
                           Avg:       10 kts
                        Days Prevailing:      N: 6
                                             NE: 6
                                              E: 4
                                             SE: 6
                                              S: 0
                                             SW: 8
                                              W: 0
                                             NW: 1

        Precipitation:  Melted:     45.7 mm         YTD:   152.7 mm
                          Snow:        4 cm         YTD:      38 cm
                Maximum Snowstake Depth:       4 cm Day: 22


============================== Daily Weather Data ==============================
Column Titles:
        1. Day                         9. Wind 2-Min Peak            (knots)
        2. Temperature High    (C)    10. Wind 2-min Peak Direction  (degrees)
        3. Temperature Low     (C)    11. Wind Average               (knots)
        4. Temperature Average (C)    12. Wind Prevailing Direction
        5. Pressure High      (mb)    13. Precipitation Melted       (mm)
        6. Pressure Low       (mb)    14. Precipitation Snow         (cm)
        7. Pressure Average   (mb)    15. Depth at Snowstake         (cm)
        8. Wind 5-Sec Peak (knots)    16. Sea Temp/Ice               (WMO code)

 1   3.9  -0.3   2.4  993.7  987.0  990.3 40 31 023 12 N   3.1  0   0 000060/4/0
 2   8.9   2.3   5.1  987.2  980.3  983.2 50 38 027  9 SE  7.6  0   0 000090/4/0
 3   5.9   3.0   4.6  992.2  981.1  986.1 42 32 035 21 NE  3.8  0   0 000110/4/0
 4   7.9   3.7   6.1  992.7  977.4  987.5 49 38 041 19 E   0.0  0   0 000130/4/0
 5   6.9   2.4   4.9  980.6  974.8  977.6 45 36 033 18 NE  4.8  0   0 000160/4/0
 6   6.5   3.4   4.5  986.5  979.8  984.3 38 31 031 11 NE  0.5  0   0 000130/4/0
 7   4.9   2.3   3.4  986.0  984.0  984.7 14 12 209  3 SE  0.0  0   0 000160/4/0
 8   5.0   1.8   3.0  990.4  979.3  987.3 42 31 036  9 SE  0.8  0   0 000120/4/0
 9   4.6   0.7   1.8  989.6  976.7  982.3 55 43 026 12 N   3.8  0   0 000140/4/0
10   1.8  -0.4   0.8 1007.2  989.6  999.3 14 11 231  5 SW  0.0  0   0 000140/4/0
11   1.9   0.1   0.7 1015.5 1007.3 1012.7 10  9 241  3 SW  0.0  0   0 000140/4/0
12   3.6   0.0   0.9 1015.6 1014.6 1015.0 14 11 211  4 SW  0.0  0   0 000140/4/0
13   1.1  -0.3   0.4 1015.6 1009.3 1013.1 12 11 273  4 NW  0.5  1   1 000010/4/0
14   6.3  -0.3   3.1 1009.4  988.5  999.0 41 34 027 14 SE  4.6  0   0 000090/4/0
15   5.1   2.5   3.8  988.5  969.5  975.4 48 36 034 23 NE  4.1  0   0 000100/4/0
16   3.3   1.3   2.4  972.3  964.9  969.6 37 29 018 18 N   3.3  0   0 000090/4/0
17   2.1  -2.5  -0.2  975.3  970.5  972.3 31 26 240  9 SW  0.8  0   0 000040/4/0
18  -0.7  -3.5  -1.6  976.2  967.3  971.6 31 26 232 15 SW  0.5  0   0 000090/4/0
19   0.0  -2.4  -1.7  976.1  967.6  972.9 27 21 231  8 SW  0.0  0   0 000040/4/0
20   0.9  -2.3  -1.4  974.8  964.4  967.4  8  6 103  2 SE  0.0  1   1 000070/4/0
21  -0.1  -2.0  -1.0  984.9  974.9  980.8 30 25 232 12 SW  0.3  0   1 000070/4/0
22   1.8  -4.6  -1.7  995.5  984.6  990.7 25 21 232  6 E   0.0  2   4 000070/4/0
23  -0.8  -4.3  -2.7  997.7  995.4  997.0 12 10 041  4 NE  0.0  0   1 010050/4/0
24   3.9  -3.3  -1.0 1002.7  996.8  998.6 10  9 119  3 SE  0.0  0   1 000010/4/0
25   2.5  -1.6  -0.4 1012.2 1002.7 1008.0 15 12 220  5 SW  0.0  0   1 000060/4/0
26   3.9  -0.9   1.4 1011.9  986.6 1001.2 34 27 019 12 N   3.6  0   1 000040/4/0
27   4.7   1.3   2.6  987.4  971.2  982.1 40 30 021 11 N   3.8  0   0 000040/4/0
28   4.1   0.0   1.8  975.2  966.1  969.9 37 28 074 12 E   0.0  0   0 000080/4/0
29   1.7  -1.8  -0.2  990.7  975.2  983.4 11  9 313  4 N   0.0  0   0 010020/4/0
30   0.7  -0.8  -0.2  995.7  990.6  994.3 17 13 052  5 NE  0.0  0   0 000020/4/0
31   2.2  -1.0   0.3  992.5  988.4  990.0 36 20 132  8 E   0.0  0   0 000060/4/0
