********************************************************************************
Palmer Station Weather Highlights:       January 2012

        Temperature:    Abs Max:     6.4 C          Day: 27
                        Abs Min:    -1.8 C          Day: 9
                            Avg:     1.1 C
                        Avg Max:     3.4 C
                        Avg Min:    -0.2 C

        Pressure:       Abs Max:   999.0 mb         Day: 6
                        Abs Min:   966.9 mb         Day: 13
                            Avg:   984.3 mb
                        Avg Max:   987.8 mb
                        Avg Min:   980.4 mb

        Wind:             Peak:       52 kts        Day: 17
                           Avg:        7 kts
                        Days Prevailing:      N: 8
                                             NE: 6
                                              E: 0
                                             SE: 3
                                              S: 0
                                             SW: 4
                                              W: 7
                                             NW: 3

        Precipitation:  Melted:     70.4 mm         YTD:    70.4 mm
                          Snow:       13 cm         YTD:      13 cm
                Maximum Snowstake Depth:       4 cm Day: 21


============================== Daily Weather Data==============================
Column Titles:
        1. Day                         9. Wind 2-Min Peak(knots)
        2. Temperature High    (C)    10. Wind 2-min Peak Direction(degrees)
        3. Temperature Low     (C)    11. Wind Average(knots)
        4. Temperature Average (C)    12. Wind Prevailing Direction
        5. Pressure High      (mb)    13. Precipitation Melted(mm)
        6. Pressure Low       (mb)    14. Precipitation Snow(cm)
        7. Pressure Average   (mb)    15. Depth at Snowstake(cm)
        8. Wind 5-Sec Peak (knots)    16. Sea Temp/Ice(WMO code)

 1   5.2   0.0   2.0  988.9  984.3  987.8 22 19 024  5 N   1.8  0   0000050/6/0
 2   4.3   1.3   2.5  987.3  985.3  986.0 13 11 153  3 N   0.0  0   0000020/6/0
 3   3.2   0.4   1.4  992.9  986.7  990.4 10  9 281  4 SW  0.0  0   0000080/6/0
 4   3.6   0.4   1.3  992.6  987.0  989.2 10  8 249  3 SE  0.3  0   0000110/6/0
 5   1.3  -0.6   0.4  998.0  987.7  992.3 20 16 235  8 SW  0.0  0   0000110/1/0
 6   2.7   0.1   1.2  999.0  980.4  990.2 43 34 033 14 NE  0.8  0   0000060/6/0
 7   1.0  -0.7   0.4  985.1  982.4  983.4 23 19 254 11 W   0.5  0   0000030/6/0
 8   5.7  -0.3   1.0  991.5  985.1  989.2 19 15 261  8 W   1.3  0   0000050/6/0
 9   4.5  -1.8   1.2  991.1  980.4  987.2 20 16 119  4 NE  2.3  0   0000010/6/0
10   6.3   1.7   3.2  980.6  974.3  979.0 21 15 104  4 N  12.7  0   0000050/6/0
11   2.0   0.0   0.4  979.7  973.0  976.2 20 17 262  9 W  10.2  5   3010040/6/0
12   1.9  -0.3   0.3  981.2  971.8  978.7 19 14 122  8 W   0.0  0   0000000/6/0
13   3.5  -0.2   1.4  971.8  966.9  968.4 23 17 002  6 SE  1.0  0   0000040/6/0
14   2.2   0.4   1.2  980.5  969.7  974.0 19 16 351  9 NW  3.1  0   0010080/6/0
15   2.4  -0.7   0.5  994.4  980.5  986.7 20 17 212  7 NW  0.0  0   0010060/6/0
16   4.9  -0.6   1.5  997.0  993.4  995.9 16 13 332  5 N   0.3  0   0010010/6/0
17   5.1   1.7   3.2  993.6  976.3  982.4 52 44 038 22 NE  3.6  0   0000030/6/0
18   2.2   0.7   1.5  984.8  980.7  982.4 31 25 337 15 N   3.1  0   0010010/4/0
19   2.3  -0.3   0.9  993.9  984.8  989.5 16 13 254  6 W   1.8  1   1010020/4/0
20   2.5  -0.2   0.9  995.9  988.3  993.8 26 18 005  6 W   3.8  0   0000060/4/0
21   1.0   0.2   0.6  988.3  980.2  983.5 19 15 293 10 NW 14.7  4   4010090/4/0
22   0.5  -0.8  -0.2  984.7  980.3  983.2  9  8 345  4 N   1.3  1   1010050/4/0
23   1.0  -1.6   0.0  988.7  983.1  985.2 23 20 237  8 SW  0.8  0   0000030/4/0
24   4.3  -0.3   0.9  990.3  988.4  989.4 17 13 233  4 SW  0.0  0   0000010/4/0
25   2.5   0.2   0.9  988.6  976.1  983.2 29 22 018  6 N   4.6  0   0000010/4/0
26   4.1  -0.1   1.1  983.1  976.8  980.5 23 18 268  7 W   1.0  0   0010070/4/0
27   6.4  -1.3   1.4  986.3  983.0  984.6  8  6 050  2 NE  0.0  0   0000030/4/0
28   5.5  -1.5   1.5  988.4  986.2  987.7  7  6 047  3 NE  0.0  0   0000040/4/0
29   3.3  -1.7   0.7  987.7  979.7  985.1 22 18 027  5 NE  0.3  0   0000030/4/0
30   3.2  -0.8   0.5  980.1  970.4  974.3 18 15 025  4 SE  1.5  2   0000010/4/0
31   5.5  -0.4   1.6  975.1  970.6  972.8  9  7 357  3 N   0.0  0   0000070/4/0
