********************************************************************************
Palmer Station Weather Highlights:       September 2012

        Temperature:    Abs Max:     4.5 C          Day: 28
                        Abs Min:   -11.2 C          Day: 11
                            Avg:    -3.1 C
                        Avg Max:    -0.6 C
                        Avg Min:    -5.4 C

        Pressure:       Abs Max:  1013.6 mb         Day: 28
                        Abs Min:   963.1 mb         Day: 6
                            Avg:   991.8 mb
                        Avg Max:   996.4 mb
                        Avg Min:   987.0 mb

        Wind:             Peak:       57 kts        Day: 24
                           Avg:        9 kts
                        Days Prevailing:      N: 11
                                             NE: 2
                                              E: 1
                                             SE: 6
                                              S: 0
                                             SW: 5
                                              W: 0
                                             NW: 5

        Precipitation:  Melted:     36.1 mm         YTD:   318.6 mm
                          Snow:       43 cm         YTD:     249 cm
                Maximum Snowstake Depth:      78 cm Day: 26


============================== Daily Weather Data ==============================
Column Titles:
        1. Day                         9. Wind 2-Min Peak            (knots)
        2. Temperature High    (C)    10. Wind 2-min Peak Direction  (degrees)
        3. Temperature Low     (C)    11. Wind Average               (knots)
        4. Temperature Average (C)    12. Wind Prevailing Direction
        5. Pressure High      (mb)    13. Precipitation Melted       (mm)
        6. Pressure Low       (mb)    14. Precipitation Snow         (cm)
        7. Pressure Average   (mb)    15. Depth at Snowstake         (cm)
        8. Wind 5-Sec Peak (knots)    16. Sea Temp/Ice               (WMO code)

 1   1.0  -2.1  -0.8  984.0  973.8  977.2 35 29 025 16 NW  0.8  1  33 010150/6/0
 2   0.6  -2.0  -0.6  988.3  979.1  984.2 40 32 029 18 N   0.5  1  39 0101721650
 3   0.1  -4.8  -1.9  991.8  982.1  986.6 43 34 029 10 SW  1.8  2  42 0101720650
 4  -1.1  -4.6  -2.6  992.3  980.6  988.7 30 23 333  9 N   1.3  0  41 0101741650
 5  -0.3  -5.5  -2.5  980.6  966.0  970.2 24 20 014  8 E   2.0  1  43 0101631650
 6  -1.2  -4.0  -2.7  971.1  963.1  967.1 44 36 025 11 SE  0.3  1  47 010170/6/0
 7  -0.7  -5.2  -2.9  968.7  965.6  967.0 21 16 066  6 SW  0.0  1  47 010180/6/0
 8  -4.6  -7.7  -6.2  983.8  968.8  977.2 25 21 023  7 SE  1.0  1  47 0101751642
 9  -3.9  -9.2  -7.2  993.0  982.4  985.9 23 17 121  6 NE  0.0  1  48 010170/6/0
10  -4.9  -7.7  -6.6 1001.2  993.0  998.6 14 12 241  5 SE  0.5  6  53 010170/6/0
11  -7.8 -11.2  -9.3 1001.2  998.2  999.5 19 16 227  6 SW  0.0  0  49 0101721650
12  -1.9 -10.2  -6.0  998.9  995.3  997.1 22 18 226  7 SW  3.1  0  47 0101751640
13  -0.2  -8.5  -5.0  998.0  994.6  996.2 11  9 226  4 SE  0.8  6  52 0101741640
14  -2.3 -10.4  -6.8  998.2  995.7  996.9 11  9 136  3 NW  0.3  0  52 0101751640
15  -2.1  -5.0  -3.5  995.7  983.6  991.4 32 26 023  8 N   0.0  0  51 0101741640
16  -2.4  -9.1  -5.8  993.3  983.4  990.1 26 21 229  7 SW  0.5  1  50 0101751640
17  -0.3  -5.5  -1.9  993.4  981.8  988.2 40 31 337 14 N   1.0  1  53 0101751640
18   1.1  -7.5  -2.9  992.0  975.4  985.0 50 39 030 15 N   0.3  0  52 0101851640
19   1.5  -2.8  -0.3  993.8  975.6  982.1 33 26 032  9 SE  0.5  0  51 0101821640
20  -1.8  -5.2  -3.9 1002.3  993.9 1000.0 20 17 022  7 N   0.3  2  53 0101721640
21   0.2  -6.3  -4.3 1002.0 1000.0 1001.2  7  6 302  3 N   0.0  0  51 0101721640
22  -1.6  -6.8  -4.8 1000.0  992.3  995.0 16 10 081  4 N   0.0  0  50 0101721640
23   1.9  -5.5  -3.0 1011.1  997.2 1006.3 20 15 019  4 N   0.0  0  50 0101721640
24   0.5  -3.5  -0.8 1010.8  996.5 1001.7 57 38 035 18 N  10.7  0  50 0101721640
25  -0.2  -1.2  -0.7 1004.2  996.7 1000.5 26 19 295 11 NW  3.8 12  77 0101741642
26   1.5  -1.8  -1.0 1003.2  997.8  999.9 18 15 309  4 NW  1.5  1  78 0101741642
27   1.1  -3.8  -1.4 1010.4 1001.4 1005.6 13 11 299  4 NW  0.5  0  76 0101751642
28   4.5  -2.1   0.8 1013.6 1009.7 1011.9 33 25 018  8 N   0.0  0  76 01017526//
29   2.8  -0.5   1.3 1009.9  993.2  999.8 51 42 025 21 NE  4.1  0  70 010162/640
30   1.6  -2.3  -0.7 1004.9  993.4 1001.4 21 19 024  7 SE  0.8  5  77 0101532640
