********************************************************************************
Palmer Station Weather Highlights:       February 2012

        Temperature:    Abs Max:     5.8 C          Day: 12
                        Abs Min:    -3.3 C          Day: 21
                            Avg:     0.9 C
                        Avg Max:     3.5 C
                        Avg Min:    -0.7 C

        Pressure:       Abs Max:  1017.6 mb         Day: 25
                        Abs Min:   954.7 mb         Day: 4
                            Avg:   982.8 mb
                        Avg Max:   987.2 mb
                        Avg Min:   978.8 mb

        Wind:             Peak:       55 kts        Day: 9
                           Avg:        9 kts
                        Days Prevailing:      N: 7
                                             NE: 10
                                              E: 2
                                             SE: 5
                                              S: 0
                                             SW: 3
                                              W: 1
                                             NW: 1

        Precipitation:  Melted:     36.6 mm         YTD:   107.0 mm
                          Snow:       21 cm         YTD:      34 cm
                Maximum Snowstake Depth:       4 cm Day: 27


============================== Daily Weather Data==============================
Column Titles:
        1. Day                         9. Wind 2-Min Peak(knots)
        2. Temperature High    (C)    10. Wind 2-min Peak Direction(degrees)
        3. Temperature Low     (C)    11. Wind Average(knots)
        4. Temperature Average (C)    12. Wind Prevailing Direction
        5. Pressure High      (mb)    13. Precipitation Melted(mm)
        6. Pressure Low       (mb)    14. Precipitation Snow(cm)
        7. Pressure Average   (mb)    15. Depth at Snowstake(cm)
        8. Wind 5-Sec Peak (knots)    16. Sea Temp/Ice(WMO code)

February 2012
 1   5.4   0.1   1.9  979.6  974.6  975.9 12 10 037  2 SE  0.0  0   0 000060/4/0
 2   3.6   1.1   2.2  980.2  967.5  974.6 53 43 039 21 NE  1.0  0   0 000060/4/0
 3   4.2   1.4   2.3  969.3  962.4  964.9 23 18 022  9 N   1.8  0   0 000030/4/0
 4   3.4   0.4   1.7  964.0  954.7  958.9 44 36 038 20 NE  4.6  0   0 000040/4/0
 5   3.4  -0.1   1.6  957.7  955.6  956.6 28 23 016 13 N   0.5  4   1 000050/4/0
 6   5.7  -0.5   1.6  966.7  957.4  961.2 15 13 033  3 NE  4.6  0   0 000110/4/0
 7   4.4  -0.2   1.2  977.1  966.7  971.9 20 15 021  7 N   3.1  8   1 000060/4/0
 8   4.9   0.0   1.8  981.2  973.9  979.0 20 16 031  6 E   0.0  0   0 000090/4/0
 9   4.6  -1.0   1.9  973.9  959.5  965.4 55 43 036 14 SE  2.5  2   0 000090/4/0
10   5.1  -0.3   1.7  981.4  966.8  974.7 24 20 036  8 SE  1.5  2   1 000090/4/0
11   5.4   2.1   3.5  981.7  972.1  975.8 53 39 037 22 NE  2.0  0   0 000100/4/0
12   5.8   1.5   2.9  979.7  974.0  978.1 36 24 351 10 N   0.3  0   0 000040/4/0
13   4.0  -0.6   1.5  977.2  974.0  975.0  8  7 227  3 NE  0.0  0   0 000090/4/0
14   1.1  -0.9  -0.1  975.7  973.5  974.4 25 20 235 10 SW  0.0  0   0 000040/4/0
15   5.1  -0.4   1.8  988.2  975.7  981.1 25 19 119  5 N   0.0  0   0 000100/4/0
16   5.1  -1.3   1.0  992.9  988.3  991.8 15 13 039  4 NE  0.0  0   0 000140/4/0
17   1.7  -1.0   0.1  991.0  983.9  986.8 14 11 231  4 SE  0.3  1   0 000080/4/0
18   1.2  -1.9  -0.5  993.4  983.3  986.9 25 19 120 11 SE  0.3  1   0 000090/4/0
19   3.4  -3.1  -0.7  996.2  993.4  994.8 13  9 147  3 E   0.0  0   0 000100/4/0
20   1.8  -2.4  -0.5  996.1  993.1  994.4 16 13 230  5 SW  0.0  0   0 000070/4/0
21   3.4  -3.3  -1.1  996.9  993.8  995.1 12 10 021  4 NE  0.0  0   0 000110/4/0
22   4.8  -2.6  -0.2 1002.7  995.8  997.6 17 15 040  6 NE  0.0  0   0 000110/4/0
23   1.1  -1.7  -0.4 1007.7 1002.7 1005.6  8  6 211  3 NE  0.0  0   0 000050/4/0
24   4.2  -1.8   0.6 1017.3 1007.7 1012.2  9  7 234  3 NE  0.0  0   0 000100/4/0
25   0.7  -0.9  -0.2 1017.6 1010.2 1014.5 14 11 272  5 W   0.0  0   0 000020/4/0
26   1.7  -0.9   0.5 1010.2  993.2 1003.2 26 19 339  8 NW  2.3  1   1 000050/4/0
27   1.5  -1.8  -0.4  993.1  985.3  989.7 31 24 028  9 N   2.5  2   4 0100220450
28   2.6  -0.2   1.6  985.7  972.9  976.8 41 33 024 23 N   8.9  0   0 000020/4/0
29   1.4  -0.5   0.2  993.0  973.1  985.2 30 24 302 13 SW  0.5  0   0 000060/4/0
