********************************************************************************
Palmer Station Weather Highlights:       July 2012

        Temperature:    Abs Max:     3.0 C          Day: 18
                        Abs Min:    -9.3 C          Day: 6
                            Avg:    -3.4 C
                        Avg Max:    -1.2 C
                        Avg Min:    -5.7 C

        Pressure:       Abs Max:  1011.5 mb         Day: 16
                        Abs Min:   951.8 mb         Day: 30
                            Avg:   986.0 mb
                        Avg Max:   991.8 mb
                        Avg Min:   980.5 mb

        Wind:             Peak:       63 kts        Day: 13
                           Avg:       12 kts
                        Days Prevailing:      N: 6
                                             NE: 14
                                              E: 3
                                             SE: 2
                                              S: 1
                                             SW: 2
                                              W: 1
                                             NW: 2

        Precipitation:  Melted:     23.1 mm         YTD:   254.1 mm
                          Snow:       34 cm         YTD:     177 cm
                Maximum Snowstake Depth:      58 cm Day: 19


============================== Daily Weather Data==============================
Column Titles:
        1. Day                         9. Wind 2-Min Peak(knots)
        2. Temperature High    (C)    10. Wind 2-min Peak Direction(degrees)
        3. Temperature Low     (C)    11. Wind Average(knots)
        4. Temperature Average (C)    12. Wind Prevailing Direction
        5. Pressure High      (mb)    13. Precipitation Melted(mm)
        6. Pressure Low       (mb)    14. Precipitation Snow(cm)
        7. Pressure Average   (mb)    15. Depth at Snowstake(cm)
        8. Wind 5-Sec Peak (knots)    16. Sea Temp/Ice(WMO code)


July 2012
 1  -2.1  -5.8  -3.8  984.7  974.1  979.6 17 14 232  4 NE  0.0  1  54 0101621670
 2  -4.0  -8.1  -6.1  987.3  984.6  985.9 27 20 071  5 E   0.0  0  53 0101721670
 3  -4.3  -8.0  -6.3  995.1  987.1  991.1 38 25 100 14 E   0.0  0  50 010130/6/0
 4  -2.7  -4.8  -3.6 1006.0  995.2 1000.5 24 19 019 11 N   0.0  0  49 010160/6/0
 5  -4.3  -6.0  -5.2 1007.3 1004.7 1006.1 29 23 023  9 N   1.0  0  49 0101621670
 6  -5.4  -9.3  -7.4 1004.7 1000.8 1002.4  9  7 084  4 NE  0.0  4  56 0101621670
 7  -1.2  -9.3  -5.6 1000.8  991.5  996.7 36 31 042  8 SE  0.0  0  55 0101721670
 8   1.0  -1.3   0.1  999.7  990.7  993.2 41 33 050 26 NE  0.0  0  45 010160/6/0
 9  -0.9  -4.6  -2.9 1006.7  999.6 1004.5 15 11 077  3 N   0.0  0  45 0101521670
10  -1.7  -3.5  -2.6 1005.8 1000.4 1002.3  7  6 150  2 SE  0.0  1  46 0101721670
11  -3.3  -6.6  -5.0 1002.9 1001.1 1002.0 14 12 050  3 NE  0.0  1  46 0101621670
12  -0.7  -4.1  -2.5 1001.4  984.2  994.0 50 40 039 17 NE  0.0  0  46 0101621670
13  -0.6  -5.8  -3.0  990.0  972.8  980.0 63 48 041 27 N   1.3  0  45 010170/6/0
14  -2.8  -8.1  -5.6  997.9  990.0  995.2 25 20 272  6 NE  1.3  1  47 0101732670
15   0.5  -4.1  -2.2 1010.3  987.4  997.4 24 17 158  5 N   0.0  1  47 0101732670
16   0.3  -5.6  -3.0 1011.5  999.9 1007.9 16 12 129  3 NE  0.0  1  48 0101732670
17   1.9  -1.1   0.3 1000.0  987.8  991.9 54 46 036 18 NE  1.0  0  46 010160/6/0
18   3.0  -1.1   1.3  987.8  966.9  973.9 45 35 027 14 NE 12.2  0  45 010150/4/0
19  -0.7  -7.2  -2.7  987.0  970.6  977.5 14 11 340  2 NW  3.1 14  58 0101721470
20   1.2  -8.5  -1.5  987.1  974.4  980.4 60 47 037 23 NE  0.0  2  46 010160/4/0
21   1.9  -2.1   0.1  983.1  978.0  980.8 43 33 028 20 NE  1.3  4  48 010160/4/0
22   1.9  -0.3   0.7  979.1  970.4  974.9 56 43 028 24 NE  0.0  0  46 010160/4/0
23   2.1  -3.8  -0.8  978.9  969.2  972.4 27 22 232  8 SW  1.3  3  48 010160/4/0
24  -0.3  -4.5  -2.3  979.4  953.9  968.6 23 19 034  9 N   0.0  1  49 010160/4/0
25   0.2  -9.1  -6.5  966.7  952.5  960.0 46 37 216 25 SW  0.0  0  48 010180/4/0
26  -1.2  -8.6  -4.5  980.9  965.6  973.2 31 26 244 10 S   0.0  0  48 010180/4/0
27  -3.7  -7.1  -5.4  985.6  980.2  982.5 28 22 028  6 NE  0.0  0  48 0101720470
28  -3.8  -6.9  -4.9  986.9  983.5  985.8 31 25 022 13 NE  0.0  0  48 0101720430
29  -2.0  -7.8  -5.0  983.8  967.1  975.8 55 44 027 19 E   0.5  0  48 010180/4/0
30  -0.9  -5.9  -3.5  975.8  951.8  963.4 56 45 057 25 NW  0.0  0  48 010180/4/0
31  -5.2  -7.6  -6.5  972.6  959.9  966.9 40 31 283 16 W   0.3  0  48 0101820470
