********************************************************************************
Palmer Station Weather Highlights:       December 2012

        Temperature:    Abs Max:     6.2 C          Day: 26
                        Abs Min:    -4.4 C          Day: 2
                            Avg:     0.9 C
                        Avg Max:     3.7 C
                        Avg Min:    -0.7 C

        Pressure:       Abs Max:  1009.4 mb         Day: 31
                        Abs Min:   969.5 mb         Day: 6
                            Avg:   992.8 mb
                        Avg Max:   994.8 mb
                        Avg Min:   990.7 mb

        Wind:             Peak:       35 kts        Day: 15
                           Avg:        6 kts
                        Days Prevailing:      N: 4
                                             NE: 9
                                              E: 1
                                             SE: 2
                                              S: 1
                                             SW: 11
                                              W: 1
                                             NW: 2

        Precipitation:  Melted:      2.3 mm         YTD:   361.6 mm
                          Snow:        1 cm         YTD:     294 cm
                Maximum Snowstake Depth:      67 cm Day: 1


============================== Daily Weather Data ==============================
Column Titles:
        1. Day                         9. Wind 2-Min Peak            (knots)
        2. Temperature High    (C)    10. Wind 2-min Peak Direction  (degrees)
        3. Temperature Low     (C)    11. Wind Average               (knots)
        4. Temperature Average (C)    12. Wind Prevailing Direction
        5. Pressure High      (mb)    13. Precipitation Melted       (mm)
        6. Pressure Low       (mb)    14. Precipitation Snow         (cm)
        7. Pressure Average   (mb)    15. Depth at Snowstake         (cm)
        8. Wind 5-Sec Peak (knots)    16. Sea Temp/Ice               (WMO code)

 1   1.5  -2.7  -0.8  982.9  979.4  981.4 19 16 192  9 NW  0.5  1  67 0000422690
 2   3.8  -4.4  -1.2  981.1  979.8  980.3 15 11 212  4 NE  0.0  0  63 0001021690
 3  -0.2  -2.4  -1.4  981.4  980.1  980.7 14 13 246  6 SW  0.0  0  63 000060/6/0
 4   3.3  -2.3  -0.5  981.5  979.0  980.2 14 13 243  7 SW  0.0  0  61 000070/7/0
 5   3.4  -2.1  -1.0  980.5  970.4  976.1 18 15 215  8 SW  0.0  0  57 000060/9/0
 6   3.1  -3.4   0.2  975.6  969.5  971.5 16 13 060  4 NE  0.0  0  56 000130/9/0
 7   3.6  -3.3   0.1  984.8  975.6  980.6 19 14 071  7 E   0.0  0  51 000070/9/0
 8   4.5  -1.0   1.0  985.4  984.3  984.9  6  5 356  3 N   0.0  0  48 000130/9/0
 9   4.4  -0.8   1.3  985.5  983.7  984.8 11  9 218  3 NE  0.0  0  43 000230/9/0
10   5.0  -0.7   1.5  983.7  981.0  981.9 10  8 215  3 SW  0.0  0  38 000290/8/0
11   5.6  -0.7   1.0  987.3  981.9  984.3 27 24 019  8 NE  0.0  0  31 000290/8/0
12   4.1  -0.7   0.5  993.4  987.0  990.2 29 25 026 17 NE  0.0  0  29 000200/8/0
13   4.7  -0.2   1.1  995.3  993.2  994.2 12 11 342  4 SE  0.0  0  28 000200/7/0
14   4.4  -0.6   1.6  996.2  995.3  995.8 20 17 027  4 NE  0.0  0  25 000190/7/0
15   2.9   0.7   1.8  996.0  994.2  995.3 35 29 025 21 NE  0.0  0  20 000090/7/0
16   2.1  -1.1   0.7  998.0  994.9  996.6 31 27 024  7 SW  0.5  0  16 000030/6/0
17   0.9  -0.8  -0.2 1000.1  997.7  999.2 16 14 230 10 SW  0.0  0  14 000080/6/0
18   0.9  -0.6   0.0 1001.2  999.7 1000.2 15 13 224  9 SW  0.0  0  11 000130/6/0
19   4.0  -0.2   1.3 1003.7 1001.2 1002.8 13 11 228  5 SW  0.0  0   5 000150/6/0
20   5.3  -1.5   1.6 1004.0 1002.5 1003.1  6  5 214  2 NE  0.0  0   0 0001520692
21   5.8  -1.1   1.2 1003.3 1001.5 1002.8 11  9 206  4 N   0.0  0   0 000180/6/0
22   5.0   0.2   1.4 1001.5  997.8  999.9 10  9 234  4 SW  0.0  0   0 000190/6/0
23   4.3   0.3   1.4  997.8  989.7  992.4 11 10 153  5 S   0.0  0   0 000190/6/0
24   5.4   0.8   3.0 1002.0  990.4  995.8 21 17 121  5 N   0.0  0   0 000260/6/0
25   4.1  -0.1   1.3 1008.2 1002.0 1006.7 11  9 249  5 N   0.0  0   0 000180/6/0
26   6.2   0.8   2.9 1007.9 1003.8 1005.8 10  8 215  2 SW  0.0  0   0 000300/6/0
27   4.1   1.3   2.2 1003.8  996.8 1000.5  6  5 119  2 NE  0.5  0   0 000210/6/0
28   3.1   1.2   1.9  996.8  993.6  994.6  7  7 151  2 SE  0.8  0   0 000170/6/0
29   3.2   0.9   1.7 1003.5  995.4 1000.4 12 10 322  4 NW  0.0  0   0 000180/6/0
30   3.4   1.0   1.9 1008.1 1003.2 1005.0 12 11 237  5 W   0.0  0   0 000210/6/0
31   2.5   1.4   1.7 1009.4 1006.6 1008.4 18 15 225  9 SW  0.0  0   0 000240/6/0
