********************************************************************************
Palmer Station Weather Highlights:       August 2012

        Temperature:    Abs Max:     4.6 C          Day: 27
                        Abs Min:   -15.9 C          Day: 24
                            Avg:    -3.3 C
                        Avg Max:    -0.8 C
                        Avg Min:    -5.7 C

        Pressure:       Abs Max:  1008.2 mb         Day: 24
                        Abs Min:   958.6 mb         Day: 22
                            Avg:   984.8 mb
                        Avg Max:   990.2 mb
                        Avg Min:   978.5 mb

        Wind:             Peak:       60 kts        Day: 19
                           Avg:       14 kts
                        Days Prevailing:      N: 7
                                             NE: 8
                                              E: 4
                                             SE: 5
                                              S: 0
                                             SW: 4
                                              W: 2
                                             NW: 1

        Precipitation:  Melted:     28.4 mm         YTD:   282.5 mm
                          Snow:       29 cm         YTD:     206 cm
                Maximum Snowstake Depth:      55 cm Day: 3


============================== Daily Weather Data==============================
Column Titles:
        1. Day                         9. Wind 2-Min Peak(knots)
        2. Temperature High    (C)    10. Wind 2-min Peak Direction(degrees)
        3. Temperature Low     (C)    11. Wind Average(knots)
        4. Temperature Average (C)    12. Wind Prevailing Direction
        5. Pressure High      (mb)    13. Precipitation Melted(mm)
        6. Pressure Low       (mb)    14. Precipitation Snow(cm)
        7. Pressure Average   (mb)    15. Depth at Snowstake(cm)
        8. Wind 5-Sec Peak (knots)    16. Sea Temp/Ice(WMO code)


August 2012
 1  -7.3  -9.4  -8.6  997.3  972.3  986.5 35 27 243 16 SW  0.0  3  49 0101821470
 2  -0.6  -9.6  -5.3  997.3  975.4  986.5 49 39 052 14 SE  1.0  0  49 0101821450
 3  -2.5  -4.3  -3.5  981.8  972.6  977.7 32 26 023 11 NE  2.8 10  55 0101821650
 4  -3.4  -8.0  -5.8  986.4  974.8  982.0 30 25 227 10 SW  0.0  0  50 0101732660
 5  -2.9  -7.2  -4.2  993.0  977.8  987.8 57 42 030 13 W   0.0  0  49 0101721670
 6  -3.0  -8.0  -5.4  990.7  970.3  979.1 44 33 075 10 E   0.0  0  49 0101821670
 7  -1.3  -4.0  -2.8  982.0  971.8  975.4 45 36 032 16 NE  0.3  1  49 010180/6/0
 8  -3.3  -9.9  -7.9  991.4  982.1  988.6 24 20 259  7 W   0.0  5  55 0101831650
 9  -2.4  -8.1  -5.1  986.5  977.8  981.9 38 32 074  9 E   0.0  0  52 0101731650
10   1.0  -4.0  -2.1  983.6  978.0  981.1 47 37 039 14 NE  0.0  0  52 010180/6/0
11   1.0  -3.3  -0.6  982.8  978.3  980.5 39 32 034 18 NE  0.0  0  51 010170/6/0
12   2.0  -1.7  -0.2  983.4  973.1  976.9 40 33 018 15 E   0.0  0  50 010170/6/0
13   1.1  -4.0  -1.7  985.2  982.5  983.5 30 25 042  8 SE  0.0  0  50 010170/6/0
14  -4.0  -7.6  -6.3  985.6  981.4  983.5 30 25 023  9 N   0.5  1  51 010170/6/0
15  -3.6  -8.8  -6.3  997.4  985.4  991.3 21 18 029  6 N   0.0  0  50 0101741642
16   0.6  -5.3  -1.3  994.9  981.0  989.1 58 44 042 22 N   0.0  0  49 010170/6/0
17   1.2  -0.9   0.5  989.6  980.0  984.6 55 43 019 24 N   0.8  0  49 010170/4/0
18   3.7  -0.5   1.8  983.1  969.3  978.5 50 39 034 17 NE  5.1  2  52 0101621440
19   2.8  -4.1  -0.6  973.1  959.7  966.2 60 46 034 29 NW 10.4  0  43 010170/4/0
20  -0.1  -6.4  -3.3  983.1  973.1  979.6 45 33 352 16 N   0.0  1  48 0101751640
21   0.0  -5.8  -1.9  977.2  960.3  967.7 58 40 017 24 N   1.0  0  43 010170/4/0
22  -4.0 -10.1  -7.5  970.4  958.6  966.8 56 45 338 12 N   0.3  0  44 0101851640
23  -8.2 -13.8 -12.0  987.8  966.3  979.2 38 29 232 15 SW  0.0  0  46 0101892647
24 -13.3 -15.9 -14.7 1008.2  987.8 1000.8 30 25 240 12 SW  0.0  5  52 0101892647
25  -2.4 -13.5  -8.1 1005.5  999.5 1003.7 17 13 124  5 SE  0.8  1  54 0101792647
26   2.9  -4.5   0.2  999.6  991.1  994.9 32 25 034 11 SE  1.8  0  47 0101832640
27   4.6  -0.5   1.8 1001.1  993.9  998.1 31 25 030  8 SE  0.0  0  43 0101822640
28   4.2   1.0   2.3 1005.5  997.1 1001.5 55 43 033 23 NE  3.1  0  39 010170/6/0
29   3.3   0.8   2.3 1005.0  994.6  999.4 43 35 032 21 NE  0.0  0  36 010160/6/0
30   3.2   0.6   2.3  995.4  991.8  993.9 46 37 037 18 NE  0.0  0  33 010150/6/0
31   4.6  -0.6   1.9  991.8  975.2  981.7 40 31 032 12 E   0.8  0  33 010150/6/0
