********************************************************************************
Palmer Station Weather Highlights:       November 2012

        Temperature:    Abs Max:     4.7 C          Day: 21
                        Abs Min:    -8.4 C          Day: 5
                            Avg:    -1.4 C
                        Avg Max:     1.3 C
                        Avg Min:    -3.2 C

        Pressure:       Abs Max:   996.9 mb         Day: 16
                        Abs Min:   969.4 mb         Day: 12
                            Avg:   984.4 mb
                        Avg Max:   988.5 mb
                        Avg Min:   980.5 mb

        Wind:             Peak:       51 kts        Day: 12
                           Avg:        9 kts
                        Days Prevailing:      N: 3
                                             NE: 3
                                              E: 4
                                             SE: 6
                                              S: 0
                                             SW: 9
                                              W: 2
                                             NW: 3

        Precipitation:  Melted:     14.0 mm         YTD:   359.3 mm
                          Snow:        7 cm         YTD:     293 cm
                Maximum Snowstake Depth:      91 cm Day: 1


============================== Daily Weather Data==============================
Column Titles:
        1. Day                         9. Wind 2-Min Peak(knots)
        2. Temperature High    (C)    10. Wind 2-min Peak Direction(degrees)
        3. Temperature Low     (C)    11. Wind Average(knots)
        4. Temperature Average (C)    12. Wind Prevailing Direction
        5. Pressure High      (mb)    13. Precipitation Melted(mm)
        6. Pressure Low       (mb)    14. Precipitation Snow(cm)
        7. Pressure Average   (mb)    15. Depth at Snowstake(cm)
        8. Wind 5-Sec Peak (knots)    16. Sea Temp/Ice(WMO code)

 1   2.7  -4.2  -1.6  985.6  978.7  980.5 26 19 123  9 SE  0.0  1  91 0101123690
 2  -1.3  -6.6  -4.5  984.2  979.2  981.8 19 17 250 10 W   0.0  0  91 0101123990
 3  -4.4  -5.9  -5.3  986.5  984.1  985.0 14 12 259  6 W   0.0  0  90 0101523990
 4  -2.3  -6.1  -4.3  991.9  986.5  988.5 16 13 212  7 SW  0.0  0  90 0101233992
 5  -3.8  -8.4  -6.1  995.1  991.8  994.1 17 14 239  7 SW  0.0  0  89 0101433992
 6   1.3  -7.3  -5.0  994.4  985.1  990.5 34 27 023  6 SW  0.0  0  89 0101443993
 7   0.7  -5.7  -2.2  985.5  976.3  979.7 38 29 069 13 E   0.0  0  88 0101033991
 8   2.8  -1.2   0.2  985.7  976.2  981.8 40 33 033 16 E   0.0  0  88 0100823890
 9   3.7  -2.9   0.1  988.0  984.3  985.3 25 19 070  8 E   0.0  0  87 0100923890
10   1.2  -2.7  -1.6  990.7  986.9  989.1 25 21 029  6 N   0.0  0  85 0100823890
11   2.0  -4.1  -1.5  993.4  987.2  989.7 32 24 041  8 SE  0.0  0  85 0100822790
12   4.2  -0.4   1.7  993.1  969.4  978.9 51 40 035 21 NE  5.8  0  82 0100722790
13   1.8   0.4   1.0  985.9  971.0  981.0 44 32 337 21 N   0.5  0  81 0100922690
14   1.6  -2.1  -1.1  992.6  983.3  989.0 37 25 338 14 NW  0.3  0  80 0101622790
15  -1.8  -4.0  -2.6  994.0  988.7  990.3 22 19 238 11 SW  0.0  0  80 0101522790
16  -0.7  -5.2  -3.6  996.9  981.4  991.0 22 19 237  6 SW  0.0  0  79 0101222290
17   3.2  -1.3   0.3  985.7  981.6  984.0 32 26 029  8 SE  3.3  4  82 0101122690
18   3.8  -0.3   1.7  982.0  976.7  978.4 31 25 018  6 SE  1.5  0  79 0100822690
19   1.4  -1.8  -0.5  992.2  977.7  984.6 22 17 351  7 NW  0.3  0  79 0101422690
20   3.2  -1.6   0.8  992.8  980.9  987.0 46 33 057 16 NE  0.3  0  79 0100922690
21   4.7  -0.9   1.1  985.0  975.4  981.5 46 35 056 12 SE  0.0  0  78 0100222690
22   3.4  -1.2   0.2  975.4  971.5  972.4 34 25 119 11 E   0.0  0  75 0100522690
23   0.4  -2.5  -0.9  984.1  973.0  978.3 26 22 228 12 SW  0.0  0  73 0100122690
24   3.1  -3.6  -2.0  986.3  983.8  984.5 23 19 237  9 SW  0.0  0  72 0100422690
25   2.6  -3.3  -1.1  990.0  982.0  988.1 12 10 266  4 NE  0.0  0  69 0100322690
26   2.7  -2.6  -0.1  985.7  971.5  976.9 22 15 103  5 NW  0.0  0  68 0000322690
27   0.7  -2.2  -1.2  989.9  985.7  988.8 15 13 244  7 SW  0.0  0  68 0101022690
28   0.7  -1.9  -0.9  991.7  988.9  990.3 13 10 229  4 SW  0.0  0  66 0100722690
29   2.8  -2.1   0.0  989.8  976.3  981.6 46 37 021 11 SE  1.8  2  66 0100422690
30   0.0  -3.5  -1.7  981.6  979.8  980.7 22 19 264  7 N   0.3  0  66 0000322690
