********************************************************************************
Palmer Station Weather Highlights:       June 2012

        Temperature:    Abs Max:     2.0 C          Day: 22
                        Abs Min:   -13.5 C          Day: 17
                            Avg:    -5.0 C
                        Avg Max:    -2.6 C
                        Avg Min:    -7.6 C

        Pressure:       Abs Max:  1006.2 mb         Day: 14
                        Abs Min:   952.2 mb         Day: 22
                            Avg:   975.2 mb
                        Avg Max:   981.2 mb
                        Avg Min:   968.6 mb

        Wind:             Peak:       62 kts        Day: 5
                           Avg:       12 kts
                        Days Prevailing:      N: 4
                                             NE: 4
                                              E: 9
                                             SE: 2
                                              S: 0
                                             SW: 6
                                              W: 4
                                             NW: 1

        Precipitation:  Melted:     32.5 mm         YTD:   231.0 mm
                          Snow:       51 cm         YTD:     143 cm
                Maximum Snowstake Depth:      51 cm Day: 23


============================== Daily Weather Data==============================
Column Titles:
        1. Day                         9. Wind 2-Min Peak(knots)
        2. Temperature High    (C)    10. Wind 2-min Peak Direction(degrees)
        3. Temperature Low     (C)    11. Wind Average(knots)
        4. Temperature Average (C)    12. Wind Prevailing Direction
        5. Pressure High      (mb)    13. Precipitation Melted(mm)
        6. Pressure Low       (mb)    14. Precipitation Snowzz(cm)
	7. Pressure Average   (mb)    15. Depth at Snowstake(cm)
        8. Wind 5-Sec Peak (knots)    16. Sea Temp/Ice(WMO code)

June 2012
 1  -1.2  -2.9  -1.7  998.3  992.1  994.6 19 18 249  8 SW  0.5  1  18 010090/4/0
 2  -0.3  -3.6  -1.5  992.2  975.1  982.4 38 31 257 16 NW  1.0  1  24 0101520450
 3  -0.5  -5.7  -3.1  980.2  964.0  974.3 41 34 261 18 W   5.6  0  20 0101621450
 4  -1.2  -7.1  -3.6  984.0  963.1  968.9 23 17 123  7 SE  6.6 10  35 0101421450
 5  -1.6  -7.1  -5.6  994.7  965.5  987.3 62 53 040 15 NE  0.5 12  42 010120/4/0
 6  -0.9  -7.9  -4.2  977.5  962.5  968.8 43 36 036 20 SW  0.8  0  33 010070/4/0
 7  -1.1  -8.8  -5.9  995.8  977.0  988.3 46 33 022 15 N   0.3  0  30 010130/4/0
 8  -1.9  -7.3  -4.1  980.8  964.3  971.3 31 24 217 10 SW  3.1  2  30 010130/4/0
 9  -5.5  -9.6  -8.0  970.9  963.1  966.5 20 17 257  8 SW  0.3  5  42 010170/4/0
10  -8.7 -11.9 -10.1  974.9  970.4  972.4 19 14 231  7 E   0.0  1  44 010160/4/0
11  -4.4 -11.1  -6.6  974.9  967.8  971.8 42 33 224 17 SW  0.0  0  38 010120/4/0
12  -6.0 -11.3  -9.2  981.8  972.7  978.6 25 18 102  9 E   0.0  0  36 010130/6/0
13 -10.3 -12.8 -11.4  999.9  981.8  988.8 25 18 120  9 E   0.0  0  35 010120/6/0
14  -6.4 -11.1  -7.3 1006.2 1000.0 1004.7 22 16 218  9 SW  0.0  0  35 010150/6/0
15   0.0  -7.6  -3.0 1005.5  982.3  992.4 46 36 030 16 NE  0.3  0  33 010110/6/0
16  -1.4  -6.8  -3.6  986.8  972.8  981.9 33 28 313 15 W   2.5  0  35 010120/6/0
17  -4.6 -13.5  -9.8  972.7  959.9  966.4 47 35 210 14 E   1.5  3  48 010080/6/0
18  -6.6 -12.1  -8.7  981.0  968.8  975.1 23 17 318  8 W   1.5  0  47 010140/6/0
19  -0.5  -9.1  -4.8  982.9  972.0  978.2 49 38 025 14 NE  0.3  2  46 010120/6/0
20   1.7  -0.5   0.3  975.9  959.4  969.8 44 33 030 22 N   0.8  1  44 010100/6/0
21   1.9  -2.0   0.2  966.2  958.0  963.4 44 34 023 25 N   1.3  0  43 010120/6/0
22   2.0  -0.7   0.4  961.0  952.2  955.5 37 30 053 13 E   0.0  0  43 010110/6/0
23  -0.5  -6.9  -3.4  974.3  954.9  966.2 21 17 223  7 W   0.0  3  51 010120/6/0
24  -1.5  -6.8  -3.7  974.6  962.5  971.7 35 27 046  8 E   0.3  1  51 010130/6/0
25  -0.6  -6.2  -3.9  962.9  954.6  958.9 45 34 050 20 E   0.0  0  47 010090/6/0
26  -4.1  -8.3  -6.1  969.9  959.0  964.5 29 24 039  9 E   0.0  0  45 010140/6/0
27  -5.4  -9.6  -8.0  978.4  969.9  973.6 24 21 029  8 NE  0.0  0  45 010150/6/0
28  -6.2  -8.2  -7.1  979.2  975.6  977.5 36 26 069 12 E   0.0  0  45 010170/6/0
29  -1.0  -7.8  -3.9  977.0  969.0  972.5 32 15 290  6 N   5.6  0  44 010140/6/0
30  -2.0  -4.4  -2.9  974.1  967.0  969.8 28 22 152  6 SE  0.0  9  45 010160/4/0
