********************************************************************************
Palmer Station Weather Highlights:       June 2005

        Temperature:    Abs Max:     2.6 C          Day: 1
                        Abs Min:   -14.0 C          Day: 30
                            Avg:    -5.7 C
                        Avg Max:    -4.0 C
                        Avg Min:    -7.5 C

        Pressure:       Abs Max:  1026.8 mb         Day: 18
                        Abs Min:   964.4 mb         Day: 6
                            Avg:   995.8 mb
                        Avg Max:   999.5 mb
                        Avg Min:   992.3 mb

        Wind:             Peak:       47 kts        Day: 4
                           Avg:        8 kts
                        Days Prevailing:      N: 4
                                             NE: 10
                                              E: 4
                                             SE: 1
                                              S: 0
                                             SW: 6
                                              W: 4
                                             NW: 1

        Precipitation:  Melted:     14.0 mm         YTD:   301.5 mm
                          Snow:       46 cm         YTD:     158 cm
                Maximum Snowstake Depth:      64 cm Day: 29


============================== Daily Weather Data==============================
Column Titles:
        1. Day                         9. Wind 2-Min Peak (knots)
        2. Temperature High    (C)    10. Wind 2-min Peak Direction (degrees)
        3. Temperature Low     (C)    11. Wind Average (knots)
        4. Temperature Average (C)    12. Wind Prevailing Direction
        5. Pressure High      (mb)    13. Precipitation Melted (mm)
        6. Pressure Low       (mb)    14. Precipitation Snow (cm)
        7. Pressure Average   (mb)    15. Depth at Snowstake (cm)
        8. Wind 5-Sec Peak (knots)    16. Sea Temp/Ice (WMO code)

 1   2.6  -3.3  -0.3  972.8  968.8  970.7 32 25 037 11 NE  0.0  0  48 0100921690
 2  -2.6  -5.1  -3.7  987.2  971.2  979.1 28 23 027 10 NE  0.0  0  46 0101121690
 3  -3.8  -6.9  -5.0  990.0  986.9  989.1 19 14 049  4 NE  0.0  0  45 0101421690
 4   0.4  -4.8  -2.1  988.4  975.1  980.8 47 36 075 10 E   0.0  0  44 0100821690
 5   1.6  -2.0  -0.1  976.9  966.0  971.5 38 31 034 15 NE  0.3  0  44 010070/6/0
 6  -0.1  -3.7  -1.7  969.9  964.4  967.4 28 24 031 11 N   2.3  3  48 010100/6/0
 7  -2.3  -8.6  -6.5  974.5  969.8  972.7 25 20 040 10 W   1.5  5  46 0101421690
 8  -6.2 -10.8  -8.5  975.0  968.1  972.4 29 24 041 10 N   0.5  1  47 0101721690
 9  -7.0 -10.9  -9.3  971.6  967.2  968.3 20 17 036  8 E   0.0  0  44 0101521690
10  -8.3 -11.2  -9.9  989.0  971.6  981.0 21 17 070  7 E   0.0  0  44 0101521790
11  -4.7  -9.1  -6.9  993.2  989.0  991.4 11  9 160  4 NE  0.0  0  44 0101521790
12  -4.1  -6.9  -5.9  997.9  992.4  993.4 14 13 237  5 SW  0.0  0  43 0101621790
13  -4.8  -8.1  -6.2 1009.7  998.0 1006.6 16 12 261  7 N   0.0  0  43 0101521790
14  -1.2  -5.2  -2.5 1007.5  997.3 1001.0 22 17 304 10 W   1.8  3  47 0101621790
15  -0.6  -5.3  -3.2 1012.3 1003.7 1006.2 33 27 235 10 SW  1.8  3  48 0101621790
16  -5.0  -6.7  -6.1 1014.2 1011.7 1013.0 24 20 227 11 SW  0.0  0  48 0101521990
17  -4.3  -7.8  -6.2 1018.2 1011.9 1013.8 21 17 035  4 SW  0.0  0  48 0101521990
18  -4.2  -6.1  -5.1 1026.8 1017.9 1024.2 26 22 024 10 NE  0.0  0  47 0101421990
19  -4.3  -7.5  -5.9 1026.3 1021.6 1024.4 13 11 226  4 SW  0.0  0  47 0101621990
20  -4.8  -8.3  -6.5 1021.6 1014.9 1018.4 12  9 334  4 NE  0.0  0  47 0101621993
21  -3.7  -5.5  -4.5 1015.2 1013.8 1014.3 10  9 258  4 W   0.0  0  47 0101621993
22  -3.4  -5.0  -4.1 1014.2 1009.7 1012.1 14 11 259  6 W   0.0  0  46 0101521996
23  -2.5  -6.1  -3.6 1010.0 1005.4 1006.9 18 15 301  7 NW  0.0  0  47 0101421996
24  -5.8  -9.4  -7.2 1010.4 1005.8 1008.0 12 10 041  2 NE  0.0  0  47 0101521996
25  -5.3  -8.3  -6.8 1010.0 1001.4 1005.8 12 10 231  5 NE  0.0  0  47 0101421996
26  -7.1 -10.2  -9.2 1001.7  997.5  998.8 17 14 057  4 SW  1.0  6  53 0101621996
27  -6.1  -7.5  -6.8 1002.0  998.3  999.2 26 21 051  6 E   0.3  1  47 0101621996
28  -5.4  -8.7  -7.4 1005.1  997.0 1002.7 24 21 023 12 N   1.0  4  48 0101421996
29  -5.3 -12.5  -8.2  996.9  982.6  987.4 29 21 119 10 SE  3.6 20  64 0101421996
30 -10.5 -14.0 -12.6  995.0  989.6  993.4 19 17 035  6 NE  0.0  0  60 0101621990