********************************************************************************
Palmer Station Weather Highlights:       February 2005

        Temperature:    Abs Max:     9.8 C          Day: 10
                        Abs Min:    -2.2 C          Day: 6
                            Avg:     1.6 C
                        Avg Max:     3.4 C
                        Avg Min:     0.1 C

        Pressure:       Abs Max:  1007.2 mb         Day: 9
                        Abs Min:   965.2 mb         Day: 15
                            Avg:   983.9 mb
                        Avg Max:   989.4 mb
                        Avg Min:   978.1 mb

        Wind:             Peak:       79 kts        Day: 19
                           Avg:       11 kts
                        Days Prevailing:      N: 14
                                             NE: 2
                                              E: 0
                                             SE: 2
                                              S: 0
                                             SW: 3
                                              W: 3
                                             NW: 4

        Precipitation:  Melted:    114.1 mm         YTD:   160.8 mm
                          Snow:       12 cm         YTD:      22 cm
                Maximum Snowstake Depth:       4 cm Day: 13


============================== Daily Weather Data==============================
Column Titles:
        1. Day                         9. Wind 2-Min Peak (knots)
        2. Temperature High    (C)    10. Wind 2-min Peak Direction (degrees)
        3. Temperature Low     (C)    11. Wind Average (knots)
        4. Temperature Average (C)    12. Wind Prevailing Direction
        5. Pressure High      (mb)    13. Precipitation Melted (cm)
        6. Pressure Low       (mb)    14. Precipitation Snow (cm)
        7. Pressure Average   (mb)    15. Depth at Snowstake (cm)
        8. Wind 5-Sec Peak (knots)    16. Sea Temp/Ice (WMO code)

 1   1.8  -0.2   0.8  993.1  983.4  988.2 12 10 305  5 N   9.4  0   0 010030/8/0
 2   1.1  -0.3   0.4  983.4  979.3  980.9 16 13 260  5 NW  0.0  1   0 0100624892
 3   1.9  -0.8   0.5  983.8  978.8  981.0 15 12 245  5 NW  0.8  0   0 0100724892
 4   3.9  -0.1   2.5  983.5  967.5  973.8 42 33 023 13 NE  2.8  0   0 000000/8/0
 5   4.9   0.8   1.9  975.6  965.4  969.3 26 20 350  7 N   2.3  0   0 000040/8/0
 6   2.3  -2.2   0.3  994.0  975.7  986.6 30 23 238  9 NW  2.3  2   0 000040/8/0
 7   5.1   0.4   2.2  999.9  986.5  995.4 52 41 048 13 N   1.0  0   0 000030/8/0
 8   5.0   1.6   3.7  991.8  983.8  988.7 48 36 023 16 N   4.8  0   0 000060/8/0
 9   5.5   1.5   2.6 1007.2  989.8 1002.2 16 13 262  6 NW  0.5  0   0 000110/7/0
10   9.8   2.7   5.3 1005.3  984.3  994.0 64 50 028 17 NE 10.7  0   0 000110/7/0
11   3.7   1.6   2.8  993.2  982.5  990.7 50 35 009 22 N   4.1  0   0 000080/7/0
12   3.6   0.6   2.4  982.3  975.4  978.5 49 36 016 18 N   6.6  0   0 010050/7/0
13   1.2  -0.3   0.5  994.2  970.2  978.4 40 31 228 16 SW  7.6  6   4 000050/7/0
14   3.6   0.0   2.1  995.0  987.7  990.6 38 29 020 16 N  18.5  0   0 000060/7/0
15   3.5   0.6   2.2  987.8  965.2  975.5 42 32 036 22 N  11.9  0   0 000030/7/0
16   4.4  -0.1   2.5  984.4  971.5  979.3 48 39 030 20 N   5.8  0   0 000060/7/0
17   3.9   1.5   2.2  976.9  969.3  973.6 35 27 335 18 N   5.1  0   0 010090/7/0
18   2.0  -0.8   0.6  981.5  968.8  973.7 72 26 257 12 W   1.0  1   0 000050/7/0
19   1.1  -1.3   0.2  989.3  981.6  986.4 79 28 257 14 W   0.8  0   0 000060/7/0
20   1.8  -1.4   0.2  988.9  983.0  986.1 23 18 345  7 SE 14.7  2   0 000050/7/0
21   2.2  -1.3  -0.1  994.7  983.0  990.2 27 24 242 10 SW  0.8  0   0 010050/7/0
22   2.3  -1.7   0.1  993.8  978.9  986.8 19 13 150  5 N   0.0  0   0 010030/7/0
23   2.4  -0.4   0.7  979.4  975.8  977.3 18 11 352  4 N   2.3  0   0 000000/7/0
24   5.0   1.0   2.3  983.7  979.5  982.7 30 24 355  6 N   0.0  0   0 000070/7/3
25   4.2   0.9   1.8  982.0  973.5  977.6 20 17 359  5 N   0.0  0   0 000060/7/0
26   3.2  -0.1   0.9  980.9  970.9  973.4  8  6 192  2 SE  0.0  0   0 000040/7/0
27   1.1  -0.4   0.6  997.0  980.9  991.2 13 12 244  6 SW  0.0  0   0 000080/7/0
28   3.5  -0.1   1.2  999.4  994.2  997.1 23 17 247  6 W   0.3  0   0 000080/7/0