********************************************************************************
Palmer Station Weather Highlights:       August 2005

        Temperature:    Abs Max:     2.0 C          Day: 9
                        Abs Min:   -19.9 C          Day: 18
                            Avg:    -6.1 C
                        Avg Max:    -2.7 C
                        Avg Min:    -9.5 C

        Pressure:       Abs Max:  1012.2 mb         Day: 27
                        Abs Min:   958.7 mb         Day: 10
                            Avg:   990.9 mb
                        Avg Max:   995.2 mb
                        Avg Min:   985.6 mb

        Wind:             Peak:       65 kts        Day: 11
                           Avg:       10 kts
                        Days Prevailing:      N: 10
                                             NE: 7
                                              E: 0
                                             SE: 1
                                              S: 0
                                             SW: 0
                                              W: 3
                                             NW: 8

        Precipitation:  Melted:     30.7 mm         YTD:   363.2 mm
                          Snow:       27 cm         YTD:     230 cm
                Maximum Snowstake Depth:      76 cm Day: 7


============================== Daily Weather Data==============================
Column Titles:
        1. Day                         9. Wind 2-Min Peak (knots)
        2. Temperature High    (C)    10. Wind 2-min Peak Direction (degrees)
        3. Temperature Low     (C)    11. Wind Average (knots)
        4. Temperature Average (C)    12. Wind Prevailing Direction
        5. Pressure High      (mb)    13. Precipitation Melted (mm)
        6. Pressure Low       (mb)    14. Precipitation Snow (cm)
        7. Pressure Average   (mb)    15. Depth at Snowstake (cm)
        8. Wind 5-Sec Peak (knots)    16. Sea Temp/Ice (WMO code)

 1  -7.4 -16.1 -12.4 1002.8  996.9 1000.5   9    8 120    3 NE   0.0  0 69 0101644896
 2   0.3 -10.8  -4.5 1003.3  988.5  998.8  33   27 048    7 NE   0.0  0 68 0101644896
 3   0.7  -5.4  -1.3  988.7  982.1  986.0  40   33 026   15 NE   0.0  0 65 0101744896
 4  -0.7  -6.8  -3.3  982.2  976.8  979.1  33   27 035   10 NE   0.8  2 65 0101734890
 5   0.2  -4.2  -1.3  978.6  971.0  975.4  56   45 032   19 N    3.1  0 65 0101734890
 6  -3.3  -7.4  -5.5  997.4  978.6  989.1  15   13 342    8 NW   0.3  1 65 0101734890
 7   0.2  -4.8  -1.4  999.0  996.0  997.4  29   23 331   12 NW   6.6  8 76 0101724790
 8   1.5  -0.2   0.7  998.9  980.8  991.5  41   32 034   21 N    7.1  3 69 0101724790
 9   2.0   0.5   1.3  980.8  968.5  972.5  56   43 039   22 N    4.1  0 69 0101724690
10   0.6  -2.9  -0.7  975.5  958.7  968.5  31   25 351    8 N    0.5  1 69 0101654692
11  -1.3 -13.3  -7.5  981.8  959.1  971.6  65   49 023   16 NW   0.8  2 68 0101754692
12  -4.2 -13.2  -9.5  981.7  970.9  977.7  34   29 336    7 NE   0.0  0 69 0101754692
13  -5.2 -13.1 -10.0  983.9  965.2  971.5  25   20 255    6 W    1.3  3 72 0101754692
14   0.7 -13.1  -3.3  984.7  972.0  978.0  49   36 018   20 N    0.8  0 68 0101744692
15   1.4  -5.2  -2.3  979.3  967.9  974.4  58   44 021   22 N    0.5  0 68 0101744692
16  -0.7  -4.2  -2.3  981.2  975.3  978.6  54   39 008   23 N    0.3  0 68 0101734692
17  -2.7 -10.4  -6.6  981.1  976.4  978.6  29   23 314    9 N    1.3  2 68 0101754693
18  -9.6 -19.9 -15.9  986.2  980.9  984.0  14   12 271    6 W    0.0  2 69 0101714796
19 -13.3 -19.7 -16.8  998.2  986.2  993.5  10    8 331    3 NW   0.0  0 69 0101714796
20  -1.2 -14.1  -8.0 1003.0  997.7  999.5  24   17 266    5 NW   0.5  0 69 0101714796
21  -2.0  -3.7  -2.8 1008.1 1002.8 1006.6  15   11 251    5 NW   1.5  1 70 0101614796
22  -1.9  -5.7  -4.1 1010.9 1007.2 1009.4  14   10 291    4 NW   0.0  0 70 0101714796
23  -4.9  -8.7  -6.2 1011.4 1010.3 1010.8   6    5 335    2 NE   0.0  0 70 0101714796
24  -2.8 -10.6  -6.7 1011.5 1009.5 1010.8   5    4 150    1 NE   0.0  0 70 0101714796
25  -4.4  -8.3  -5.9 1009.5 1002.0 1006.2   9    7 150    1 SE   0.0  0 70 0101714796
26  -3.0 -10.6  -6.7 1002.2  996.9  999.0  17   12 245    5 N    1.3  2 73 0101714796
27  -6.5 -15.5 -11.3 1012.2 1002.2 1009.0 n/a  n/a n/a  n/a n/a  0.0  0 73 0101714796
28  -5.4 -11.7  -9.7 1011.7  992.0 1005.6 n/a  n/a n/a  n/a n/a  0.0  0 73 0101714796
29  -3.0 -14.6  -9.6  994.7  985.1  988.4  32   25 254   11 W    0.3  0 73 0101714796
30  -7.0 -14.6 -11.0 1002.1  994.6  998.2  11    8 357    3 NW   0.0  0 72 0101744796
31  -2.0  -7.5  -4.0 1008.5 1002.1 1006.3  12   10 336    5 N    0.0  0 72 0101744796
