********************************************************************************
Palmer Station Weather Highlights:       January 2005

        Temperature:    Abs Max:     8.2 C          Day: 20
                        Abs Min:    -2.1 C          Day: 28
                            Avg:     1.6 C
                        Avg Max:     4.1 C
                        Avg Min:    -0.1 C

        Pressure:       Abs Max:  1000.1 mb         Day: 19
                        Abs Min:   969.7 mb         Day: 11
                            Avg:   985.5 mb
                        Avg Max:   988.4 mb
                        Avg Min:   982.2 mb

        Wind:             Peak:       42 kts        Day: 2
                           Avg:        6 kts
                        Days Prevailing:      N: 6
                                             NE: 3
                                              E: 2
                                             SE: 5
                                              S: 0
                                             SW: 3
                                              W: 3
                                             NW: 9

        Precipitation:  Melted:     46.7 mm         YTD:    46.7 mm
                          Snow:       10 cm         YTD:      10 cm
                Maximum Snowstake Depth:       0 cm Day: NA


============================== Daily Weather Data==============================
Column Titles:
        1. Day                         9. Wind 2-Min Peak (knots)
        2. Temperature High    (C)    10. Wind 2-min Peak Direction (degrees)
        3. Temperature Low     (C)    11. Wind Average (knots)
        4. Temperature Average (C)    12. Wind Prevailing Direction
        5. Pressure High      (mb)    13. Precipitation Melted (cm)
        6. Pressure Low       (mb)    14. Precipitation Snow (cm)
        7. Pressure Average   (mb)    15. Depth at Snowstake (cm)
        8. Wind 5-Sec Peak (knots)    16. Sea Temp/Ice (WMO code)

 1   3.3   0.2   1.2  987.7  982.6  985.0 26 20 125  3 N   0.5  0   0 000050/7/0
 2   4.9  -0.1   2.3  990.0  983.0  986.6 42 33 019  8 SE  2.5  2   0 000040/7/0
 3   5.8   3.2   4.4  993.9  990.0  992.4 37 31 032 20 NE  3.1  0   0 000020/7/0
 4   5.3   1.7   3.8  993.0  986.9  990.8 39 31 026 14 SE  9.9  0   0 000040/7/0
 5   6.2  -0.5   2.3  986.9  981.7  983.4 25 19 027  6 W   2.0  0   0 010030/7/0
 6   1.8  -1.6  -0.2  984.5  980.6  983.0 11 10 264  4 NW  0.0  0   0 010030/7/0
 7   1.5  -0.8   0.1  980.6  977.3  978.9  8  6 330  3 SW  0.0  0   0 000010/7/0
 8   1.0  -1.2  -0.5  977.5  974.4  976.1  9  7 019  4 SW  0.0  0   0 000020/7/0
 9   1.1  -1.7  -0.5  981.8  974.4  977.9 11  9 326  4 NW  0.3  0   0 0100324793
10   5.3  -0.3   1.8  982.7  970.5  978.4 32 26 063  8 E   3.8  0   0 0000324791
11   4.9   1.6   3.3  974.2  969.7  971.4 26 20 120  8 E   5.3  0   0 000020/7/0
12   6.7   0.7   2.9  985.5  974.2  979.7 20 14 102  3 NW  0.0  0   0 000060/7/0
13   4.6  -0.1   2.0  986.7  985.5  986.1  9  8 352  3 N   0.0  0   0 000070/8/0
14   4.9   0.4   2.4  987.6  984.7  985.5 20 16 156  6 SE  0.0  0   0 000100/8/0
15   6.3  -1.2   2.3  988.1  982.4  986.0  7  6 304  3 N   0.0  0   0 000100/8/0
16   3.6  -0.7   1.6  985.3  982.3  983.9 14 12 033  3 NE  0.0  0   0 000160/8/0
17   5.1   0.3   1.8  993.6  985.1  989.3 14 11 204  4 NW  0.0  0   0 000160/8/0
18   2.7  -1.7  -0.1  998.9  993.6  996.3 11 10 238  4 NW  0.0  0   0 000130/8/0
19   1.6  -1.0  -0.3 1000.1  996.8  999.1  8  7 271  4 NW  0.3  0   0 0000624893
20   8.2  -1.7   2.3  996.8  981.1  987.9 22 17 120  5 SE  0.0  0   0 0001024892
21   6.9   1.9   3.3  983.4  978.7  981.6 20 15 071  4 NW  0.0  0   0 000060/8/0
22   6.2   1.7   2.9  978.7  973.6  975.3 19 12 230  6 N   0.0  0   0 000020/8/0
23   3.9   1.3   2.5  987.9  976.8  982.3 12  9 295  3 NW  0.0  0   0 010030/8/0
24   2.4   0.3   1.2  993.0  987.9  991.6  9  7 357  4 W   0.0  0   0 0000324893
25   3.5  -0.1   0.9  992.7  984.3  989.7 10  8 262  3 W   0.0  0   0 000020/8/0
26   2.2  -0.2   0.7  984.3  978.9  981.2 19 15 225  5 SE  8.4  5   0 000070/8/0
27   3.0  -0.6   0.6  991.6  984.2  988.0 13 12 015  5 N   0.0  2   0 010010/8/0
28   5.3  -2.1   0.9  991.9  981.7  987.3 37 32 048  8 NE  1.5  0   0 000020/8/0
29   4.3   0.5   2.1  990.9  982.8  987.0 34 26 035  5 NW  3.1  0   0 000060/8/0
30   1.0  -1.4  -0.5  996.4  990.9  994.3 19 15 232  8 SW  0.0  0   0 000070/8/0
31   2.1  -0.9   0.6  994.9  990.5  993.1 14 12 338  7 N   6.1  1   0 000040/8/0