********************************************************************************
Palmer Station Weather Highlights:       July 2005

        Temperature:    Abs Max:     3.2 C          Day: 8
                        Abs Min:   -16.6 C          Day: 31
                            Avg:    -5.7 C
                        Avg Max:    -3.1 C
                        Avg Min:    -8.1 C

        Pressure:       Abs Max:  1015.0 mb         Day: 26
                        Abs Min:   963.9 mb         Day: 23
                            Avg:   995.9 mb
                        Avg Max:  1000.6 mb
                        Avg Min:   991.1 mb

        Wind:             Peak:       56 kts        Day: 22
                           Avg:        8 kts
                        Days Prevailing:      N: 10
                                             NE: 6
                                              E: 1
                                             SE: 4
                                              S: 0
                                             SW: 3
                                              W: 7
                                             NW: 0

        Precipitation:  Melted:     31.0 mm         YTD:   332.5 mm
                          Snow:       45 cm         YTD:     203 cm
                Maximum Snowstake Depth:      72 cm Day: 30


============================== Daily Weather Data==============================
Column Titles:
        1. Day                         9. Wind 2-Min Peak (knots)
        2. Temperature High    (C)    10. Wind 2-min Peak Direction (degrees)
        3. Temperature Low     (C)    11. Wind Average (knots)
        4. Temperature Average (C)    12. Wind Prevailing Direction
        5. Pressure High      (mb)    13. Precipitation Melted (mm)
        6. Pressure Low       (mb)    14. Precipitation Snow (cm)
        7. Pressure Average   (mb)    15. Depth at Snowstake (cm)
        8. Wind 5-Sec Peak (knots)    16. Sea Temp/Ice (WMO code)

 1  -7.7 -13.7 -11.7  999.6  994.2  996.5 21 18 021  8 NE  0.0  0  57 0101621990
 2  -7.5  -8.9  -8.2 1002.2  999.5 1000.7 23 18 208 11 SW  0.0  0  56 0101621990
 3  -1.4  -9.0  -6.5 1002.8  986.1  997.9 49 37 027 10 E   0.0  0  54 0101521990
 4  -1.5 -11.5  -8.1  992.8  985.4  988.6 29 25 245 12 W   1.0  0  53 0101521990
 5  -2.5 -12.8  -8.6  995.5  983.5  988.3 38 31 241 19 W   0.3  0  53 0101621990
 6 -11.2 -13.4 -12.2 1007.3  995.3 1003.7 26 20 241  7 SW  0.0  0  53 0101622996
 7  -2.5 -12.7  -6.9 1007.2 1005.6 1006.5  8  7 123  3 N   0.0  0  52 0101622996
 8   3.2  -2.4  -0.7 1006.0  995.1 1001.2 29 19 357  5 SE  0.0  0  52 0101422996
 9   0.5  -2.3  -1.2  999.1  994.2  996.5 23 18 015  4 N   0.0  0  52 0101422996
10  -1.5  -5.5  -4.0 1002.0  999.1 1001.0 16 13 034  3 NE  0.0  0  52 0101622990
11   0.5  -4.2  -2.5 1002.1  993.7  998.9 23 16 127  6 SE 11.2 10  63 0101422990
12   2.6  -0.4   1.2  993.7  989.4  992.0 42 34 028 19 N   3.1  2  62 0101422991
13   2.2  -1.7   0.3  996.1  990.7  992.4 26 20 019  6 NE  2.8  6  69 0101522990
14  -1.5  -6.2  -3.8 1001.5  996.1  999.2 17 11 008  3 NE  0.0  0  66 0101622990
15   0.0  -3.9  -1.4  996.4  984.3  988.6 30 23 070  8 SE  0.0  0  63 0101620990
16  -1.6  -5.7  -3.8 1003.7  987.3  995.2 17 12 138  5 N   0.0  0  63 0101520990
17  -4.7  -6.7  -5.3 1006.3  998.1 1003.6 12  9 277  3 W   0.0  0  63 0101621990
18  -4.8  -8.4  -6.4 1008.4  997.7 1002.4 10  8 358  4 N   0.0  0  63 0101621990
19  -7.1  -9.2  -8.5 1009.3 1007.4 1008.3  9  7 045  4 NE  0.0  0  63 0101721990
20  -3.4  -9.1  -6.6 1007.5 1000.0 1005.3 23 19 038  6 NE  0.0  0  63 0101621996
21   1.6  -5.0  -0.3 1000.2  984.9  990.8 37 31 022 13 SE  0.0  0  63 0101421996
22   2.4   0.2   0.9  986.3  967.0  975.3 56 43 036 20 N   1.5  1  62 0101121990
23   1.4  -1.9  -0.6  984.5  963.9  974.2 31 26 028 10 N   5.8  5  68 0101621990
24  -1.0  -7.1  -3.6 1007.8  984.3  995.0 33 26 038 11 N   0.8  2  67 0////34896
25  -7.1 -11.1 -10.0 1014.4 1007.7 1011.7 18 14 275  5 W   0.0  3  70 0////34896
26  -7.8 -13.8 -10.3 1015.0 1004.4 1012.1 14 12 018  5 N   0.0  1  68 0////23896
27  -2.9  -9.1  -5.8 1004.4  993.4  996.4 25 21 239 11 W   0.8  3  68 0////23896
28  -4.3 -11.0  -9.3  996.3  985.9  993.7 53 39 022 12 SW  0.0  1  68 0////23896
29  -2.0 -13.2  -4.6  986.8  980.8  983.1 44 36 031 13 N   3.8  6  70 0101723896
30 -12.5 -15.3 -14.0  988.0  980.2  983.1 18 15 241  8 W   0.0  4  72 0101623896
31 -13.0 -16.6 -15.2  996.8  988.0  992.0 16 13 255  5 W   0.0  1  70 0101634896