From:  Glenn Grant, Research Associate
       Palmer Station, Antarctica
       pal.ra@usap.gov

To:    Palmer Station Monthly Weather Distribution

To be added or dropped from this distribution list please
reply to this message or write to: pal.ra@usap.gov

********************************************************************************
Palmer Station Weather Highlights:       September 2005

        Temperature:    Abs Max:     4.2 C          Day: 7
                        Abs Min:   -14.3 C          Day: 6
                            Avg:    -2.7 C
                        Avg Max:     0.5 C
                        Avg Min:    -5.9 C

        Pressure:       Abs Max:  1023.4 mb         Day: 5
                        Abs Min:   974.8 mb         Day: 18
                            Avg:   998.2 mb
                        Avg Max:  1002.6 mb
                        Avg Min:   993.8 mb

        Wind:             Peak:       53 kts        Day: 15
                           Avg:        7 kts
                        Days Prevailing:      N: 7
                                             NE: 9
                                              E: 3
                                             SE: 5
                                              S: 0
                                             SW: 0
                                              W: 1
                                             NW: 5

        Precipitation:  Melted:     20.1 mm         YTD:   383.3 mm
                          Snow:       14 cm         YTD:     244 cm
       Maximum Snowstake Depth:       77 cm         Day: 1


============================== Daily Weather Data==============================
Column Titles:
        1. Day                         9. Wind 2-Min Peak (knots)
        2. Temperature High    (C)    10. Wind 2-min Peak Direction (degrees)
        3. Temperature Low     (C)    11. Wind Average (knots)
        4. Temperature Average (C)    12. Wind Prevailing Direction
        5. Pressure High      (mb)    13. Precipitation Melted (mm)
        6. Pressure Low       (mb)    14. Precipitation Snow (cm)
        7. Pressure Average   (mb)    15. Depth at Snowstake (cm)
        8. Wind 5-Sec Peak (knots)    16. Sea Temp/Ice (WMO code)

 1  -0.4  -3.4  -1.8 1009.8 1004.4 1006.4 28 23 015 11 N   2.0  3  77 0101744796
 2   2.1  -6.9  -2.3 1013.7 1009.0 1011.8 28 24 021  6 SE  0.0  0  77 0101844791
 3   3.1  -3.3   1.3 1009.0  999.9 1003.8 48 38 028 17 NE  0.5  0  72 0101744791
 4  -3.0 -11.3  -7.3 1021.6 1008.7 1016.0 12 11 339  4 NW  0.8  1  72 0101744796
 5  -4.3 -13.9 -10.0 1023.4 1021.5 1022.6  5  4 245  1 NE  0.0  0  73 0101744796
 6  -4.7 -14.3 -10.6 1021.5 1012.7 1017.2  8  6 354  1 SE  0.0  0  72 0101744796
 7   4.2  -5.8   0.7 1013.1 1008.5 1011.0 32 19 070  6 E   0.0  0  72 0101744791
 8   3.9  -0.7   1.9 1008.5 1006.2 1007.0 35 29 058 10 NE  2.8  0  71 0101744791
 9   2.0  -2.1  -0.8 1006.2 1001.5 1003.0 10  8 332  2 NW  0.0  0  71 0101744791
10  -1.4  -7.1  -4.2 1012.4 1001.5 1005.4 30 23 241  6 W   0.0  0  71 0101644896
11  -1.8 -11.8  -6.6 1016.0 1012.3 1014.6 11  8 340  3 NE  0.0  0  71 0101744896
12   1.7  -9.2  -3.5 1016.0 1000.0 1011.0 14 11 157  3 N   0.0  0  71 0101744856
13   2.8  -3.3  -0.4 1000.0  980.3  987.5 22 16 052  4 SE  2.8  2  73 0101744851
14   1.7  -2.9  -0.6  988.8  979.7  983.2 22 16 354  5 NW  1.3  1  77 0101744852
15   1.4  -4.5  -0.9  989.1  979.3  985.0 53 41 021 21 N   0.5  0  73 0101644791
16   1.2  -4.7  -0.9  992.0  984.0  987.3 40 30 355 11 N   1.0  1  74 0101744791
17  -0.5  -8.2  -4.7  993.3  975.2  986.3 13 12 041  3 N   0.0  0  74 0101754791
18   0.7  -6.3  -2.9  984.3  974.8  979.0 18 15 017  5 SE  1.3  1  75 0101754791
19   2.4  -5.3  -1.5  993.3  983.8  986.8 18 15 049  5 NE  0.0  0  75 0101754791
20   1.9  -6.7  -2.6 1004.2  993.3 1000.1 11 10 026  3 E   0.0  0  75 0101644791
21  -0.5  -4.3  -2.6 1004.5 1002.1 1003.4 13 11 231  4 SE  0.0  0  75 0101744796
22   0.5  -7.2  -3.7 1002.4  990.3  997.8  7  5 119  2 NE  0.0  0  75 0101644792
23   2.8  -7.2  -2.5  990.3  982.1  985.5 28 23 072  6 NE  0.0  0  75 0101744792
24   0.0  -2.3  -1.1  984.8  979.6  981.0 35 29 072 15 E   0.3  1  75 0101634791
25   0.0  -7.5  -3.9  988.0  980.1  984.4 13 11 144  4 N   0.0  0  74 0101533791
26  -2.3  -5.6  -3.9  991.7  979.8  985.5 14 12 307  6 NW  0.0  0  74 0101533791
27   0.9  -3.8  -1.5  992.2  987.1  990.7 34 28 029 13 NE  0.0  0  73 0101423891
28   1.0  -2.5  -1.2  991.1  985.5  988.2 44 33 030  9 NE  0.0  0  72 0101523891
29  -0.8  -3.5  -2.2 1008.7  991.1  999.9 14 12 330  5 NW  0.8  2  75 0101423891
30   1.4  -2.7  -0.2 1009.1  999.1 1004.9 49 41 032 18 N   6.1  2  75 0101423891