From:  Steve Dobbs, Research Associate
       Palmer Station, Antarctica
       pal.ra@usap.gov

To:    Palmer Station Monthly Weather Distribution

To be added or dropped from this distribution list please
reply to this message or write to: pal.ra@usap.gov

********************************************************************************
Palmer Station Weather Highlights:       October 2005

        Temperature:    Abs Max:     6.6 C          Day: 31
                        Abs Min:   -12.5 C          Day: 13
                            Avg:    -1.4 C
                        Avg Max:     2.2 C
                        Avg Min:    -4.4 C

        Pressure:       Abs Max:  1011.8 mb         Day: 3
                        Abs Min:   950.8 mb         Day: 10
                            Avg:   990.0 mb
                        Avg Max:   994.8 mb
                        Avg Min:   985.0 mb

        Wind:             Peak:       66 kts        Day: 7
                           Avg:       11 kts
                        Days Prevailing:      N: 15
                                             NE: 4
                                              E: 0
                                             SE: 6
                                              S: 0
                                             SW: 0
                                              W: 0
                                             NW: 6

        Precipitation:  Melted:     43.2 mm         YTD:   426.5 mm
                          Snow:       34 cm         YTD:     278 cm
                Maximum Snowstake Depth:      86 cm Day: 25


============================== Daily Weather Data==============================
Column Titles:
        1. Day                         9. Wind 2-Min Peak (knots)
        2. Temperature High    (C)    10. Wind 2-min Peak Direction (degrees)
        3. Temperature Low     (C)    11. Wind Average (knots)
        4. Temperature Average (C)    12. Wind Prevailing Direction
        5. Pressure High      (mb)    13. Precipitation Melted (mm)
        6. Pressure Low       (mb)    14. Precipitation Snow (cm)
        7. Pressure Average   (mb)    15. Depth at Snowstake (cm)
        8. Wind 5-Sec Peak (knots)    16. Sea Temp/Ice (WMO code)

 1   2.4   0.0   1.2 1000.5  996.8  999.1 35 27 003 18 N   1.8  0  75 0101323890
 2   4.9  -1.4   0.7 1010.7  999.5 1004.1 19 17 037  5 N   0.0  0  74 0101223890
 3   5.1  -0.4   1.8 1011.8  995.4 1006.1 50 42 028 20 N   0.8  0  72 0101323791
 4   2.3   0.3   1.1  997.5  992.5  994.9 60 44 024 29 N   0.8  0  68 010132791
 5   1.2   0.3   0.7  993.9  976.1  983.8 57 44 020 29 N   5.3  0  68 0101423790
 6   0.9  -1.8  -0.5  978.3  969.9  975.8 51 35 022 20 N   0.8  1  68 0101423790
 7   1.2  -1.6   0.0  976.7  955.6  966.5 66 44 356 30 N   4.6  3  72 0101423790
 8  -0.1  -9.2  -2.8  968.7  955.6  959.2 47 35 003 18 N   1.0  4  73 0101453793
 9  -0.2 -10.1  -3.7  970.5  951.9  962.9 38 24 358 12 N   2.0  2  73 0101514793
10  -1.6 -11.3  -5.6  966.9  950.8  956.1 17 14 268  6 NW  0.5  2  74 0101554892
11   0.8 -12.1  -5.6  967.3  952.3  960.3 45 35 035 11 NE  1.5  3  74 0101544891
12   0.2  -9.9  -6.0  977.1  959.7  966.4 16 13 311  5 N   0.3  0  74 0101544892
13  -2.3 -12.5  -8.2  996.5  977.1  987.5 10  9 331  4 NW  0.0  0  74 0101554892
14  -1.9 -10.6  -7.7 1002.2  996.5 1000.5  8  6 344  3 N   0.0  0  74 0101654893
15   0.9  -8.7  -5.5 1006.1 1002.0 1003.8  9  8 134  3 SE  0.0  0  74 0101654892
16   1.8  -8.0  -2.8 1006.8  992.3 1001.4 22 19 033  4 SE  2.3  6  79 0101654893
17   3.9  -2.4  -0.4  992.3  984.5  986.8 16 12 127  4 SE  3.8  1  80 0101754892
18   2.1  -2.1  -0.4  990.7  986.1  988.2  9  8 003  3 NW  0.0  0  77 0101654891
19   1.2  -3.2  -1.3  996.2  990.6  993.3 11  9 019  5 NW  0.0  0  76 0100744891
20   1.9  -2.9   0.0 1002.5  995.8  999.4 21 18 018 10 N   0.8  1  77 0101444891
21   1.2  -3.7  -0.6 1004.3  999.9 1002.1 34 27 020 14 N   0.3  0  76 0101734991
22   4.3  -7.9  -2.6 1005.6 1002.2 1004.4 26 20 046  5 NE  0.0  0  76 0101634991
23   2.9  -2.6   0.8 1002.5  994.2  997.9 44 35 019 15 NE  0.0  0  76 0101634993
24   4.3  -5.0  -1.3 1000.6  999.4 1000.2 19 15 026  3 SE  0.0  0  76 0101744993
25   4.0  -1.6   0.0 1006.7  998.5 1001.7 15 12 178  4 SE  5.1  9  86 0101654991
26   3.4  -3.0  -0.5 1009.7 1006.7 1008.7 11  8 320  3 NW  0.0  1  77 0101654992
27   3.8  -1.5   0.4 1007.8 1001.5 1004.4 47 38 026 12 SE  2.5  1  81 0////44992
28   6.3  -4.7  -0.1 1011.6 1007.8 1010.0 14 11 240  4 NW  1.0  0  80 0////54992
29   2.5  -0.1   1.2 1009.0  988.8 1001.6 46 38 029 16 N   1.5  0  79 0101634891
30   3.8   0.7   1.8  989.1  980.1  986.7 40 32 031 20 N   2.5  0  74 0101324891
31   6.6   0.1   1.8  980.2  973.6  975.7 44 35 035 15 NE  4.1  0  71 0101124891


