From:  Steve Dobbs, Research Associate
       Palmer Station, Antarctica
       pal.ra@usap.gov

To:    Palmer Station Monthly Weather Distribution

To be added or dropped from this distribution list please
reply to this message or write to: pal.ra@usap.gov

********************************************************************************
Palmer Station Weather Highlights:          November 2005

        Temperature:    Abs Max:     8.1 C          Day: 19
                        Abs Min:    -5.9 C          Day: 4
                            Avg:     0.2 C
                        Avg Max:     3.2 C
                        Avg Min:    -1.8 C

        Pressure:       Abs Max:  1008.1 mb         Day: 7
                        Abs Min:   972.5 mb         Day: 1
                            Avg:   991.3 mb
                        Avg Max:   994.9 mb
                        Avg Min:   987.6 mb

        Wind:             Peak:       41 kts        Day: 13
                           Avg:        6 kts
                        Days Prevailing:      N: 2
                                             NE: 2
                                              E: 1
                                             SE: 5
                                              S: 0
                                             SW: 5
                                              W: 7
                                             NW: 8

        Precipitation:  Melted:     13.7 mm         YTD:   440.2 mm
                          Snow:       13 cm         YTD:     291 cm
                Maximum Snowstake Depth:      71 cm Day: 7


============================== Daily Weather Data==============================
Column Titles:
        1. Day                         9. Wind 2-Min Peak (knots)
        2. Temperature High    (C)    10. Wind 2-min Peak Direction (degrees)
        3. Temperature Low     (C)    11. Wind Average (knots)
        4. Temperature Average (C)    12. Wind Prevailing Direction
        5. Pressure High      (mb)    13. Precipitation Melted (mm)
        6. Pressure Low       (mb)    14. Precipitation Snow (cm)
        7. Pressure Average   (mb)    15. Depth at Snowstake (cm)
        8. Wind 5-Sec Peak (knots)    16. Sea Temp/Ice (WMO code)

 1   3.3  -2.4   0.0  987.2  972.5  977.6 18 14 233  5 N   0.0  0  70 0100534993
 2   4.2  -2.3  -0.2  991.5  987.2  990.4 13 10 239  3 W   0.0  0  70 0100754993
 3   4.3  -5.2  -1.0  992.4  988.6  989.7  9  8 359  2 NW  0.0  0  69 0100154992
 4  -0.6  -5.9  -3.4 1003.3  992.4  998.9 13 10 329  5 NW  0.0  0  69 0000154992
 5   0.6  -1.6  -0.8 1002.2  993.9  996.8 15 13 342  7 W   1.0  1  70 0100454992
 6   4.0  -1.4  -0.2 1002.1  995.2  999.0 19 14 243  5 W   0.0  0  70 0100654992
 7   1.9  -0.8  -0.1 1008.1 1002.0 1005.5 15 12 232  5 W   0.0  1  71 0100854992
 8   6.0  -0.6   1.1 1008.0  999.2 1005.0 15 12 136  3 NW  0.0  0  66 0100454992
 9   2.0  -0.9   0.7  999.3  994.3  996.5 17 14 328  6 SE  2.0  0  65 0100654991
10   1.9  -2.6  -0.2 1002.9  999.2 1000.6 19 14 325  7 NW  0.0  0  64 0100954993
11   1.4  -1.7  -0.4 1003.8  993.9 1001.1 13 10 261  6 NW  0.3  0  64 0101054992
12   2.9  -2.2  -0.5  993.9  975.3  981.2 31 24 229  8 SW  3.1  6  70 0101054992
13   3.9  -3.8  -1.8  994.8  982.4  991.0 41 32 229 13 SW  0.0  0  66 0101154992
14   3.4  -2.2  -0.1  995.4  989.2  992.6 19 14 248  6 W   0.3  1  66 0100954992
15   5.9  -3.5   0.2  995.3  992.1  994.3  8  6 122  2 NE  0.0  0  64 0101354992
16   3.9  -0.7   1.6  992.1  977.2  983.6 40 30 031  7 SE  4.6  0  62 0101154991
17   4.9   0.9   2.6  981.3  974.0  977.2 37 30 038 13 NE  0.0  0  61 0101024891
18   6.6   0.5   3.1  984.0  981.2  983.0 25 20 041  3 NW  0.0  0  58 0100824892
19   8.1   1.3   3.4  983.9  981.7  982.9 13 10 102  3 NW  0.0  0  53 0000334893
20   7.9  -0.4   3.1  983.6  981.9  982.6 20 15 100  4 E   0.0  0  49 0000634892
21   7.2   1.3   3.8  988.8  982.5  984.6 23 17 101  7 SE  0.0  0  48 0100224891
22   1.6  -2.6  -0.6  997.5  988.8  993.1  8  7 250  2 NW  0.0  0  39 0000634892
23   0.4  -3.5  -1.8 1001.3  997.4 1000.1  7  5 340  3 SW  0.0  0  37 0000424791
24   2.3  -1.3   0.1 1000.7  994.0  997.7  5  4 227  2 W   0.0  0  37 0000424792
25  -0.2  -2.0  -1.0  994.0  990.8  992.4 15 12 228  6 SW  0.0  0  35 0000634793
26   2.6  -2.2  -0.5  990.8  989.8  990.2  8  7 265  3 W   0.0  0  35 0100334792
27   1.5  -1.5  -0.5  990.2  985.0  988.2 10  8 276  3 SE  0.3  0  34 0100134791
28   0.7  -1.9  -0.8  987.4  983.4  984.5 12 10 203  4 SE  0.3  2  36 0000034792
29   0.7  -3.7  -1.6  995.9  987.4  992.1 24 21 240  9 SW  0.0  0  35 0100224291
30   1.9  -1.2   0.5  995.9  976.1  985.8 40 32 033 17 N   2.0  2  35 0100524292