********************************************************************************
Palmer Station Weather Highlights:       December 2005

        Temperature:    Abs Max:     8.6 C          Day: 29
                        Abs Min:    -5.4 C          Day: 3
                            Avg:     0.4 C
                        Avg Max:     3.5 C
                        Avg Min:    -1.9 C

        Pressure:       Abs Max:  1008.6 mb         Day: 28
                        Abs Min:     0.0 mb         Day: 23
                            Avg:   978.7 mb
                        Avg Max:   997.2 mb
                        Avg Min:   958.1 mb

        Wind:             Peak:       58 kts        Day: 30
                           Avg:        7 kts
                        Days Prevailing:      N: 2
                                             NE: 3
                                              E: 5
                                             SE: 6
                                              S: 1
                                             SW: 4
                                              W: 3
                                             NW: 7

        Precipitation:  Melted:     20.8 mm         YTD:   461.0 mm
                          Snow:       12 cm         YTD:     303 cm
                Maximum Snowstake Depth:      35 cm Day: 2


============================== Daily Weather Data==============================
Column Titles:
        1. Day                         9. Wind 2-Min Peak (knots)
        2. Temperature High    (C)    10. Wind 2-min Peak Direction (degrees)
        3. Temperature Low     (C)    11. Wind Average (knots)
        4. Temperature Average (C)    12. Wind Prevailing Direction
        5. Pressure High      (mb)    13. Precipitation Melted (mm)
        6. Pressure Low       (mb)    14. Precipitation Snow (cm)
        7. Pressure Average   (mb)    15. Depth at Snowstake (cm)
        8. Wind 5-Sec Peak (knots)    16. Sea Temp/Ice (WMO code)

 1   0.0  -3.8  -1.5  976.5  969.4  973.0 28 21 224 11 NW  0.5  1  34 0100924792
 2  -3.8  -5.3  -4.7  977.2  971.0  972.9 24 20 231 11 SW  0.0  1  35 0101044893
 3   2.8  -5.4  -0.8  990.5  977.1  983.3 23 18 102  9 E   0.0  0  33 0100824791
 4   4.8  -3.0   0.3 1000.9  990.5  996.5 18 13 124  5 E   0.0  0  32 0001224792
 5   1.9  -3.4  -1.2 1004.8 1000.9 1002.8 22 18 118  6 SW  0.0  0  28 0000024791
 6   1.3  -4.0  -1.1 1005.0  997.0 1002.0 30 23 120  8 E   0.0  0  27 0000324892
 7   0.5  -4.6  -1.9  997.0  987.8  991.8 14 11 074  6 E   0.0  0  24 0000624892
 8   0.9  -4.1  -1.4  991.8  987.3  988.9 14 12 226  5 SW  0.0  0  20 0000724792
 9   3.2  -2.9  -0.9  992.1  977.7  988.0 19 14 152  6 SE  0.0  0  15 0000634893
10   1.2  -1.0   0.2  978.6  972.3  975.7 32 25 016 11 NW  2.0  2  16 0000624792
11   4.1  -0.2   1.0  986.9  978.0  980.7 19 14 333  8 N   1.8  6  20 0000524792
12   3.9   0.2   2.4  987.4  977.8  983.1 45 36 037 19 NE  3.6  0   0 0000524791
13   2.6   0.2   1.6  994.1  984.1  988.9 30 23 348 18 N   0.8  0   0 0100324793
14   1.9  -0.7   0.6  999.3  994.1  996.8 20 17 332  8 NW  1.0  2   0 0101044793
15   5.1  -1.0   0.9  999.7  992.2  996.6 13 10 262  4 NW  0.0  0   0 0100354892
16   4.8  -3.1   0.5  993.9  991.6  992.4  6  5 359  2 W   0.0  0   0 0101054892
17   3.2  -2.0   0.1  999.0  993.8  995.2 14 11 227  4 S   0.0  0   0 0101054892
18   2.9  -2.5  -1.0 1004.1  999.0 1002.7 12 10 015  5 NW  0.0  0   0 0100854892
19   4.0  -2.7   0.1 1003.4  997.4  999.8 17 12 121  4 W   0.0  0   0 0100954892
20   4.9  -3.9   0.9 1001.8 1000.6 1001.4  9  7 208  2 NW  0.0  0   0 0100554892
21   4.7  -3.7   0.6 1001.5 1001.5 1001.5  7  6 227  2 NE  0.0  0   0 0100154892
22   2.4  -3.5  -1.1 1001.5 1001.5 1001.5  9  8 232  3 SW  0.0  0   0 0100454892
23   4.0  -2.8   0.2 1002.7    0.0  527.7  8  7 120  2 SE  0.0  0   0 0100144891
24   3.7   0.3   1.7 1002.7  987.4  997.4 30 24 032  8 SE  0.0  0   0 0100134892
25   3.2   0.4   1.7  994.7  984.4  988.0 27 19 077  7 E   0.0  0   0 0100334891
26   5.1  -0.3   1.7 1002.3  994.7  999.8  7  6 318  2 SE  0.0  0   0 0000324892
27   6.4   0.3   2.7 1002.2  996.0  999.2 39 32 030 10 SE  4.3  0   0 0100524891
28   5.0  -0.1   1.2 1008.6 1001.4 1005.9 15 12 229  6 W   0.0  0   0 0000129392
29   8.6  -1.0   2.3 1008.0  999.2 1005.2 48 38 031  4 SE  4.6  0   0 0100329392
30   8.6   3.9   5.8 1002.2  997.9 1000.4 58 46 029 23 NE  1.3  0   0 0000329392
31   5.1  -0.4   2.6 1002.1  998.9 1000.3 31 27 029 10 NW  1.0  0   0 0000629392