********************************************************************************
Palmer Station Weather Highlights:       May 2005

        Temperature:    Abs Max:     4.3 C          Day: 30
                        Abs Min:    -8.9 C          Day: 7
                            Avg:    -2.8 C
                        Avg Max:    -0.8 C
                        Avg Min:    -4.5 C

        Pressure:       Abs Max:  1007.9 mb         Day: 17
                        Abs Min:   972.5 mb         Day: 31
                            Avg:   993.4 mb
                        Avg Max:   996.3 mb
                        Avg Min:   990.6 mb

        Wind:             Peak:       46 kts        Day: 30
                           Avg:        5 kts
                        Days Prevailing:      N: 6
                                             NE: 13
                                              E: 5
                                             SE: 3
                                              S: 0
                                             SW: 4
                                              W: 0
                                             NW: 0

        Precipitation:  Melted:     27.4 mm         YTD:   287.5 mm
                          Snow:       27 cm         YTD:     112 cm
                Maximum Snowstake Depth:      48 cm Day: 28


============================== Daily Weather Data==============================
Column Titles:
        1. Day                         9. Wind 2-Min Peak (knots)
        2. Temperature High    (C)    10. Wind 2-min Peak Direction (degrees)
        3. Temperature Low     (C)    11. Wind Average (knots)
        4. Temperature Average (C)    12. Wind Prevailing Direction
        5. Pressure High      (mb)    13. Precipitation Melted (cm)
        6. Pressure Low       (mb)    14. Precipitation Snow (cm)
        7. Pressure Average   (mb)    15. Depth at Snowstake (cm)
        8. Wind 5-Sec Peak (knots)    16. Sea Temp/Ice (WMO code)

 1  -0.3  -6.0  -4.3  982.0  976.7  978.8 10  9 039  4 NE  0.0  0  31 0100320790
 2  -3.4  -6.9  -5.7  981.3  977.3  979.9 17 14 005  4 NE  0.0  1  32 010050/7/0
 3  -3.5  -5.9  -4.8  984.5  979.0  981.8 25 20 223 11 SW  1.3  2  35 010080/8/0
 4  -3.1  -6.8  -5.5  985.9  981.2  983.7 23 19 218  6 SW  0.0  0  36 010080/8/0
 5  -1.2  -5.4  -3.3  991.2  977.3  982.2 26 22 281 12 SW  2.3  3  37 010080/8/0
 6  -5.3  -6.6  -5.9 1001.4  991.3  997.0 22 17 228  7 SW  0.0  0  35 010070/7/0
 7  -4.0  -8.9  -6.6 1001.5  994.6  999.5 19 17 027  7 NE  0.0  0  34 0100820890
 8  -0.3  -4.4  -1.8  994.7  991.6  992.8  8  6 330  2 N   5.3  5  38 0101121790
 9   1.7  -1.2  -0.4  996.3  993.8  994.6 14 11 152  1 SE  7.1  5  43 0101021790
10   1.6  -0.6   0.3  998.4  995.9  997.3 13 11 141  3 SE  0.0  0  41 0100721790
11  -0.1  -4.1  -1.7  995.9  988.7  992.3  9  6 083  2 E   0.0  0  41 0100921790
12  -1.8  -4.1  -3.1  988.7  985.7  986.6  8  6 220  3 NE  0.0  0  41 0100821690
13   1.8  -3.0  -1.4  989.7  986.4  987.8 23 20 040  4 NE  0.0  0  41 0100721690
14   2.0  -0.9   0.5  992.1  989.6  990.7 32 25 044  7 E   0.0  0  41 0100321690
15   1.4  -1.2  -0.2  999.5  989.8  993.7 21 16 077  9 E   0.0  1  41 0100521690
16   1.2  -4.1  -1.9 1003.8  999.4 1002.4 18 14 122  4 NE  0.0  0  41 0100921690
17  -1.3  -4.8  -2.8 1007.9 1003.7 1006.0  9  8 351  4 NE  0.0  0  40 0101021690
18  -1.5  -4.3  -3.0 1006.9 1000.8 1003.2  9  8 356  3 N   0.0  0  40 0101421690
19   0.6  -2.9  -1.4 1001.1  997.8  999.2 15 11 350  5 N   0.3  0  40 0101521690
20   1.7   0.0   1.0  998.0  992.6  994.9 32 23 003 14 N   4.3  1  42 0101421690
21   3.1  -1.7   0.2 1006.0  995.5 1000.6 26 17 026  5 SE  3.1  0  42 0101121690
22  -0.6  -2.7  -1.7 1007.2 1004.3 1006.3 11  9 195  3 N   0.8  1  42 0101121790
23  -2.5  -5.9  -4.1 1004.5  998.6 1001.5  7  6 075  3 NE  0.0  0  42 0101221790
24  -2.6  -6.6  -4.2 1001.0  997.8  999.9 21 15 028  4 E   0.0  0  42 0101021790
25  -2.3  -6.4  -3.5 1001.0  994.6  998.6 16 13 029  3 NE  1.5  3  46 0101021790
26  -4.9  -7.6  -6.3  994.6  989.9  991.8 10  9 041  4 NE  0.0  0  46 0101421790
27  -3.2  -7.5  -5.2  991.0  989.3  990.1  8  6 009  3 NE  0.0  0  46 0101321790
28  -3.2  -5.4  -4.1  997.5  990.8  994.0 14 12 012  4 N   0.8  4  48 0101421790
29  -2.3  -7.8  -5.1 1000.6  994.0  998.6 18 14 129  4 NE  0.0  1  48 0101221790
30   4.3  -2.3   0.0  993.9  986.8  989.5 46 36 026  8 NE  0.8  0  48 0100921790
31   2.8  -2.5   0.5  986.8  972.5  980.1 35 28 036  7 E   0.0  0  47 0100921790