********************************************************************************
Palmer Station Weather Highlights:       April 2005

        Temperature:    Abs Max:     5.8 C          Day: 15
                        Abs Min:    -6.0 C          Day: 21
                            Avg:    -1.1 C
                        Avg Max:     0.8 C
                        Avg Min:    -2.8 C

        Pressure:       Abs Max:  1011.2 mb         Day: 23
                        Abs Min:   944.7 mb         Day: 16
                            Avg:   982.2 mb
                        Avg Max:   987.7 mb
                        Avg Min:   976.1 mb

        Wind:             Peak:       44 kts        Day: 16
                           Avg:        9 kts
                        Days Prevailing:      N: 8
                                             NE: 4
                                              E: 5
                                             SE: 7
                                              S: 0
                                             SW: 5
                                              W: 1
                                             NW: 0

        Precipitation:  Melted:     30.2 mm         YTD:   260.1 mm
                          Snow:       31 cm         YTD:      85 cm
                Maximum Snowstake Depth:      33 cm Day: 29


============================== Daily Weather Data==============================
Column Titles:
        1. Day                         9. Wind 2-Min Peak (knots)
        2. Temperature High    (C)    10. Wind 2-min Peak Direction (degrees)
        3. Temperature Low     (C)    11. Wind Average (knots)
        4. Temperature Average (C)    12. Wind Prevailing Direction
        5. Pressure High      (mb)    13. Precipitation Melted (cm)
        6. Pressure Low       (mb)    14. Precipitation Snow (cm)
        7. Pressure Average   (mb)    15. Depth at Snowstake (cm)
        8. Wind 5-Sec Peak (knots)    16. Sea Temp/Ice (WMO code)

 1   1.0  -1.3  -0.3  998.9  988.1  994.8 35 20 265  6 NE  1.5  4  30 000020/6/0
 2   4.3  -0.4   1.3 1000.3  993.5  997.6 33 28 025  9 SE  2.3  0  18 000030/6/0
 3   2.5  -1.6   0.1 1001.0  996.4  998.7 16 13 228  3 E   0.0  0  17 000040/6/0
 4   1.6   0.0   0.7 1002.1  999.2 1000.8  7  6 123  2 SE  1.8  0  15 000040/6/0
 5   3.1  -0.9   0.1  999.2  981.7  990.6 12 10 336  3 N   0.0  0  15 000000/6/0
 6   1.1  -1.0   0.0  981.7  963.8  972.9  9  8 030  2 SE  1.5  2  14 000020/6/0
 7   1.6  -0.9   0.1  967.9  961.1  963.6 10  9 237  3 N   1.0  1  15 010020/6/0
 8  -0.7  -1.9  -1.5  972.9  967.3  968.6 16 15 239  7 SW  0.3  1  17 010050/6/0
 9   1.5  -4.3  -1.5  986.1  973.0  978.4 35 25 117  8 E   0.0  0  15 000020/6/0
10   2.2  -2.8  -0.7  999.2  986.1  993.5 23 16 086  5 E   0.0  0  15 000040/6/0
11  -1.0  -2.2  -1.7 1000.2  995.6  998.8 16 12 250  5 W   0.0  0  15 010010/6/0
12   1.1  -1.7  -0.2  997.3  988.3  994.0 19 16 326  5 SE  0.3  1  16 000010/6/0
13  -0.3  -1.8  -0.9  989.4  986.5  987.8 23 20 231  8 SW  0.0  0  16 010020/6/0
14   2.2  -4.7  -0.9  989.1  970.2  980.7 27 22 128 10 SE  0.5  1  17 000040/6/0
15   5.8   1.4   2.8  970.5  955.2  962.5 34 28 032 12 SE  0.0  0  14 000010/6/0
16   3.4   0.1   1.3  955.2  944.7  948.5 44 34 032 18 N   2.8  4  15 000030/6/0
17   0.7  -2.2  -0.4  963.4  951.3  957.9 25 19 004 11 N   2.3  5  23 010020/6/0
18  -1.0  -4.1  -2.6  982.6  963.3  972.5 28 21 142 10 SE  0.3  1  24 010040/6/0
19  -0.6  -4.7  -2.6  983.7  968.0  978.9 32 26 028 12 N   0.3  0  23 010060/6/0
20  -1.8  -5.6  -3.6  981.3  965.0  971.6 35 26 120 11 E   0.0  0  22 000010/6/0
21  -2.9  -6.0  -4.2  983.1  981.3  982.6 18 16 030  9 NE  0.0  0  22 0100321690
22  -2.5  -5.3  -3.5 1004.5  982.5  993.0 26 22 048  9 SW  0.0  0  20 010040/6/0
23   1.9  -3.4  -1.6 1011.2  995.4 1006.5 44 31 019 12 N   1.5  1  21 0////0/6/0
24   1.5  -4.6  -0.1  995.5  974.4  982.2 41 32 263 21 N  12.7  4  31 0////0/6/0
25  -3.5  -6.0  -4.7  991.5  984.1  989.6 33 28 230  6 SW  0.0  0  30 0////0/6/0
26  -2.8  -5.4  -4.4  996.4  988.8  993.2 22 17 219  9 SW  0.0  0  29 010100/6/0
27   0.7  -6.0  -3.1  992.3  971.3  981.9 20 15 128  5 E   0.3  1  30 0100521690
28   3.2   0.5   2.1  971.2  963.8  966.3 43 34 031 19 NE  0.0  0  28 000010/6/0
29   1.4  -1.3  -0.3  982.0  968.2  977.4 24 20 046  9 N   1.0  4  33 0100821790
30   1.0  -4.8  -1.2  982.4  975.3  979.8 43 36 029 11 NE  0.0  1  32 0100320790