********************************************************************************
Palmer Station Weather Highlights:      October 1999

        Temperature:    Abs Max:    7.4 C          Day: 6
                        Abs Min:  -11.5 C          Day: 19
                            Avg:   -2.2 C
                        Avg Max:    0.6 C
                        Avg Min:   -4.6 C

        Pressure:       Abs Max: 1017.0 mb         Day: 2
                        Abs Min:  934.3 mb         Day: 15
                            Avg:  982.7 mb
                        Avg Max:  989.0 mb
                        Avg Min:  976.5 mb

        Wind:             Peak:      59 kts        Day: 19
                           Avg:      11 kts
                        Days Prevailing:     N: 6
                                            NE: 2
                                             E: 1
                                            SE: 3
                                             S: 0
                                            SW: 8
                                             W: 3
                                            NW: 8

        Precipitation:  Melted:    42.2 mm         YTD:   757.2 mm
                          Snow:      14 cm         YTD:     263 cm
                Days with Precipitation:     27
                Days with Snow:              27
                Maximum Snowstake Depth:     64 cm Day: 18

        Clouds: Average Cloud Coverage:      96%
                Days Overcast:               30
                Days Partly Cloudy:           1
                Days Clear:                   0



============================== Daily Weather Data ==============================
Column Titles:
        1. Day                         9. Wind Peak Direction (degrees)
        2. Temperature High   (C)     10. Wind Avg              (knots)
        3. Temperature Low    (C)     11. Wind Prevailing Direction
        4. Temperature Avg    (C)     12. Precipitation Melted     (mm)
        5. Pressure High     (mb)     13. Precipitation Snow       (cm)
        6. Pressure Low      (mb)     14. Depth at Snowstake       (cm)
        7. Pressure Avg      (mb)     15. Sky Coverage         (tenths)
        8. Wind Peak      (knots)     16. Sea Temp/Ice     (WMO coding)

01  -3.5  -5.7  -4.6 1013.8 1009.9 1013.3 21 210  7 SW  0.1  T  57 10 0101621872
02   0.7  -4.3  -1.6 1017.0 1013.2 1015.3 24 240  9 SW  0.1  T  57 10 0101524872
03   0.4  -2.3  -0.9 1016.9 1013.0 1013.9 12 260  5 NW  0.4  T  56  9 0101632892
04   2.9  -0.5   1.3 1013.2  997.9 1005.0 44 330 13 NW  5.3  1  53 10 0101632//2
05   0.7  -3.1  -2.0 1013.2  998.3 1009.0 27 230  8 SW  0.5  T  52  9 0101634362
06   7.4  -5.9  -0.1 1013.2 1000.2 1006.5 41 020  7 NE  0.0  0  52  9 0101524860
07   3.7  -1.3   0.9 1000.2  986.8  992.1 40 020 10 SE  1.0  T  51 10 0101564//0
08   2.3  -1.1  -0.6  999.5  975.7  984.9 52 020 17  N  1.1  1  52 10 01015249/0
09   2.3  -4.5  -0.7 1007.8  999.5 1005.9 29 240 10 SW  1.3  T  51 10 01017449/3
10   3.1   0.4   1.5 1005.1  999.4 1000.5 27 010 13  N  8.2  1  51 10 0101864892
11   3.2  -0.4   1.6  999.6  988.5  993.4 35 010 11  N  0.8  T  52 10 0101724892
12   3.5  -0.6   1.1  988.5  983.5  985.1 25 010  6 SE  1.2  T  52 10 0101565892
13   2.1  -2.0  -0.3  984.0  967.8  973.5 43 020 19  N  0.4  T  52 10 010160/2/0
14   0.7  -4.1  -1.3  970.0  937.1  950.8 54 040 25 NE  2.7  T  53 10 0101705//0
15  -0.3  -7.4  -4.7  943.9  934.3  939.6 37 030 17  W  0.7  T  53 10 0101920692
16  -6.9 -10.3  -9.6  956.1  943.9  951.8 33 240 18 SW  0.3  T  53 10 0101954792
17  -8.5 -10.7  -9.7  958.4  955.9  957.3 30 220 16 SW  2.4  2  54 10 0101955792
18  -5.1 -10.6  -9.0  967.8  957.9  964.0 24 240  8 SW  2.3  6  64  9 0101955792
19   1.2 -11.5  -1.8  966.6  952.6  956.9 59 020 18  N  1.3  1  54 10 0101954792
20   2.4  -0.4   0.7  963.8  956.6  962.0 41 020 20 NW  1.7  T  54 10 0102064791
21   1.4  -3.1  -1.4  961.2  952.3  955.4 24 020  5  W  0.1  T  53 10 0101954792
22   2.6  -5.8  -2.5  971.5  959.0  965.9 11 300  3 NW  0.2  T  53  8 0101944792
23  -1.5  -4.6  -3.3  981.2  971.5  978.4 21 250  8 NW  1.4  1  54 10 0101944792
24  -1.2  -5.3  -2.8  992.0  980.9  986.7 22 320 10 NW  0.5  T  56 10 0102054792
25   1.0  -7.6  -2.9  992.0  970.6  977.2 27 110  6 SE    T  T  55 10 0101954892
26   2.8  -3.5  -1.9  986.4  970.8  978.8 21 110  7  E  0.0  0  55  6 0101954792
27  -2.6  -9.4  -6.0  998.1  986.4  995.1 12 320  4  W  0.0  0  55  9 0101954792
28   1.6  -6.1  -1.2 1002.3  996.4  999.9 29 350  7 NW  0.5  T  54 10 0101954792
29   1.6  -0.7   0.6  996.4  969.0  978.9 44 020 24  N  4.8  T  57 10 0101964792
30   1.2  -3.8  -2.2  976.5  967.0  970.8 35 350 16 NW  2.9  1  59 10 0101954792
31  -2.1  -5.8  -4.1 1001.4  976.5  995.8 18 230  5 SW  0.0  0  62 10 0101954692
