Palmer Station Weather Highlights:       November, 2020

        Temperature:    Abs Max:   7.2 C                          Day: 2
                        Abs Min:   -3.5 C                         Day: 9
                            Avg:   .3 C

        Pressure:       Abs Max:   1008.4 mb              Day: 1
                        Abs Min:   952.1 mb               Day: 30
                            Avg:   977.5 mb

        Wind:             Peak:    61 kts                         Day: 2
                           Avg:    15.9 kts
                        Days Prevailing:
                                             NNE : 6
                                             NNW : 4
                                             N : 4
                                             NE : 4
                                             NW : 3
                                             WNW : 3
                                             ESE : 2
                                             W : 2
                                             SE : 1
                                             E : 1
                                             S : 0
                                             SSW : 0
                                             SSE : 0
                                             WSW : 0
                                             ENE : 0
                                             SW : 0


        Precipitation: Rainfall:      135.9 mm                    YTD:     mm
                           Snow:      36 cm                       YTD:     cm
        Maximum Snowstake Depth:      103.4 cm                    Day: 1

============================= Daily Weather Data =============================
Column Titles:
        1. Day                         9. Wind 5-Sec Peak Direction
        2. Temperature High    (C)    10. Wind Average               (knots)
        3. Temperature Low     (C)    11. Wind Prevailing Direction
        4. Temperature Average (C)    12. Rainfall                   (mm)
        5. Pressure High      (mb)    13. Precipitation Snow         (cm)
        6. Pressure Low       (mb)    14. Depth at Snowstake         (cm)
        7. Pressure Average   (mb)    15. Sea Surface Temperature    (C)
        8. Wind 5-Sec Peak (knots)    16. Sea Ice                    (WMO code)

01      6.3     -3.3    0.1     1008.4  994.6   1005    43.3    39      7.5     NE      0       0       103.4   -1.6    61690
02      7.2     1.5     2.9     994.7   977.8   987.4   61.2    342     35.8    N       4.1     0       83.2    -1.4    0/890
03      2.3     -1.8    -0.1    1001.4  978     992.6   60.4    348     20      NNW     2.3     3       85.8    -1.3    4/890
04      3.9     -0.3    1       1001.5  987.4   994.7   46.4    29      26.9    NNE     11.2    1       87      -1.6    2/890
05      5.2     -1.3    1.3     992.5   980.6   984.5   46.2    34      23.6    NNW     3       0       79.6    -1.5    2/890
06      3       -1.5    0.6     994.5   983.5   990.8   44      26      17.6    NNE     13.5    0       77.6    -1.4    1/890
07      2       -1      0.9     983.8   967.5   974.3   50.7    19      29.1    NNE     34      0       77      -1.3    1/890
08      2.2     -2.1    -0.1    973.1   963.5   966.8   32.8    25      18.7    NNE     1.3     1       78      -1.3    1/890
09      -0.5    -3.5    -2.1    979     969.7   974.8   30.7    250     13.2    W       0       2       79.6    -1.4    1/890
10      1.1     -2.4    -0.8    984.9   972.1   979.2   47.9    16      17.7    NNW     17.3    2       81.8    -1.4    1/890
11      3.6     0.3     1.1     978.9   970.9   975     38.1    5       23      N       29.5    11      93      -1.5    1/790
12      2       1.1     1.6     971.7   970.1   971     38.1    350     23.4    N       7.9     3       96      -1.5    0/790
13      2.3     -1.5    0.1     973.1   967.9   970.5   40.5    12      20.1    N       0       0       86      -1.4    0/790
14      3.2     -0.1    1       971.2   964.8   968.1   30.6    101     10.3    E       0       0       86      -1.2    0/790
15      1.4     -1.6    0       971.2   966.3   968.3   17.4    360     5.1     WNW     0       0       82      -1.1    0/790
16      1       -1      0       973.6   967.4   969.2   44.7    40      14.5    NE      0       0       81.4    -1.1    0/690
17      1.1     -2.1    -0.7    990.5   973.6   984.5   15.7    334     4.9     NW      1       5       86.2    -1      0/690
18      1.2     -2.1    -0.5    990.4   968.9   976.9   57.1    41      22.4    NW      3.8     1       87.6    -1      //6/0
19      -0.9    -3.1    -1.8    978.8   969.4   973     35.5    301     19.6    WNW     0       0       83.6    -1      //1/0
20      -0.2    -2.2    -1.1    989.3   978.7   982.8   26.2    306     14.5    WNW     0       0       82.8    -0.9    //1/0
21      1.6     -1.9    -0.6    994.8   980.8   990.6   36.9    136     10.3    ESE     0.3     0       80.6    -0.9    //6/0
22      4.2     -0.1    2.6     981.2   974.8   979.7   49.7    34      21.2    NE      0       0       80      -0.9    //1/0
23      3.3     0.2     1.9     981.2   977.5   979.6   31.7    15      16.4    NNE     0.3     0       76.6    -0.7    //1/0
24      2.5     -1.5    0       979.7   975.3   976.8   24      29      4.9     NNE     0       0       73.8    -0.6    //1/0
25      -0.3    -2.2    -1.2    982.3   976     979.7   15      258     6.5     W       0.3     2       75.6    -0.4    //6/0
26      1.5     -2      -0.5    982.2   968.9   976.4   15.4    80      4.2     SE      0       0       74.4    -0.2    //6/0
27      3.3     -0.6    1.5     968.9   958.9   963.5   30.5    79      12.4    ESE     0       0       73.2    -0.3    //6/0
28      2.7     -0.4    1       966.7   957.3   960.6   24.8    114     10.2    NW      0       0       69.4    -0.1    //6/0
29      2.9     -1.2    0.1     974.6   966.7   971.8   37.9    42      10.4    NE      0       0       69      0.4     //6/0
30      2.3     -0.8    0.2     968.3   952.1   956.6   34.2    47      13.9    NNW     6.4     5       73.8    -0.1    //6/0
