******************************************************************************
Palmer Station Weather Highlights:       October, 2020

        Temperature:    Abs Max:   4.2 C                          Day: 26
                        Abs Min:   -10.6 C                        Day: 1
                            Avg:   -2.4 C

        Pressure:       Abs Max:   1007.7 mb              Day: 31
                        Abs Min:   947.6 mb               Day: 11
                            Avg:   979.6 mb

        Wind:             Peak:    63 kts                         Day: 9
                           Avg:    11.7 kts
                        Days Prevailing:
                                             WSW : 7
                                             NNE : 6
                                             NNW : 5
                                             SW : 4
                                             NW : 3
                                             ESE : 2
                                             SE : 1
                                             NE : 1
                                             SSE : 1
                                             ENE : 1
                                             W : 0
                                             S : 0
                                             E : 0
                                             SSW : 0
                                             N : 0
                                             WNW : 0


        Precipitation: Rainfall:      43.4 mm                     YTD:     mm
                           Snow:      50 cm                       YTD:     cm
        Maximum Snowstake Depth:      107.4 cm                    Day: 30

============================= Daily Weather Data =============================
Column Titles:
        1. Day                         9. Wind 5-Sec Peak Direction
        2. Temperature High    (C)    10. Wind Average               (knots)
        3. Temperature Low     (C)    11. Wind Prevailing Direction
        4. Temperature Average (C)    12. Rainfall                   (mm)
        5. Pressure High      (mb)    13. Precipitation Snow         (cm)
        6. Pressure Low       (mb)    14. Depth at Snowstake         (cm)
        7. Pressure Average   (mb)    15. Sea Surface Temperature    (C)
        8. Wind 5-Sec Peak (knots)    16. Sea Ice                    (WMO code)

01      -5.7    -10.6   -8.6    1004.9  1001    1003.2  26.2    227     13.8    WSW     0       0       89      -1.6    2/8/0
02      -2      -9.2    -6.8    1002.2  989.7   999.3   24.9    218     8.9     SW      0       0       89      -1.4    2/8/0
03      3.5     -2.4    -0.3    989.7   964.6   974.2   38.1    85      7.5     SE      3       7       96.4    -1.3    20891
04      1.4     -3.7    -1.3    977.7   964.6   972.9   49.7    36      10      NNW     3.6     3       99.2    -1.4    20991
05      2.2     0.3     1.1     967.1   964.8   965.9   45.7    37      30      NNE     23.1    0       96.8    -1.3    20991
06      2.6     -4.8    -0.7    969.4   961     963.6   27.4    229     8.5     SW      0       0       94.6    -1.3    2/990
07      -2.6    -5.6    -4.1    979.7   969.4   975.2   23.3    243     5.6     WSW     0       2       96.8    -1.3    1/890
08      -2.3    -7.9    -5.6    988.7   979.6   985.1   25.1    225     7.6     WSW     0       2       99.2    -1.3    1/890
09      1.5     -7.2    -1      986.7   962.7   970.7   63.3    41      23.5    NNE     3.6     0       98.4    -1.3    1/890
10      1.5     -1.2    -0.1    965.3   956.9   963     34      9       20      NNW     1.5     8       106     -1.3    1/890
11      1.6     -1.1    0       962.2   947.6   956     40.7    60      15      ESE     0.3     0       104.2   -1.3    1/890
12      0.1     -2.8    -1.3    972.7   956.8   968.6   54.5    25      17.2    NNW     0.3     1       105.4   -1.3    2/690
13      -1.6    -4.5    -2.9    972.8   962.6   966.5   16.3    24      4.4     NNW     0       0       105.2   -1.3    2/690
14      -0.8    -4.3    -2.6    974.3   968.1   971.7   45.7    94      18.2    ENE     0       0       100.6   -1.3    2/690
15      -2.5    -4.7    -3.5    975.1   963.1   969.6   28.4    19      9.4     NNE     0       0       100     -1.3    2/690
16      -2.9    -7.9    -4.4    980.2   964.6   970.7   24      242     8.1     WSW     0       0       99.4    -1.3    1/690
17      -2.6    -8.9    -6.2    988.4   980.2   986.1   23.3    230     7.1     WSW     0       0       99      -1.4    1/690
18      -0.5    -3.5    -2      987.3   982.7   984.6   22.5    117     8       ESE     0.3     1       99.8    -1.3    1/690
19      -1.5    -4.6    -3.1    991.2   983.1   985.5   17.6    16      7.7     NNE     0       0       99      -1.2    1/690
20      -1.9    -7.8    -5.5    1004    991.2   998.7   26.9    235     12.8    SW      0       0       98.4    -1.4    3/690
21      2       -4.7    -2.1    1004    978.8   993.5   32.4    111     10.2    NE      0       0       98.4    -1.3    3/690
22      2.9     -3.1    -0.7    985.4   976.2   979.3   24.2    247     5.9     NW      5.8     8       106.8   -1.5    30690
23      -0.9    -5      -3.5    997.2   982.8   989.6   36.1    225     16.7    SW      0       0       102.4   -1.5    21690
24      0       -4.9    -1.5    997.2   994.7   995.9   22.6    326     10.8    NNW     0       1       103     -1.5    21690
25      3.4     -0.3    1.2     997.8   987.9   994.9   45.3    29      15.2    NNE     0.5     0       103     -1.5    31690
26      4.2     0.9     3.1     987.9   977     983.3   53.7    29      27.1    NNE     0       0       90.6    -1.4    21690
27      1.5     -1.1    -0.4    977.2   963.9   968.8   13.9    108     3.8     SSE     0       0       90.8    -1.2    1/690
28      0       -2.7    -1.3    967.2   962.3   964     25.5    340     7.2     NW      1.3     2       92.4    -1.2    1/690
29      -2.5    -5      -3.6    986.6   967.1   976.8   30.6    246     17      WSW     0.3     9       101.2   -1.4    3/690
30      -2.1    -5.1    -3.9    993.6   986.4   989.8   19.1    242     4       WSW     0       6       107.4   -1.5    50690
31      -0.2    -3      -1.6    1007.7  993.6   1001.5  8.5     271     2       NW      0       0       104.4   -1.5    61690
