Palmer Station Weather Highlights:       December, 2020

        Temperature:    Abs Max:   6 C                    Day: 24
                        Abs Min:   -2.9 C                         Day: 2
                            Avg:   .6 C

        Pressure:       Abs Max:   995.2 mb               Day: 9
                        Abs Min:   954.7 mb               Day: 1
                            Avg:   978.3 mb

        Wind:             Peak:    52 kts                         Day: 10
                           Avg:    10.6 kts
                        Days Prevailing:
                                             NNW : 7
                                             SE : 6
                                             NNE : 3
                                             NW : 3
                                             WSW : 3
                                             SW : 2
                                             ESE : 2
                                             N : 2
                                             SSW : 2
                                             W : 1
                                             SSE : 0
                                             S : 0
                                             ENE : 0
                                             WNW : 0
                                             E : 0
                                             NE : 0


        Precipitation: Rainfall:      71.4 mm                     YTD:     mm
                           Snow:      11 cm                       YTD:     cm
        Maximum Snowstake Depth:      77.2 cm                     Day: 7

============================= Daily Weather Data =============================
Column Titles:
        1. Day                         9. Wind 5-Sec Peak Direction
        2. Temperature High    (C)    10. Wind Average               (knots)
        3. Temperature Low     (C)    11. Wind Prevailing Direction
        4. Temperature Average (C)    12. Rainfall                   (mm)
        5. Pressure High      (mb)    13. Precipitation Snow         (cm)
        6. Pressure Low       (mb)    14. Depth at Snowstake         (cm)
        7. Pressure Average   (mb)    15. Sea Surface Temperature    (C)
        8. Wind 5-Sec Peak (knots)    16. Sea Ice                    (WMO code)

01      1.8     -1.9    -0.2    961.3   954.7   956.6   20.1    142     7.8     SE      0       0       70.8    -0.1    //7//
02      0.4     -2.9    -1.1    977.4   961.4   968.8   12.2    122     3.8     W       0       0       68.8    -0.1    //7//
03      -0.2    -2.6    -1.5    987.9   977.3   984     47.5    40      11.1    SW      0.8     0       68.4    -0.1    //7//
04      1.4     -1.2    0.1     985.1   976.9   981     42.2    34      6.7     NW      0.8     0       68      -0.2    //7//
05      4.4     -0.5    0.7     984.8   971.8   980.4   27.3    31      4.4     SE      5.1     0       67.4    -0.2    //7//
06      5.2     -1.1    0.3     971.7   966.9   968.7   41.2    13      19.7    NW      5.8     0       67.8    -0.3    //7//
07      0.3     -1.3    -0.6    989.1   971.6   978.2   21      283     10      WSW     1       3       77.2    -0.2    //7//
08      2.6     -1.3    -0.1    993.4   988.5   991.6   28      347     8.1     NNW     6.1     0       66.8    -0.3    //7//
09      1       -1.4    -0.3    995.2   988.2   992.3   24.8    238     12.8    WSW     3.3     2       69      -0.4    //7//
10      2.8     -2      0.5     994.7   975.6   984.8   51.9    23      23      NNE     8.6     0       67.2    -0.3    //7//
11      2.7     1.3     2.1     975.9   964.7   969     37.8    20      24.8    NNE     24.9    0       61.8    -0.4    //7//
12      2.3     -1.4    0       972.9   965.3   968.7   19.9    302     9.8     NW      0.3     0       61.8    -0.3    //6//
13      1.5     -2.2    -0.1    973.3   966     970.3   45      32      19.9    N       0.5     0       60.6    -0.1    //6//
14      1.1     -2.6    -0.5    976.4   971.2   973.1   18.1    16      5.8     N       0.3     2       62.4    0       //6//
15      0.5     -1.2    -0.6    979.2   976.4   977.4   9.7     203     3.5     WSW     0       0       59.2    0.1     //6//
16      0       -1.3    -0.9    980.2   979.1   979.7   10.8    227     4.3     SSW     0       0       58.2    0.2     //6//
17      -0.4    -1.4    -0.9    986.6   980.2   983     17.6    202     7.3     SSW     0       0       58      0.2     //6//
18      0.4     -1.9    -1      991.6   986.6   989     12.4    226     5.5     SW      0       0       57.4    0.3     //6//
19      1.8     -2.1    -0.8    991.8   985.6   990.3   20.4    37      5.3     NNW     0       0       56.8    0.4     //6//
20      4.9     -0.4    2.1     985.6   964.3   977.1   25.8    122     11.4    SE      1.5     1       57.4    0.2     //6//
21      4.4     0.3     1.8     972.7   961.1   965.2   38.3    40      7.4     NNW     2.3     0       33.8    0.1     //6//
22      5       -0.1    1.5     975.3   968.4   972.7   43      26      9.2     SE      1       0       53.2    0.1     //6//
23      5.5     1.8     3.2     972.7   965.6   971.4   36      20      14.1    NNE     0.3     0       47.6    0.2     //6//
24      6       0.9     3.3     965.6   955.5   958.5   45.3    90      20.8    ESE     0       0       41.4    0.2     //6//
25      3.3     0.2     1.4     984.6   964.2   975.5   24.6    331     9.8     NNW     1       0       40.2    0.6     //6//
26      5.4     1.5     3.4     987.8   970.8   983.1   40      118     14.8    ESE     0       0       37      0.5     //6//
27      5.2     0.6     2.3     991.5   970.7   983     32.4    115     14.3    NNW     4.3     0       33.2    0.6     //6//
28      3.2     0.7     2       993.5   990.3   992     30.4    11      18.3    NNW     2.8     0       28.6    0.5     //6//
29      1.8     0       0.8     992.3   990.2   991.3   21.2    1       11.2    NNW     0.8     3       31.4    0.2     //6//
30      2.5     -1      0.8     991.2   985.1   988.3   7.9     88      2.6     SE      0       0       27.8    0.5     //6//
31      4.3     0.5     2.1     985.2   982.1   983.1   7.8     118     2.7     SE      0       0       22.6    0.8     //6//
