Palmer Station Weather Highlights:       September, 2020

        Temperature:    Abs Max:   2.8 C                          Day: 10
                        Abs Min:   -14.6 C                        Day: 1
                            Avg:   -4.5 C

        Pressure:       Abs Max:   1011.5 mb              Day: 4
                        Abs Min:   932.5 mb               Day: 15
                            Avg:   982.5 mb

        Wind:             Peak:    67 kts                         Day: 14
                           Avg:    10.1 kts
                        Days Prevailing:
                                             NNE : 7
                                             ESE : 5
                                             WSW : 3
                                             E : 3
                                             NNW : 2
                                             NE : 2
                                             SE : 2
                                             SW : 2
                                             S : 1
                                             W : 1
                                             N : 1
                                             NW : 1
                                             SSE : 0
                                             SSW : 0
                                             ENE : 0
                                             WNW : 0


        Precipitation: Rainfall:      40.4 mm                     YTD:     mm
                           Snow:      46 cm                       YTD:     cm
        Maximum Snowstake Depth:      94 cm                       Day: 14

============================= Daily Weather Data =============================
Column Titles:
        1. Day                         9. Wind 5-Sec Peak Direction
        2. Temperature High    (C)    10. Wind Average               (knots)
        3. Temperature Low     (C)    11. Wind Prevailing Direction
        4. Temperature Average (C)    12. Rainfall                   (mm)
        5. Pressure High      (mb)    13. Precipitation Snow         (cm)
        6. Pressure Low       (mb)    14. Depth at Snowstake         (cm)
        7. Pressure Average   (mb)    15. Sea Surface Temperature    (C)
        8. Wind 5-Sec Peak (knots)    16. Sea Ice                    (WMO code)

01      -11     -14.6   -12.6   1002    997.5   1000.3  15      252     6.4     WSW     0       1       65      -1.7    52663
02      -7.9    -14.5   -12.3   1003    996.8   998.8   9.3     6       2.5     S       0       0       64.8    -1.7    52663
03      -8.3    -10.2   -9.4    1011.3  1003    1007.3  18.4    28      9.3     NNE     0       0       64.8    -1.7    52663
04      -8.7    -9.7    -9.1    1011.5  1008.8  1010.5  11.7    247     4.7     WSW     0       0       64.8    -1.7    52663
05      -2.1    -11     -7.8    1009.1  1004.1  1007    11.9    327     1.8     SE      0       0       64.8    -1.7    52663
06      1.6     -3.8    -1.7    1004.2  993.1   997.2   18.6    113     4.7     N       0.5     2       66.4    -1.7    52663
07      -2.1    -5.5    -3.2    997.2   993.6   995.8   12.4    226     4.8     NNW     0       0       66.4    -1.7    52663
08      -2.4    -11.2   -6.5    996.6   980.4   990.5   11.8    120     3       E       0       0       66.4    -1.7    52662
09      -0.3    -3.2    -1.8    980.4   970.8   973.5   14.1    138     4.3     NW      0.3     1       67      -1.7    52661
10      2.8     -1.4    0.6     977.3   968.5   974.4   44.9    40      19.8    NNE     4.3     0       64      -1.7    52661
11      2.5     -3.1    -1.4    977.2   966.5   970.2   42.9    24      12.4    W       1.3     20      83.6    -1.7    52663
12      -1      -4.2    -2.7    985.4   977.2   981     19.4    22      6.5     NNE     0       0       83      -1.7    52662
13      0.6     -3.2    -1.1    986     975.3   983     42.9    27      17.3    NNE     1.5     3       86.2    -1.7    52661
14      1.5     -1      0.7     975.5   933.1   949.9   66.8    42      37.1    NNE     21.6    8       94      -1.7    1/500
15      -0.8    -11.7   -9.5    972.6   932.5   958.4   42.2    222     21.6    WSW     0.3     0       91      -1.7    1/662
16      -1.4    -10.8   -5.8    972     961.9   965.9   33.9    329     10.8    SE      1.5     0       88.2    -1.8    21690
17      2.1     -5.3    -0.8    962.3   949.6   953.6   35.2    127     16.4    ESE     0.8     5       93      -1.7    21690
18      -0.1    -6.6    -2.9    983.9   953.8   970.7   31      116     10.1    ESE     0       0       89.4    -1.7    21690
19      -4.9    -8.1    -6.4    1003.6  983.7   993     15.7    226     5.8     SW      0       0       88.8    -1.7    2/690
20      -1.3    -6.7    -5.7    1004.9  988.7   1000.3  13.7    110     4.2     SW      0       0       88.8    -1.7    2/690
21      1.1     -3.5    -1.8    988.7   983.3   984.7   22.8    61      5.8     NNW     3.3     4       92.6    -1.6    2/690
22      -2.6    -5.5    -4.1    985.7   977.8   982.8   8.1     139     2.7     NE      0       0       91.8    -1.6    2/690
23      1.6     -3.1    -0.2    977.8   966.7   973.7   46.4    19      20.1    NNE     3.8     0       91.4    -1.5    2/690
24      1.2     -1.4    0       966.8   954.4   959     45.9    77      18.3    E       0.8     0       90.4    -1.4    2/690
25      1.1     -3.2    -1.4    971.6   964.5   969.8   45.9    77      13.2    ESE     0.5     2       92.4    -1.4    2/690
26      -1.3    -6.3    -4.5    979     963.9   969.9   37.6    126     13.9    ESE     0       0       90      -1.3    2/690
27      -3.5    -6.6    -5      984.2   979     982.7   18.8    29      6.5     NNE     0       0       90      -1.4    2/690
28      -4.5    -7.8    -5.9    982.9   980.3   981.3   14.2    102     4.1     NE      0       0       90      -1.4    2/690
29      -4.4    -8.7    -6.5    986.7   982.9   984.9   13      107     4.1     E       0       0       90      -1.5    2/690
30      -5.3    -10.2   -7.4    1003.5  986.6   995.6   27.4    128     10.4    ESE     0       0       89.8    -1.4    2/690
