******************************************************************************
Palmer Station Weather Highlights:       June, 2020

        Temperature:    Abs Max:   3.5 C                          Day: 7
                        Abs Min:   -7.9 C                         Day: 19
                            Avg:   -2.4 C

        Pressure:       Abs Max:   1015.3 mb              Day: 30
                        Abs Min:   941.2 mb               Day: 4
                            Avg:   989.6 mb

        Wind:             Peak:    55 kts                         Day: 5
                           Avg:    9.2 kts
                        Days Prevailing:
                                             NE : 8
                                             N : 6
                                             ESE : 4
                                             SW : 3
                                             SE : 3
                                             ENE : 2
                                             NNW : 2
                                             WSW : 2
                                             SSE : 0
                                             S : 0
                                             W : 0
                                             E : 0
                                             SSW : 0
                                             WNW : 0
                                             NW : 0
                                             NNE : 0


        Precipitation: Rainfall:      17.8 mm                     YTD:    287.5 mm
                           Snow:      21 cm                       YTD:     cm
        Maximum Snowstake Depth:      35.8 cm                     Day: 10

============================= Daily Weather Data =============================
Column Titles:
        1. Day                         9. Wind 5-Sec Peak Direction
        2. Temperature High    (C)    10. Wind Average               (knots)
        3. Temperature Low     (C)    11. Wind Prevailing Direction
        4. Temperature Average (C)    12. Rainfall                   (mm)
        5. Pressure High      (mb)    13. Precipitation Snow         (cm)
        6. Pressure Low       (mb)    14. Depth at Snowstake         (cm)
        7. Pressure Average   (mb)    15. Sea Surface Temperature    (C)
        8. Wind 5-Sec Peak (knots)    16. Sea Ice                    (WMO code)

01      2.1     -1.2    0.6     982.8   974     978     40      22      12.7    N       2.8     0       16.6    -0.5    20660
02      -0.9    -4.2    -2.2    978     972.7   974.9   27.7    236     12.5    WSW     1.3     7       23.6    -0.7    20640
03      1.9     -7.2    -3.2    978.7   948.4   969.9   42.8    53      17.1    NE      0       0       23.6    -0.8    20690
04      2.1     -1.6    -0.3    952.5   941.2   948.4   47      22      20.3    NE      2       1       24.2    -0.7    20690
05      1.5     -2      -0.4    959.1   942.1   951.4   55.2    53      24.3    N       7.4     1       25      -0.7    20690
06      1       -2.1    -0.8    975.5   957.8   967.6   45.8    32      21.2    NE      0       0       25      -0.9    20690
07      3.5     0.1     1.5     975.1   955.9   963.9   44.8    13      26.5    NE      1.5     0       25.4    -0.7    20690
08      0.2     -2.2    -1.2    963.4   958.7   962     41.5    7       21.5    N       1       1       26.8    -0.8    20690
09      -0.7    -2.2    -1.4    972     963.4   967.4   33.6    24      14      N       1.5     6       32.6    -0.9    20690
10      -0.9    -3.6    -2.2    980.3   972     976.2   27.4    62      7.2     ESE     0.3     3       35.8    -1      20690
11      -0.5    -3.5    -2.1    989     980.3   983.9   21.4    160     8.2     ESE     0       0       35.8    -0.8    20690
12      -1.8    -4.1    -3.3    999.6   989     995     8.9     23      2.9     NE      0       0       35.8    -1      20690
13      -3.4    -6.6    -4.8    1001.5  999.3   1000.7  12.4    218     3.9     NE      0       0       35.8    -1.3    20690
14      -3.3    -5.2    -4.2    1006.1  1001.4  1003.8  9.8     94      2       ENE     0       0       34      -0.9    20690
15      -2      -5.6    -4      1006.7  1003.9  1005.6  15.7    12      3       NE      0       0       32.6    -1.3    20690
16      -2.2    -4.7    -3.3    1006.5  1003.5  1005.6  15.7    360     4.4     N       0       0       32.6    -1.3    20690
17      0.6     -4.5    -2.5    1003.8  996.7   999.9   11      132     3.1     SE      0       0       32.6    -1.5    20690
18      -0.4    -6.1    -3      997.8   991.9   995     17.2    138     3.7     ESE     0       0       32.8    -1.6    20690
19      -4.7    -7.9    -6.4    992.1   987.8   989.6   5       135     .3      ESE     0       0       32.8    -1.4    20690
20      1.5     -6.4    -2      988.5   985.4   986.9   14.9    110     1.8     SE      0       0       32.8    -1.5    20690
21      3.3     -0.7    1.1     997.2   988.5   992.7   30.4    40      8.4     NE      0       0       32      -1.5    20690
22      0.2     -3.1    -1.4    1004.5  997.1   1000.3  6.5     331     1.8     NNW     0       0       32      -1.3    20690
23      -2.4    -6.6    -4.4    1008.8  1004.5  1006.4  5.4     2       1       ENE     0       0       32      -1.5    20690
24      -2.8    -5.3    -4.1    1012    1008.5  1010.3  9.2     208     1.9     SE      0       1       32.6    -1.5    20690
25      -1.5    -4.2    -2.7    1012.1  1003.9  1007.8  31.7    232     9.1     WSW     0       1       33.2    -1.3    20690
26      -3      -4.9    -4.2    1006.9  1002.6  1005.1  27      222     16.1    SW      0       0       33.2    -1.1    20690
27      -2.9    -6.6    -4.2    1008.6  1002.8  1006.2  27      222     9.1     SW      0       0       33      -1.1    20690
28      -2      -5.1    -3.3    1010.9  1005.1  1008.3  19      226     5.2     NNW     0       0       33      -1.1    20690
29      -1.5    -3.1    -2.2    1014.2  1010.1  1011.6  23.4    228     7.3     SW      0       0       33      -1.2    20690
30      -1.6    -3.8    -2.3    1015.3  1012.8  1013.8  10.5    347     3.7     N       0       0       33      -1.3    20690
