******************************************************************************
Palmer Station Weather Highlights:       August, 2020

        Temperature:    Abs Max:   3.9 C                          Day: 4
                        Abs Min:   -15.3 C                        Day: 31
                            Avg:   -4.6 C

        Pressure:       Abs Max:   1007.6 mb              Day: 30
                        Abs Min:   968.7 mb               Day: 4
                            Avg:   987.2 mb

        Wind:             Peak:    72 kts                         Day: 19
                           Avg:    12.9 kts
                        Days Prevailing:
                                             NNE : 9
                                             NE : 8
                                             WSW : 4
                                             SE : 3
                                             ESE : 2
                                             NNW : 1
                                             WNW : 1
                                             E : 1
                                             SSW : 1
                                             ENE : 1
                                             S : 0
                                             SSE : 0
                                             W : 0
                                             N : 0
                                             NW : 0
                                             SW : 0


        Precipitation: Rainfall:      21.3 mm                     YTD:     mm
                           Snow:      30 cm                       YTD:     cm
        Maximum Snowstake Depth:      65.4 cm                     Day: 29

============================= Daily Weather Data =============================
Column Titles:
        1. Day                         9. Wind 5-Sec Peak Direction
        2. Temperature High    (C)    10. Wind Average               (knots)
        3. Temperature Low     (C)    11. Wind Prevailing Direction
        4. Temperature Average (C)    12. Rainfall                   (mm)
        5. Pressure High      (mb)    13. Precipitation Snow         (cm)
        6. Pressure Low       (mb)    14. Depth at Snowstake         (cm)
        7. Pressure Average   (mb)    15. Sea Surface Temperature    (C)
        8. Wind 5-Sec Peak (knots)    16. Sea Ice                    (WMO code)

01      3.1     -4      -1.1    1006.1  978.4   995.2   32.4    150     10.3    ESE     0       0       59.4    -1.5    20690
02      3.5     -0.6    1.4     980.3   970.1   974.3   40      24      18.3    NNE     0.3     1       60.2    -1.4    20690
03      3       -0.9    0.8     988.4   977.5   984.5   46.8    29      20.6    NNW     1.3     0       60.2    -1.1    20690
04      3.9     0.6     1.6     979.3   968.7   974.2   53.6    31      32      NNE     9.9     0       53.8    -0.8    20690
05      1.7     0.3     1.1     983.4   979     981.4   41.7    349     23      NNE     0.3     0       52.2    -0.8    20690
06      1.9     -1.2    0.5     982.2   976.6   979.5   35.9    27      19.7    NNE     0.5     2       54.4    -0.8    20690
07      2.3     -3.1    -0.9    977     971.8   974.8   46.3    40      13.4    NNE     0.3     1       55      -0.8    20690
08      -0.9    -5.4    -2.6    989     974.8   982.5   29.2    22      11.8    NNE     0.3     3       57.8    -0.9    20690
09      0.5     -3.1    -0.7    988     974.7   980.4   50      43      28.2    NE      5.1     0       51.6    -0.8    20690
10      -2.3    -5.4    -3.8    992.2   983.2   988.5   17.6    40      4.5     NE      0       0       51.6    -1.1    20690
11      -4.2    -7.2    -5.9    993.9   991.6   992.6   24.4    78      7.6     ESE     0       0       51.8    -1.1    20690
12      -5      -7.4    -5.7    997.2   993.7   995.6   19.5    131     5.8     SE      0.5     5       56.4    -1.2    20690
13      -5.7    -7.2    -6.5    997.3   989.9   993.8   23.4    31      13      NNE     0       0       56.6    -1.4    20690
14      -6.7    -8.8    -7.6    990.4   988.7   989.6   21.2    21      12.2    NE      0       0       56.6    -1.5    20690
15      -4.5    -9.1    -7      989.8   982     984.9   31.3    84      12.3    E       0       0       55.6    -1.7    20690
16      -2.5    -6.6    -4.3    993.6   983.4   989.8   30.2    71      5.2     ENE     0       0       55.6    -1.6    20690
17      -4.5    -8.8    -6      999.5   993.3   995.5   22.7    27      6.6     NE      0       0       55.6    -1.7    20690
18      -4.8    -8.7    -7      1000.9  995     998.8   39.2    58      13.3    NE      0       0       51.2    -1.8    20690
19      -1      -7.6    -4.6    996.6   972.3   985.6   71.9    33      19.1    NE      0.3     2       53.6    -1.8    20690
20      -2.3    -9.9    -6.9    992     983.7   988.1   31.6    303     11.2    WSW     0       0       52.6    -1.8    20590
21      -1.3    -7.9    -3.2    989.4   969.8   975.8   55.4    29      20.7    NE      2       1       53.8    -1.8    20690
22      -2.9    -7.3    -4.7    987.2   971.9   978.9   24.3    39      7.4     SSW     0.5     4       57.4    -1.8    20690
23      -4.1    -7.2    -5.4    992.8   987.2   990.3   31.8    143     7       SE      0       2       59.8    -1.8    20690
24      -4.5    -10.2   -6.8    997.5   992.8   995.6   17.4    178     7.3     WSW     0       0       59      -1.8    20690
25      -4.2    -12.6   -8.3    996.8   985     990     28.7    252     13.4    WSW     0.3     5       64.2    -1.8    20690
26      -2.2    -12.7   -7      997.3   973.9   985.5   40      131     12.6    SE      0       0       61.2    -1.8    32691
27      -1.4    -4.9    -3      985.1   974     979.9   32.1    24      12.6    NNE     0       1       61.8    -1.8    00690
28      -3.7    -7.4    -5.9    987.6   985.2   986.6   20.1    33      9.1     NNE     0       0       61.8    -1.8    21690
29      -6.8    -12.1   -8.9    993.7   984.6   987.2   27.3    39      8.2     NE      0       3       65.4    -1.8    21690
30      -9.3    -13.3   -11.9   1007.6  993.7   1001.6  19.6    242     8.6     WSW     0       0       64.6    -1.8    52661
31      -11.1   -15.3   -13.5   1007.2  997.6   1002.5  14.3    247     5.1     WNW     0       0       64.4    -1.8    52661
