******************************************************************************
Palmer Station Weather Highlights:       May, 2020

        Temperature:    Abs Max:   5.9 C                          Day: 31
                        Abs Min:   -8.3 C                         Day: 14
                            Avg:   -2 C

        Pressure:       Abs Max:   1008.4 mb              Day: 25
                        Abs Min:   971.1 mb               Day: 27
                            Avg:   993.4 mb

        Wind:             Peak:    48 kts                         Day: 31
                           Avg:    8.6 kts
                        Days Prevailing:
                                             NNW : 8
                                             SW : 6
                                             NE : 4
                                             SE : 3
                                             WSW : 3
                                             SSE : 2
                                             NW : 2
                                             W : 1
                                             NNE : 1
                                             ENE : 1
                                             S : 0
                                             N : 0
                                             SSW : 0
                                             WNW : 0
                                             ESE : 0
                                             E : 0


        Precipitation: Rainfall:      27.2 mm                     YTD:     mm
                           Snow:      44 cm                       YTD:     cm
        Maximum Snowstake Depth:      33.2 cm                     Day: 30

============================= Daily Weather Data =============================
Column Titles:
        1. Day                         9. Wind 5-Sec Peak Direction
        2. Temperature High    (C)    10. Wind Average               (knots)
        3. Temperature Low     (C)    11. Wind Prevailing Direction
        4. Temperature Average (C)    12. Rainfall                   (mm)
        5. Pressure High      (mb)    13. Precipitation Snow         (cm)
        6. Pressure Low       (mb)    14. Depth at Snowstake         (cm)
        7. Pressure Average   (mb)    15. Sea Surface Temperature    (C)
        8. Wind 5-Sec Peak (knots)    16. Sea Ice                    (WMO code)

01      0.2     -4.8    -2.8    1002.8  981     995.3   43.3    245     20.5    SW      0.3     6       8.6     0.1     20680
02      0.2     -1.5    -0.5    1004.1  996.7   1000.4  27.4    332     12.4    NW      1.5     9       17.6    -0.2    20680
03      0       -2.5    -1.2    996.7   992.2   993.5   28      233     16      WSW     0.5     0       18      -0.2    20680
04      -2.2    -3.2    -2.7    994.8   992.1   993     21.8    233     6.5     SW      0       0       16.8    -0.1    20680
05      -2.2    -2.9    -2.5    1004    994.8   999.6   17.7    225     8.4     SW      0       0       16.4    -0.1    20640
06      -0.8    -2.6    -1.7    1004    1000.2  1002.8  11.1    257     2.8     NNW     0       0       16.2    -0.1    20650
07      -0.4    -3.5    -2.2    1000.8  995.7   998.1   9.7     343     2.8     NNW     0       0       15.8    -0.1    20650
08      0.5     -4.7    -2.5    996.8   989.7   994.3   12.2    337     2.2     NNW     0       0       16      -0.4    20640
09      3.3     -3.8    -0.6    989.7   986.3   987.2   10.9    164     2.7     NNW     5.3     0       15.8    -0.6    20640
10      4.7     0.2     2.3     986.6   982.2   984.1   29.4    31      4.8     SSE     0.8     0       8.2     -0.6    20640
11      3.8     -3.3    0.2     982.3   976.8   979     24.9    229     6.1     NNW     3.6     1       8.8     -0.5    20640
12      -3      -7      -4.9    983.4   976.6   978.9   33.4    220     20.5    SW      0       3       11.4    -0.4    20660
13      -5.1    -6.4    -5.9    992.3   983.5   989.1   27.9    181     11.8    WSW     0       0       10.4    -0.6    20660
14      -5.1    -8.3    -6.6    997.2   992.2   995.3   26      35      7.6     NE      0       0       10      -0.8    20660
15      -6.2    -7.9    -7      997.2   994.9   995.9   18      24      5.9     NE      0       0       10      -0.8    20660
16      -2.3    -7.3    -5.7    995.5   993.3   994.5   8.4     48      3.1     NE      0       0       10      -1.3    20660
17      1.5     -3.2    -1      996.8   994.4   995.5   24.3    128     5.8     SE      0       0       9.4     -1.1    20660
18      3       0.1     1.4     999.7   995.4   998     44.8    37      10.1    SE      0       0       9.4     -1      20660
19      0.2     -3.4    -1.7    999.8   998.9   999.4   13.2    252     2.3     NNW     0       0       9.4     -0.9    20660
20      -1.7    -5.1    -3.6    1000.1  997.2   999.1   23.3    30      4.9     NE      0       1       10.8    -1.1    20660
21      1       -3      -1.5    997.3   987     992.5   28.6    22      7.9     SE      0.3     3       13.8    -0.7    20660
22      0.3     -4.1    -2      989.7   981.5   987.4   34.5    8       9.6     W       0.3     3       17.2    -0.9    20660
23      -2.5    -4.4    -3.2    994.7   979.6   985.4   36.1    229     14.3    SW      0.3     3       20      -1      20660
24      -2.2    -3.8    -3      1006.8  994.8   1001.2  16.8    244     7.1     SW      0       0       19.2    -1      20660
25      -1      -5.9    -3.8    1008.4  1001.4  1006.3  17.4    120     4.7     WSW     0       0       18.4    -0.9    20660
26      4.4     -1.9    2       1001.3  978.5   988.9   42.6    63      16.2    ENE     0       0       17.4    -0.8    20660
27      4.1     -1      1.3     988.8   971.1   977.5   37.7    128     13.4    NNW     2.5     0       14.6    -0.4    20660
28      -0.5    -3.6    -2      996.1   988.7   992.7   17.7    302     4.8     NW      0.8     8       25.8    -0.7    20660
29      0.4     -2      -0.8    1005.3  996     998.8   13.7    141     3.8     SSE     6.9     6       32      -0.7    20640
30      -0.5    -4      -1.4    1005.9  997.2   1003.7  13.9    316     4.2     NNW     0       1       33.2    -0.7    20660
31      5.9     -4.6    1.3     997.2   981.8   988.1   48      47      22.2    NNE     4.3                     -0.5    
