******************************************************************************
Palmer Station Weather Highlights:       April, 2020

        Temperature:    Abs Max:   8.2 C                          Day: 17
                        Abs Min:   -5.2 C                         Day: 13
                            Avg:   -.4 C

        Pressure:       Abs Max:   1007.9 mb              Day: 24
                        Abs Min:   959.9 mb               Day: 10
                            Avg:   983.3 mb

        Wind:             Peak:    61 kts                         Day: 6
                           Avg:    14.3 kts
                        Days Prevailing:
                                             NNE : 8
                                             SW : 4
                                             ESE : 3
                                             NNW : 3
                                             WSW : 3
                                             SE : 2
                                             W : 2
                                             NE : 2
                                             N : 2
                                             SSW : 1
                                             S : 0
                                             SSE : 0
                                             NW : 0
                                             ENE : 0
                                             WNW : 0
                                             E : 0


        Precipitation: Rainfall:      106.7 mm                    YTD:    242.6 mm
                           Snow:      33 cm                       YTD:     cm
        Maximum Snowstake Depth:      14.2 cm                     Day: 28

============================= Daily Weather Data =============================
Column Titles:
        1. Day                         9. Wind 5-Sec Peak Direction
        2. Temperature High    (C)    10. Wind Average               (knots)
        3. Temperature Low     (C)    11. Wind Prevailing Direction
        4. Temperature Average (C)    12. Rainfall                   (mm)
        5. Pressure High      (mb)    13. Precipitation Snow         (cm)
        6. Pressure Low       (mb)    14. Depth at Snowstake         (cm)
        7. Pressure Average   (mb)    15. Sea Surface Temperature    (C)
        8. Wind 5-Sec Peak (knots)    16. Sea Ice                    (WMO code)

01      5.8     -0.9    1.8     995.9   986.9   992.9   38.9    24      13.6    NNE     0       0       0       0.7     0/6/0
02      5.4     -0.3    2.4     987     973.3   982.4   41.5    28      15.6    NNE     4.3     0       0       0.9     0/6/0
03      4.8     0.6     2.6     974.6   968.1   971.7   49.2    23      24.8    N       5.1     0       0       0.9     0/6/0
04      2.6     0.1     1.5     970.7   963     967.8   49.2    23      18      NNE     3       4       3.6     0.8     0/6/0
05      1.9     -0.9    0.3     976.1   960     965.8   40.9    85      16.9    ESE     0       0       2.6     1.1     0/6/0
06      3       -1.2    0.8     980.8   962.6   974.3   60.7    37      23.1    NNE     25.1    4       6.2     0.8     0/6/0
07      2.3     1       1.9     986     967     976.5   34.7    330     22.4    NNW     0       0       0       0.9     0/6/0
08      6.9     1.6     3.8     989.6   968.6   980.2   60.6    19      23.5    N       1       0       0       0.7     0/6/0
09      4.3     0.9     2.2     987.6   966.6   977     51.4    291     27      NNW     3.6     0       0       0.8     0/6/0
10      4.6     -1.2    1.9     985     959.9   967.8   42.9    28      19.3    NNE     4.3     0       0       0.9     0/6/0
11      -0.3    -3.2    -1.8    983.1   971.7   979.2   26.6    257     9.5     W       0       4       4.2     0.8     0/6/0
12      -1.2    -4.5    -3      984.3   979.4   981.4   30.6    58      11.9    ESE     0.5     3       7.6     0.7     0/6/0
13      -2.4    -5.2    -3.7    994.4   984.3   990.8   25.1    145     4.6     NNE     0       0       5.2     0.2     10670
14      -2      -4.3    -3.5    994.5   990.5   993.1   24.4    224     9.4     SW      0.8     2       7       0.6     10670
15      -3.3    -4      -3.7    992.2   988.7   990.1   15.6    215     5.2     SSW     0       0       5.6     0.6     10690
16      6.1     -3.7    -2.2    997.8   990.4   995.4   23.8    37      5.4     SE      1.8     0       5       0.7     10690
17      8.2     2.5     4.5     990.6   976.9   981.9   53.2    22      17.7    NNE     1       0       1.4     0.8     0/6/0
18      4.3     0.2     2       980.4   977.2   979.1   44.4    17      8.4     SE      0       0       0       0.6     0/6/0
19      0.2     -1.9    -0.8    980.1   976.8   979.1   11.1    278     3.7     W       0       0       0       0.7     0/6/0
20      0.5     -2.3    -1      976.8   965.9   970.5   31.8    259     8.4     NNW     1.3     3       3.4     0.3     0/6/0
21      -0.9    -2.9    -1.8    983.5   967.8   975.8   46.6    233     23.4    SW      0.3     8       11.8    0.3     0/6/0
22      -1.5    -3.5    -2.4    993.7   983.4   989.7   22.9    241     9.8     SW      0.5     0       12      0.3     10690
23      -2.3    -3.5    -2.9    999.7   992     994.5   15.9    130     5.1     ESE     0       0       10.8    0.3     20690
24      -2.5    -4.6    -3.3    1007.9  999.7   1005.4  12.6    209     4.3     NE      0       0       10.2    -0.5    20690
25      0.6     -3.4    -2      1007.5  986.2   1000.3  18.3    47      5.6     WSW     0       0       10      -0.4    20690
26      1.3     -2.4    -1.1    986     977.9   982.4   41.6    27      17.7    WSW     4.1     4       13.8    -0.1    0/6/0
27      -0.6    -4.2    -2.4    987.2   979.3   983.4   48.2    325     10.5    WSW     0.5     0       13.6    0       20690
28      -1.3    -5.1    -3.1    1004.5  986.7   996.3   27.9    223     11      SW      0       1       14.2    -0.1    20690
29      2.4     -4.8    0.3     1004.6  981.2   995.8   58.4    35      26.4    NE      20.6    0       6.6     -0.3    20680
30      3.9     -3.5    1.5     981.4   968.9   976.4   59.4    24      30.6    NNE     29      0       2.6     0.1     20680
