********************************************************************************
Palmer Station Weather Highlights:      May 1997

        Temperature:    Abs Max:    5.9 C          Day: 11
                        Abs Min:   -7.6 C          Day: 18
                            Avg:   -2.5 C
                        Avg Max:   -0.9 C
                        Avg Min:   -4.6 C

        Pressure:       Abs Max: 1020.0 mb         Day: 26
                        Abs Min:  972.9 mb         Day: 2
                            Avg:  997.1 mb
                        Avg Max: 1000.5 mb
                        Avg Min:  993.0 mb

        Wind:             Peak:      62 kts        Day: 12
                           Avg:      11 kts
                        Days Prevailing:     N: 7
                                            NE: 3
                                             E: 0
                                            SE: 1
                                             S: 0
                                            SW: 13
                                             W: 0
                                            NW: 7

        Precipitation:  Melted:    47.4 mm         YTD:   289.5 mm
                          Snow:      28 cm         YTD:     143 cm
                Days with Precipitation:     26
                Days with Snow:              17
                Maximum Snowstake Depth:     37 cm Day: 3

        Clouds: Average Cloud Coverage:      80%
                Days Overcast:               25
                Days Partly Cloudy:           0
                Days Clear:                   6



============================== Daily Weather Data ==============================
Column Titles:
        1. Day                         9. Wind Peak Direction (degrees)
        2. Temperature High   (C)     10. Wind Avg              (knots)
        3. Temperature Low    (C)     11. Wind Prevailing Direction
        4. Temperature Avg    (C)     12. Precipitation Melted     (mm)
        5. Pressure High     (mb)     13. Precipitation Snow       (cm)
        6. Pressure Low      (mb)     14. Depth at Snowstake       (cm)
        7. Pressure Avg      (mb)     15. Sky Coverage         (tenths)
        8. Wind Peak      (knots)     16. Sea Temp/Ice     (WMO coding)

01  -1.6  -7.4  -4.3  991.9  987.3  989.3 29 110 11 SE  0.6  T  27 10 010060/5/0
02   0.7  -5.9  -1.2  987.5  972.9  977.0 49 040 20 NE  3.9  4  26 10 010040/5/0
03  -1.5  -4.7  -2.8  985.9  974.3  981.0 24 240 12 SW  2.3  2  37 10 010070/4/0
04  -3.1  -7.3  -4.1  996.4  986.0  993.3 21 190  9  N  0.0  0  32  1 010130/6/0
05  -3.7  -6.2  -4.6  997.3  994.4  995.9 15 010  8  N  1.0  2  35  9 010100/6/0
06  -1.0  -5.2  -2.3  997.1  992.0  992.4 27 220 10 NW  1.0  2  33  9 010140/6/0
07   0.6  -5.6  -2.7  993.5  979.5  987.4 42 030 19 SW  1.3  1  30  2 010150/6/0
08   0.9  -4.8  -1.6  995.8  977.3  991.0 49 360 23 SW  0.2  T  29 10 010140/5/0
09   1.4  -4.7  -1.6  999.8  994.3  996.6 26 120  9 SW 10.5  5  27 10 010140/5/0
10   3.5  -1.0   0.5  998.9  995.3  998.1 26 320  9 NW  1.7  T  32 10 010100/5/0
11   5.9  -1.4   1.8  999.5  982.0  992.8 30 030 22  N  1.5  0  19 10 010110/6/0
12   4.7   1.3   2.6  988.1  979.3  984.3 62 020 29  N  4.2  0   9 10 010060/6/0
13   4.7   0.2   2.8  988.7  976.5  983.0 48 360 21  N  1.4  0   5 10 010060/6/0
14   2.0  -3.2  -0.9  985.4  976.2  981.5 40 350 20 NW  1.1  T   2  9 010070/0/0
15  -2.3  -5.2  -3.6  987.3  985.0  986.4 29 310 11  N  0.9  1   4  8 010080/6/0
16  -3.2  -7.3  -4.8 1001.1  985.3  995.7 22 220 11 SW  0.0  0   3  1 010100/6/0
17  -4.0  -7.2  -5.2 1001.5  999.6 1000.4 19 150  4 NE  0.0  0   2  1 010100/6/0
18  -4.6  -7.6  -5.3 1000.0  996.8  997.5 16 190  8 SW  0.1  T   2  9 010090/6/0
19  -5.2  -6.7  -5.9 1001.2  997.3  999.4 17 210  5 SW    T  T   2  9 010100/6/0
20  -4.2  -6.8  -4.6 1000.8  999.5  999.8  9 240  4  N  0.2  0   2  2 010150/5/0
21  -3.5  -5.0  -4.3 1003.0  999.8 1001.1 20 230  6 SW  0.5  0   2 10 010160/6/0
22  -2.1  -5.0  -3.5 1004.5 1003.0 1003.8 16 200  9 SW  0.2  0   2 10 010190/6/0
23  -2.2  -3.8  -3.1 1012.5 1004.2 1009.6 18 210  7 SW  0.1  0   2 10 010150/6/0
24  -1.1  -3.6  -2.0 1013.5 1004.1 1008.9 15 340  8 NW  5.7  8   4 10 0101420692
25  -0.9  -4.7  -2.7 1019.0 1002.5 1011.9 18 210  7 SW  2.0  2  22  8 0101520692
26  -1.2  -3.9  -1.9 1020.0 1015.0 1016.9 28 240  9 SW  0.0  0  20 10 0101420692
27  -1.5  -2.8  -2.1 1016.4 1014.3 1016.1 12 220  4 SW  0.3  0  19 10 0101520692
28  -1.3  -5.5  -2.8 1014.0 1004.5 1009.4 12 230  4 NW  1.0  T  19 10 0101720692
29   0.0  -2.3  -1.0 1005.4 1001.2 1003.8 13 300  4 NW  5.4  1  19 10 0101620692
30  -1.7  -5.2  -3.3 1005.6 1002.9 1003.9  9 320  2 NE  0.3  0  19  3 0101320692
31  -1.0  -5.1  -3.3 1003.2 1001.3 1002.1  8 310  2 NW  0.0  0  19  8 0101420692
