********************************************************************************
Palmer Station Weather Highlights:      June 1997

        Temperature:    Abs Max:    7.1 C          Day: 2
                        Abs Min:  -13.3 C          Day: 24
                            Avg:   -3.8 C
                        Avg Max:   -1.6 C
                        Avg Min:   -5.7 C

        Pressure:       Abs Max: 1023.8 mb         Day: 14
                        Abs Min:  981.5 mb         Day: 20
                            Avg: 1000.9 mb
                        Avg Max: 1004.1 mb
                        Avg Min:  997.7 mb

        Wind:             Peak:      54 kts        Day: 3
                           Avg:       9 kts
                        Days Prevailing:     N: 3
                                            NE: 12
                                             E: 0
                                            SE: 2
                                             S: 1
                                            SW: 9
                                             W: 0
                                            NW: 3

        Precipitation:  Melted:    54.5 mm         YTD:   344.0 mm
                          Snow:      47 cm         YTD:     190 cm
                Days with Precipitation:     22
                Days with Snow:              16
                Maximum Snowstake Depth:     48 cm Day: 23

        Clouds: Average Cloud Coverage:      82%
                Days Overcast:               21
                Days Partly Cloudy:           6
                Days Clear:                   3



============================== Daily Weather Data ==============================
Column Titles:
        1. Day                         9. Wind Peak Direction (degrees)
        2. Temperature High   (C)     10. Wind Avg              (knots)
        3. Temperature Low    (C)     11. Wind Prevailing Direction
        4. Temperature Avg    (C)     12. Precipitation Melted     (mm)
        5. Pressure High     (mb)     13. Precipitation Snow       (cm)
        6. Pressure Low      (mb)     14. Depth at Snowstake       (cm)
        7. Pressure Avg      (mb)     15. Sky Coverage         (tenths)
        8. Wind Peak      (knots)     16. Sea Temp/Ice     (WMO coding)

01  -0.1  -5.6  -2.6 1002.8 1000.8 1001.5  1 120  0 NE  1.8  0  19 10 0101120692
02   7.1  -0.5   3.5 1005.2  998.0 1002.6 37 020 15 NE  0.2  0  10 10 010080/6/0
03   5.0   0.3   2.7  997.0  994.2  996.0 54 020 16 NE  0.8  0   0  8 010060/6/0
04   4.9   0.4   2.0 1002.3  991.8  996.9 40 020 22  N  6.5  0   0  9 010090/6/0
05   4.0  -1.3   0.9 1002.5  995.0  997.0 46 360 16  N  2.0  0   0  7 010090/6/0
06   0.5  -2.0  -1.0 1005.7  996.8 1003.1 17 040  7 NW  3.4  5   1 10 010110/6/0
07  -0.4  -6.2  -3.3 1006.1 1004.2 1004.7 12 210  6 SW  3.5  1  13 10 010120/6/0
08  -2.6  -6.9  -4.2 1009.1 1003.2 1006.5 20 220  8  N  0.0  0  11 10 010180/6/0
09  -2.6  -4.6  -3.8 1003.9 1000.9 1002.7 14 240  3 SW  0.5  T  10 10 010150/5/0
10  -0.5  -4.6  -3.3 1004.1  994.7 1002.1 45 190 21 SW  0.6  T  10  5 010180/5/0
11  -2.3  -6.6  -4.0 1008.8 1004.1 1006.7 21 220  9 SW  0.0  0  10  1 010160/6/0
12  -2.1  -3.3  -2.8 1010.8 1006.0 1008.1 16 230  7 SW  0.9  T  10 10 010160/5/0
13  -2.0  -3.6  -3.1 1021.8 1010.7 1016.5 13 260  4 SW  0.1  T   9  7 010110/5/0
14  -0.6  -3.9  -2.0 1023.8 1020.9 1022.6 17 240  8 NW  0.1  T   9 10 0101520592
15  -1.7  -5.6  -3.0 1021.0 1007.1 1014.1 17 220  7 NW  0.4  0   9 10 0101520592
16  -2.1  -5.2  -2.9 1007.0  997.8  999.8 13 090  2 SE  0.4  1  10 10 0101620592
17  -0.2  -3.7  -1.7  997.5  986.6  990.3 16 330  6 SE 12.2 14  19 10 0101420592
18  -3.4  -8.4  -6.5  997.7  989.5  995.3 21 220  8 SW  0.0  0  26  6 0101920692
19  -3.4  -9.3  -5.6  997.3  987.5  990.6 15 110  3 NE  2.0  3  25 10 0101420692
20   2.4  -3.6  -0.1  987.7  981.5  983.9 40 020 13 NE  8.4 11  29 10 010100/6/0
21   0.0  -4.2  -3.7  985.5  981.7  984.4 21 190  6  S  6.7  6  31 10 010140/6/0
22  -3.7  -7.7  -6.9  994.2  985.5  991.3 17 220  7 SW  2.0  4  47 10 0101920692
23  -6.8  -9.7  -8.2 1001.8  994.2  999.3 19 210  5 SW  2.0  2  48 10 0101720692
24  -7.6 -13.3 -11.2 1002.3  998.5  999.8 23 030  8 NE    T  T  43  6 0102020692
25  -6.6 -11.6  -8.9 1009.5 1002.3 1007.7 18 190  8 NE  0.0  0  41  1 0101520692
26  -7.0 -11.2  -9.6 1009.2 1005.3 1005.9 14 180  6 NE  0.0  0  39  1 0101920692
27  -5.8 -10.2  -7.7 1005.5  998.9 1001.0  9 010  3 NE  0.0  0  37 10 0101820692
28  -4.2  -6.9  -5.7 1001.9  998.9 1000.5 17 010  5 NE  0.0  0  36 10 0101620692
29  -3.1  -5.2  -4.1 1002.3  997.6  998.6 39 360 22 NE    T  T  34  9 0101521693
30  -4.2  -7.8  -6.0  997.8  996.0  996.3 26 020 11 NE  0.0  0  32  5 0101921693
