********************************************************************************
Palmer Station Weather Highlights:      July 1997

        Temperature:    Abs Max:    2.8 C          Day: 19
                        Abs Min:  -19.3 C          Day: 26
                            Avg:   -7.8 C
                        Avg Max:   -4.2 C
                        Avg Min:  -11.0 C

        Pressure:       Abs Max: 1018.5 mb         Day: 7
                        Abs Min:  955.5 mb         Day: 14
                            Avg:  987.1 mb
                        Avg Max:  993.5 mb
                        Avg Min:  980.8 mb

        Wind:             Peak:      58 kts        Day: 19
                           Avg:      12 kts
                        Days Prevailing:     N: 8
                                            NE: 8
                                             E: 0
                                            SE: 0
                                             S: 2
                                            SW: 7
                                             W: 1
                                            NW: 5

        Precipitation:  Melted:    58.8 mm         YTD:   402.8 mm
                          Snow:      81 cm         YTD:     271 cm
                Days with Precipitation:     26
                Days with Snow:              25
                Maximum Snowstake Depth:     56 cm Day: 30

        Clouds: Average Cloud Coverage:      77%
                Days Overcast:               22
                Days Partly Cloudy:           2
                Days Clear:                   7



============================== Daily Weather Data ==============================
Column Titles:
        1. Day                         9. Wind Peak Direction (degrees)
        2. Temperature High   (C)     10. Wind Avg              (knots)
        3. Temperature Low    (C)     11. Wind Prevailing Direction
        4. Temperature Avg    (C)     12. Precipitation Melted     (mm)
        5. Pressure High     (mb)     13. Precipitation Snow       (cm)
        6. Pressure Low      (mb)     14. Depth at Snowstake       (cm)
        7. Pressure Avg      (mb)     15. Sky Coverage         (tenths)
        8. Wind Peak      (knots)     16. Sea Temp/Ice     (WMO coding)

01  -6.5 -10.8  -9.0 1007.5  997.0 1002.2 15 360  4 NE  0.2  1  31 10 0102021693
02  -6.0  -9.8  -8.3 1009.7 1007.5 1008.7 22 340  8 NE  2.0  9  45  2 0102021693
03  -7.5 -12.9  -9.9 1011.0 1007.3 1008.6 16 180  7  S  1.9  6  47  2 0102031693
04  -9.4 -12.2 -10.6 1011.0 1004.0 1007.1 11 030  4  S  0.2  1  45 10 0102031693
05  -7.1 -12.2  -9.8 1012.8 1004.5 1009.3 10 360  4 NE  0.0  0  42  1 0101942693
06  -6.3 -10.2  -8.1 1018.3 1012.2 1016.2  9 340  3  N  0.0  0  41 10 0101842693
07  -6.5 -10.4  -9.1 1018.5 1017.3 1017.6  7 210  3 NE  0.0  0  39  2 0101842693
08  -9.1 -11.3 -10.0 1018.2 1010.9 1013.2  7 360  4 NE  0.4  0  39  2 0101842693
09  -8.0 -11.1  -9.6 1010.9 1004.0 1006.0 11 240  3 NE  0.7  T  38  1 0101842693
10  -5.4 -11.5  -9.0 1004.0  982.7  993.8 22 010  5 NE  0.0  0  38 10 0101842693
11  -0.3  -6.1  -2.8  982.7  967.0  969.7 37 360 15  N  0.6  T  36  7 0101832691
12  -1.6  -6.3  -3.4  975.0  967.1  972.1 34 010 11 NW  1.2  1  38  9 0101632692
13   1.7  -2.7  -0.8  972.0  956.8  961.1 50 040 21  N  1.5  3  35 10 0101621691
14  -0.6  -6.7  -4.1  972.9  955.5  963.7 38 250 16  N  5.3 11  42 10 0101721691
15  -4.2  -8.8  -6.2  990.4  972.8  984.1 23 020  8  N  0.0  0  40  1 0101521690
16  -1.7 -10.1  -6.9  991.4  970.0  983.2 25 030 11  W  0.8  1  38 10 0101821690
17  -1.6  -8.4  -6.4  991.6  965.7  977.8 38 240 22 SW  0.7  2  42 10 0101721690
18  -0.2 -10.2  -4.5  994.3  980.7  987.5 53 340 23 NW  1.2  T  41  7 0101721693
19   2.8  -7.7  -3.8  994.5  970.4  979.6 58 360 24  N  3.7  1  38 10 0101821690
20  -0.5  -2.3  -1.3  972.0  960.1  966.2 57 350  5 NW 22.6 21  47 10 0101721693
21  -0.6  -6.6  -2.6  980.0  967.0  977.0 50 350 28  N  0.2  T  40 10 0102021693
22  -0.8 -15.1  -9.8  987.3  968.3  980.2 43 010 22 SW  0.6  T  36  9 0////21692
23  -7.6 -15.6 -14.7 1001.3  987.0  998.0 24 210 13 SW    T  T  35 10 0102042793
24  -0.3 -14.0  -3.1  999.8  975.0  982.4 54 030 25  N  2.4  3  35  9 0101932691
25  -0.5 -11.5  -6.1  975.0  968.2  970.4 46 010 18 SW  0.6  T  35 10 0101822691
26 -11.0 -19.3 -16.8  988.9  973.3  984.3 21 240 13 SW  0.5  T  36 10 0102042693
27 -13.2 -19.0 -15.2  988.9  985.8  986.9 13 270  6 SW    T  T  36  8 0101952793
28  -3.1 -15.3  -8.7  987.7  965.1  975.1 22 140  4 NW  4.3  8  44 10 0101952692
29  -3.0  -9.5  -5.6  970.0  963.4  965.6 31 080 13 NE  4.7 10  44 10 0101952692
30  -6.0 -12.7 -10.1  981.4  970.1  978.3 21 140  8 NW  2.1  3  56 10 0101952692
31  -6.2 -19.2 -15.1  980.0  967.1  973.3 44 230 26 SW  0.4  T  35  9 0101952693
