********************************************************************************
Palmer Station Weather Highlights:      September 1997

        Temperature:    Abs Max:    0.7 C          Day: 4
                        Abs Min:  -22.2 C          Day: 8
                            Avg:   -8.7 C
                        Avg Max:   -4.5 C
                        Avg Min:  -12.9 C

        Pressure:       Abs Max: 1023.2 mb         Day: 30
                        Abs Min:  948.7 mb         Day: 10
                            Avg:  992.4 mb
                        Avg Max:  997.5 mb
                        Avg Min:  986.7 mb

        Wind:             Peak:      63 kts        Day: 14
                           Avg:       8 kts
                        Days Prevailing:     N: 3
                                            NE: 4
                                             E: 0
                                            SE: 4
                                             S: 0
                                            SW: 9
                                             W: 0
                                            NW: 10

        Precipitation:  Melted:    41.2 mm         YTD:   496.3 mm
                          Snow:      43 cm         YTD:     378 cm
                Days with Precipitation:     22
                Days with Snow:              22
                Maximum Snowstake Depth:     62 cm Day: 5

        Clouds: Average Cloud Coverage:      83%
                Days Overcast:               23
                Days Partly Cloudy:           4
                Days Clear:                   3



============================== Daily Weather Data ==============================
Column Titles:
        1. Day                         9. Wind Peak Direction (degrees)
        2. Temperature High   (C)     10. Wind Avg              (knots)
        3. Temperature Low    (C)     11. Wind Prevailing Direction
        4. Temperature Avg    (C)     12. Precipitation Melted     (mm)
        5. Pressure High     (mb)     13. Precipitation Snow       (cm)
        6. Pressure Low      (mb)     14. Depth at Snowstake       (cm)
        7. Pressure Avg      (mb)     15. Sky Coverage         (tenths)
        8. Wind Peak      (knots)     16. Sea Temp/Ice     (WMO coding)

01  -6.7 -17.0 -12.9  995.1  974.5  987.8 11 090  3 NE  0.0  0  49  1 0102052893
02  -9.8 -16.5 -13.4 1003.2  994.0 1000.7  6 030  2 NE  0.0  0  49  1 0102052893
03  -0.8 -14.1  -5.4 1002.7  993.4  998.2 39 010  8 SE  0.2  T  49 10 0102054792
04   0.7  -1.6  -0.1  994.1  983.7  986.8 51 030 29  N  3.2  3  42 10 0102054692
05  -0.1 -14.1  -7.8  987.5  979.1  985.7 24 230  6 NW  6.5 13  62  5 0102056791
06  -4.0 -13.1  -7.5  985.1  983.1  983.7 31 360  6 NW  0.3  T  61  8 0102052791
07  -7.6 -18.2 -11.9  994.6  985.2  990.3 15 300  8 NW    T  T  60  9 0102042891
08  -7.6 -22.2 -14.4  997.3  994.6  996.2  8 130  2 NW  0.5  T  59 10 0102042692
09  -3.7 -16.0  -8.5  997.0  979.5  990.6 44 360  9  N  2.0  2  59 10 0102042692
10  -0.2 -15.2  -8.6  979.5  948.7  961.4 62 310 22 SW 11.4 11  49  9 0102042692
11 -13.6 -17.2 -16.3  972.3  961.0  967.2 31 240 15 SW    T  T  47 10 0102042793
12 -11.0 -18.5 -14.8  968.5  961.3  964.5 15 230  5 NW  0.0  0  48  6 0102052793
13  -6.4 -14.1 -11.3  988.1  968.2  981.1 18 160  6 NW  0.0  0  48  3 0102052892
14  -4.2 -16.0 -10.8  988.0  962.5  974.0 63 360 19  N  1.6  T  48 10 0102052692
15 -10.5 -18.2 -14.5  983.1  970.5  978.5 31 240 13 SW  0.8  2  48 10 0102042791
16  -4.6 -12.6  -8.6  984.0  972.5  976.6 20 330  2 SE  2.1  3  50 10 0102042791
17  -5.6 -17.9 -11.2  993.2  983.1  988.7 19 350  8 NW  2.8  T  53 10 0102052893
18  -3.8 -13.7  -9.0  984.2  977.8  980.1 33 020  9 SE  1.7  3  53 10 0101952792
19 -10.0 -15.1 -13.5 1003.6  984.3  997.5 25 230 13 SW    T  T  53 10 0101952972
20  -9.7 -14.4 -12.1 1010.1 1003.7 1008.4 14 200  3 SW  0.0  0  51  9 0102052893
21  -3.2 -12.6  -8.2 1010.0 1007.0 1008.3  9 320  2 NW  0.0  0  50  5 0101952891
22  -2.1 -13.0  -7.8 1012.0 1010.0 1011.3 16 360  5 NE  0.0  0  49  6 0101952892
23  -1.3 -12.5  -5.4 1015.8 1011.8 1014.8 14 130  3 NE  0.0  0  49  8 0101942891
24   0.3  -4.0  -3.2 1014.9 1001.7 1006.1 13 130  2 SE  0.4  1  51 10 0101942891
25   0.5  -4.4  -2.8 1001.2  997.7  999.2 11 130  2 NW  0.4  T  51 10 0101842891
26  -1.7  -6.1  -4.1 1004.5 1000.0 1002.7 16 220  7 SW  2.0  T  51 10 0101842891
27  -0.2  -6.0  -1.5 1009.7 1003.5 1006.2 24 240  7 SW  1.7  T  52 10 0101942891
28   0.0  -4.5  -2.0 1009.9  998.3 1003.1 38 350 15 NW  1.9  T  54 10 0101942891
29  -1.5  -7.6  -4.5 1011.5  997.4 1003.8 27 230 11 SW  1.7  5  60 10 0101942891
30  -5.3 -10.7  -7.5 1023.2 1011.5 1019.2  9 240  2 SW    T  T  58 10 0101942891
