********************************************************************************
Palmer Station Weather Highlights:      August 1997

        Temperature:    Abs Max:    4.4 C          Day: 8
                        Abs Min:  -25.2 C          Day: 1
                            Avg:   -6.9 C
                        Avg Max:   -3.0 C
                        Avg Min:  -10.4 C

        Pressure:       Abs Max: 1006.9 mb         Day: 7
                        Abs Min:  955.7 mb         Day: 23
                            Avg:  982.3 mb
                        Avg Max:  988.7 mb
                        Avg Min:  975.2 mb

        Wind:             Peak:      68 kts        Day: 22
                           Avg:      15 kts
                        Days Prevailing:     N: 4
                                            NE: 4
                                             E: 4
                                            SE: 4
                                             S: 0
                                            SW: 12
                                             W: 0
                                            NW: 3

        Precipitation:  Melted:    52.3 mm         YTD:   455.1 mm
                          Snow:      64 cm         YTD:     335 cm
                Days with Precipitation:     30
                Days with Snow:              30
                Maximum Snowstake Depth:     63 cm Day: 20

        Clouds: Average Cloud Coverage:      93%
                Days Overcast:               29
                Days Partly Cloudy:           0
                Days Clear:                   2



============================== Daily Weather Data ==============================
Column Titles:
        1. Day                         9. Wind Peak Direction (degrees)
        2. Temperature High   (C)     10. Wind Avg              (knots)
        3. Temperature Low    (C)     11. Wind Prevailing Direction
        4. Temperature Avg    (C)     12. Precipitation Melted     (mm)
        5. Pressure High     (mb)     13. Precipitation Snow       (cm)
        6. Pressure Low      (mb)     14. Depth at Snowstake       (cm)
        7. Pressure Avg      (mb)     15. Sky Coverage         (tenths)
        8. Wind Peak      (knots)     16. Sea Temp/Ice     (WMO coding)

01 -15.2 -25.2 -20.1  977.5  974.0  975.8 37 240 21 SW  0.3  T  34  8 0101952693
02  -7.5 -15.5 -10.2 1000.3  978.2  996.1 62 110 14 SE  0.2  T  34  1 0101992795
03  -6.8 -11.9  -9.6  999.8  983.1  989.9 19 260 10 NW  1.7  4  38 10 0101992795
04 -11.2 -16.2 -12.4  997.4  980.1  989.4 43 250 19 SW  1.4  1  36 10 0101992795
05  -3.5 -12.6  -7.8  999.2  994.2  997.0 27 260 12 SW  1.1  2  36 10 0101992695
06  -3.6 -13.1  -8.2 1006.3  997.8 1003.7 18 320  6 NW  0.5  1  57 10 0101992695
07  -0.6  -6.6  -3.1 1006.9  997.0 1002.4 17 110  6 SE  0.2  T  55 10 0101992695
08   4.4  -1.5   0.7  997.0  971.4  978.6 43 050 20  E  0.4  T  42 10 0101852694
09   2.6  -1.9  -0.6  977.2  971.3  975.0  9 140  2 SE  0.2  T  40 10 0101852692
10   1.1  -3.5  -2.0  980.2  977.0  978.0 11 340  1 NW  6.8 13  44 10 0101842691
11   0.7  -5.2  -2.3  982.5  980.0  981.6 27 360  8  N  1.8  3  51 10 0101842692
12   2.2  -4.6  -2.2  983.0  974.5  980.1 38 350 20 NE  0.3  T  38  8 0101732791
13   0.4  -5.4  -2.0  982.0  972.0  976.0 42 080 18  E    T  T  37 10 0101732791
14  -0.4  -5.5  -3.5  985.1  975.7  981.1 40 020 26  E  0.8  T  38 10 0101722791
15  -1.3  -6.5  -3.8  988.5  975.0  986.1 40 070 15 NE  0.1  T  37 10 0101922890
16  -1.2  -6.8  -4.3  987.6  970.9  976.5 24 110  8 SE 11.2 19  62 10 0101922790
17  -2.2  -5.6  -4.5  976.9  971.3  975.4 30 060 10 NE  1.5  1  61  9 0102022790
18  -4.2 -10.0  -7.5  993.5  972.9  984.0 31 110 11  E    T  T  53  4 0101822790
19  -2.3 -10.5  -6.9  998.2  985.9  992.8 30 360 10 SW  4.0  5  51 10 0102032693
20  -1.0 -10.7  -6.2  986.0  963.7  968.9 44 350 28 SW  1.3  1  63 10 0101932692
21  -9.0 -13.0 -11.5  992.8  971.0  985.8 40 240 13 SW    T  T  62 10 0101932692
22   1.4 -11.0  -0.4  992.5  957.0  969.4 68 360 33  N  4.2  1  38 10 0102032691
23   1.5 -16.0 -13.2  978.6  955.7  975.0 39 340 18 SW  1.8  T  40 10 0102032793
24  -9.6 -18.2 -14.9  974.0  965.2  971.0 32 220 16 SW  3.0  2  42 10 0102032793
25 -15.7 -21.6 -18.7  984.5  973.0  981.2 25 220 12 SW  0.1  T  42 10 0102042793
26  -1.4 -16.0  -9.9  996.2  974.9  986.2 54 350 16 SW  6.3  9  40 10 0102052793
27   0.4 -16.1  -5.8  998.6  993.3  995.7 46 360 14  N  0.2  T  41 10 0102052792
28   0.9  -0.6   0.2  995.2  990.0  992.6 39 360 26  N  0.0  0  41  9 0102042791
29   1.3  -2.6  -0.7  989.9  962.6  974.6 43 360 21 NE    T  T  40 10 0102042791
30  -1.5 -13.1  -8.2  966.6  956.5  961.2 28 260 14 SW  2.7  2  53 10 0102042793
31 -11.2 -14.3 -13.0  975.7  965.3  971.0 21 270 10 SW  0.2  T  49 10 0102042793
