                                                                                PALMER STATIANTARCTICA
                                                                                Weather SummMonth Year
                    Temperature                           Pressure                                     Wind                                 Precipitation
  DATE      High        Low       Average       High        Low       Average       Peak     Direction    Average   Prevailing     Melted     Snowfall   Snowstake      Sky         Ice       DATE
            (C)         (C)         (C)         (mb)        (mb)        (mb)      (knots)    (degrees)    (knots)      (pts)        (mm)        (cm)        (cm)      (tenths)
   1        7.0         2.5         3.8        980.0       974.6       977.3        39          020         15           N          1.7          0           0           9       000210/6/0    1
   2        3.9         0.4         2.2        977.0       972.8       974.7        18          020         5           NW           T           0           0           9       000190/6/0    2
   3        3.4         1.1         1.8        988.5       977.2       985.0        14          360         7           SW           T           T           0           10      000120/6/0    3
   4        2.6        -0.6         1.1        988.2       980.9       985.6         7          010         1           NW          0.2          T           0           7       000170/6/0    4
   5        3.0        -0.9         1.2        982.7       980.4       981.5        25          060         6            N          0.0          0           0           9       000100/6/0    5
   6        5.1         0.8         2.3        982.6       981.4       982.1        27          030         10           N          0.0          0           0           8       000180/6/0    6
   7        5.1         0.7         1.9        986.1       981.6       984.1        28          040         13          NE          0.0          0           0           9       000200/6/0    7
   8        2.8        -1.2         1.0        985.2       982.7       983.4        32          090         14           E          0.0          0           0           10      000200/6/0    8
   9        2.7         0.0         1.5        987.2       984.0       986.3        30          080         9            E          0.0          0           0           10      000200/6/0    9
   10       3.6        -1.6         1.0        988.9       986.2       987.4        10          270         3            N          0.0          0           0           10      000200/6/0    10
   11       1.7        -2.1         0.1        989.3       984.1       986.6        39          010         13           N          1.3          2           0           9       000160/6/0    11
   12       2.2         0.8         1.4        990.5       983.9       986.3        38          360         16           N          3.7          0           0           10      000140/6/0    12
   13       5.2         0.5         2.7        994.1       984.1       990.4        38          030         17           N          1.0          0           0           10      000160/6/0    13
   14       6.2         2.1         4.3        983.9       966.2       972.1        46          050         23           N          1.9          0           0           9       000190/6/0    14
   15       3.8         0.4         1.6        976.0       963.2       970.6        40          020         18           N          10.8         T           T           10      000110/5/0    15
   16       5.7         1.4         3.5        975.8       972.8       973.0        46          020         20           N          8.3          0           0           9       000180/5/0    16
   17       6.2         1.5         3.4        972.5       967.8       969.4        40          030         17          NE          2.8          0           0           10      000170/5/0    17
   18       2.5         0.4         1.3        983.8       971.0       980.8        17          350         6           SW          0.1          0           0           8       000160/5/0    18
   19       3.9        -0.6         0.5        992.9       984.2       987.5        21          220         7           SW          0.0          0           0           7       000140/5/0    19
   20       3.2        -0.9         1.3       1005.8       993.1      1001.4        17          210         8           SW          0.0          0           0           8       000150/5/0    20
   21       1.5         0.5         1.3       1008.5      1005.0      1007.0        16          240         8           SW          1.1          0           0           10      000090/5/0    21
   22       3.0         0.2         1.6       1004.5       987.0       992.1        15          360         6            N          2.4          T           T           10      000110/5/0    22
   23       4.2        -0.7         2.6        998.5       972.0       982.5        53          045         6           NE          0.0          0           0           10      000160/5/0    23
   24       2.2         0.1         1.0       1000.0       989.5       998.0        22          330         7           NW          0.7          T           T           10      000160/5/0    24
   25       4.1         0.5         2.0        980.0       968.0       974.8        45          045         15           E          0.7          0           0           10      000160/5/0    25
   26       3.4         0.8         1.8        987.8       980.0       985.0        44          030         9            N          0.0          0           0           10      000150/5/0    26
   27       4.7         1.0         2.7        982.0       964.5       968.0        60          030         35          NE          12.1         0           0           10      000150/5/0    27
   28       3.0         0.5         1.9        967.0       958.0       961.8        47          360         11           N          17.1         T           T           10      000150/5/0    28
   29       1.6        -1.5         0.1        989.5       961.8       974.6        20          010         3            N          4.7          5           T           9       000150/4/0    29
   30       0.8        -1.6        -1.0        990.0       979.0       987.6        14          360         6           NW          3.8          8           13          10      000150/5/0    30
   31       1.0        -1.9         0.3        993.1       990.1       991.6         NA          NA         NA          NW          1.9          4           14          8       000150/5/0    31


                                                                                                                                                MONTHLY HIGHLIGHTS:

        Temperature:Max (C)     (day);      Min (C)     (day);      Avg (C);    Avg Max (C);Avg Min (C);
                    7.0         1           -2.1        11          1.7         3.5         0.1

        Pressure:   Max (mb)    (day);      Min (mb)    (day);      Avg (mb);   Avg Max (mb)Avg Min (mb);
                    1008.5      21          958.0       28          982.9       987.5       978.3

        Precip:     Melted (mm);Snowfall (cmMax snowstake (cm)      (day);      Days with precipitation;Days with snow;         YTD Precip:  Melted (mm)Snowfall (cm);
                    76.4        19          14                      31               22                     10                                 129.9         24

        Wind:       Max Gust(kts(day);      Avg (kts);  Days Prevail   North;   North East;    East;    South East;   South;    South West;    West;    North West;
                    60          27          11                           14          4           3           0           0           5           0           5

        Cloud Cover:Avg (%);          Days:  Overcast;  Partly Cloud       Clear;
                    93                           29          2           0

