******************************************************************************
Palmer Station Weather Highlights:       August, 2017

        Temperature:    Abs Max:   4.2 C Day: 13
                        Abs Min:   -14.2 C Day: 29
                            Avg:   -4.5 C

        Pressure:       Abs Max:   1021.1 mb Day: 8
                        Abs Min:   949.3 mb Day: 1
                            Avg:   983.8 mb

        Wind:             Peak:    56 kts Day: 23
                           Avg:    12.2 kts
                        Days Prevailing:
                                             NNE : 9 
                                             ESE : 5 
                                             NNW : 3 
                                             N : 3 
                                             SW : 3 
                                             E : 3 
                                             WNW : 2 
                                             ENE : 1 
                                             NE : 1 
                                             SSW : 1 
                                             S : 0 
                                             SSE : 0 
                                             W : 0 
                                             SE : 0 
                                             NW : 0 
                                             WSW : 0 


        Precipitation: Rainfall:      17.8 mm YTD:	469.1 mm
                           Snow:      21 cm YTD:	10 cm
        Maximum Snowstake Depth:      55 cm Day: 6

============================= Daily Weather Data ============================= 
Column Titles:
        1. Day                         9. Wind 5-Sec Peak Direction 
        2. Temperature High    (C)    10. Wind Average               (knots)
        3. Temperature Low     (C)    11. Wind Prevailing Direction
        4. Temperature Average (C)    12. Rainfall                   (mm)
        5. Pressure High      (mb)    13. Precipitation Snow         (cm)
        6. Pressure Low       (mb)    14. Depth at Snowstake         (cm)
        7. Pressure Average   (mb)    15. Sea Surface Temperature    (C)
        8. Wind 5-Sec Peak (knots)    16. Sea Ice                    (WMO code)

01	0.1	-7.2	-2.8	982.9	949.3	961.2	53.3	59	24.7	N	0	0	48.6	-1.6	0/6/0 
02	-3.3	-9.7	-7.1	971.7	950.1	962	42.6	267	19.5	WNW	0.3	0	48	-1.7	0/6/0 
03	0.4	-4.9	-1.1	968.1	954.8	960.9	51.8	23	22.1	NNE	4.3	1	49.2	-1.7	0/6/0 
04	-1.9	-7.4	-4	972.7	961.3	967.3	40.3	296	18.9	WNW	0.3	3	52	-1.7	0/6/0 
05	-5.6	-9	-7.6	994.9	972.6	983	35.8	287	17.4	SW	0	1	53.2	-1.8	0/6/0 
06	-2.9	-8.2	-6.3	1011.5	994.9	1003.9	14.2	232	3.4	ESE	0.3	2	55	-1.8	20660 
07	-2.2	-5.2	-3.2	1020.1	1011.5	1017	7.2	317	1.5	NE	0	0	54.6	-1.8	20660 
08	0.5	-4.7	-2.1	1021.1	1017.1	1019.8	23.4	20	8.2	NNE	0	0	54	-1.8	0/6/0 
09	2	-1.2	0.1	1017.2	1004.2	1012.8	18.5	97	7.2	ESE	1.5	0	54.4	-1.7	0/6/0 
10	4.1	-0.7	1.5	1004.1	994.1	997.7	38.5	3	10.1	NNW	5.8	0	51.2	-1.7	0/6/0 
11	3.5	-1.4	1.1	1000.5	995.3	998.3	30.1	1	9.8	N	0	0	49.6	-1.7	0/6/0 
12	1.8	-5.8	-3.5	995.4	988.7	990.6	24.6	16	3.2	ESE	0	0	48.2	-1.7	0/6/0 
13	4.2	-1.4	2.3	989.3	979.3	984.2	42.5	37	20.4	NNE	2.8	0	45.4	-1.5	0/6/0 
14	2.5	-2.8	-0.6	979.3	967	971.4	35.5	86	10	E	0	0	45.4	-1.5	0/6/0 
15	-1.8	-4.1	-3	973.3	970.1	971.9	22.3	9	5.5	NNE	0	0	45.4	-1.6	0/6/0 
16	-2.2	-4.2	-3.4	975.5	969.7	971.7	18.3	343	6.7	NNW	1.3	3	48	-1.7	0/6/0 
17	-3.8	-7.1	-4.9	986	975.4	980.2	24.4	11	9.3	NNE	0.5	2	49.8	-1.7	0/6/0 
18	-5.6	-8.3	-6.7	993.5	986	990.1	13.8	21	4.8	NNE	0	0	49.6	-1.8	10651 
19	-5.5	-7.4	-6.4	994.2	992.9	993.8	22.1	14	10.5	NNE	0	0	44.8	-1.8	0/6/0 
20	-4.5	-7.2	-5.6	992.9	973	985	15	32	3.9	ESE	0	0	44.8	-1.8	0/6/0 
21	-2.1	-7.2	-4.7	973	963.7	967.2	33.4	67	14.3	ENE	0	0	44.8	-1.7	0/6/0 
22	-5.8	-9.7	-7.2	974.3	962.7	970.1	49.9	96	18.4	E	0	0	44.8	-1.7	0/6/0 
23	-6.1	-10.4	-8.5	974.7	957.8	964.4	56.3	94	29.1	E	0	0	44.8	-1.1	0/6/0 
24	-4.6	-7	-5.7	988.5	974.7	984.5	18.5	10	6.4	NNE	0	1	46	-1.5	0/6/0 
25	-4.5	-6.7	-5.4	987.9	984.6	986.1	29.2	213	8.6	N	0	0	46	-1.6	0/6/0 
26	-1.4	-9.6	-7	992	963.2	984.1	55.1	352	23.6	SW	0.5	1	47.4	-1.7	0/6/0 
27	-1.4	-12.3	-10.1	985.6	963.2	980.4	48.2	262	21.6	SW	0	2	49	-1.7	0/6/0 
28	-7.7	-12	-9.4	987	978.9	981.5	32.2	204	12.1	SSW	0	2	50.8	-1.6	0/6/0 
29	-9.1	-14.2	-12.1	995.8	986.9	992.1	24	236	8	NNE	0	0	51.2	-1.7	30963 
30	-2.7	-9.7	-4.6	995.4	984.2	991.3	23	329	10.5	NNW	0.3	0	50.8	-1.7	30963 
31	-0.4	-7.5	-3	984.2	965.3	972.3	28.5	242	9.3	ESE	0	3	54.2	-1.7	30963 
