******************************************************************************
Palmer Station Weather Highlights:       October, 2017

        Temperature:    Abs Max:   4.5 C                          Day: 23
                        Abs Min:   -12.3 C                        Day: 15
                            Avg:   -3.4 C

        Pressure:       Abs Max:   1004.9 mb              Day: 28
                        Abs Min:   952 mb                 Day: 4
                            Avg:   979 mb

        Wind:             Peak:    54 kts                         Day: 1
                           Avg:    11 kts
                        Days Prevailing:
                                             ESE : 5 
                                             SW : 5 
                                             NNE : 4 
                                             NW : 4 
                                             SSW : 2 
                                             SE : 2 
                                             NNW : 2 
                                             E : 2 
                                             W : 1 
                                             WNW : 1 
                                             WSW : 1 
                                             ENE : 1 
                                             N : 1 
                                             NE : 0 
                                             SSE : 0 
                                             S : 0 


        Precipitation: Rainfall:      56.1 mm                     YTD:     mm
                           Snow:      47 cm                       YTD:    10 cm
        Maximum Snowstake Depth:      91.8 cm                     Day: 30

============================= Daily Weather Data ============================= 
Column Titles:
        1. Day                         9. Wind 5-Sec Peak Direction 
        2. Temperature High    (C)    10. Wind Average               (knots)
        3. Temperature Low     (C)    11. Wind Prevailing Direction
        4. Temperature Average (C)    12. Rainfall                   (mm)
        5. Pressure High      (mb)    13. Precipitation Snow         (cm)
        6. Pressure Low       (mb)    14. Depth at Snowstake         (cm)
        7. Pressure Average   (mb)    15. Sea Surface Temperature    (C)
        8. Wind 5-Sec Peak (knots)    16. Sea Ice                    (WMO code)

01      1.1     -9.9    -1.7    1001.1  980.4   991     54.1    23      29.4    NNE     14.5    2       72.4    -1.8    42661 
02      3       0.3     1.4     981     966.7   972.9   43.7    24      11.3    ESE     7.4     0       72.4    -1.8    42661 
03      1.7     -2.8    -1.3    968.3   953.9   963.8   43.7    52      10.5    E       3       6       78.8    -1.8    32661 
04      0.6     -3.2    -0.7    961.9   952     956.4   38.8    18      19.8    NNE     0.3     0       75.4    -1.8    32661 
05      3.1     -1.9    0.2     963.7   954.2   959.4   51.2    24      23.6    ENE     1       0       72.6    -1.8    22660 
06      0.4     -2.7    -1.7    962.3   955.6   960.7   46.4    15      18.5    NNW     0       1       73.8    -1.8    12660 
07      -1.7    -6.5    -3.9    966.8   957.7   961.5   34.3    360     20.2    WNW     0.3     0       72.6    -1.8    12760 
08      -5.2    -8.1    -6.5    975.2   966.6   971.4   21.1    322     8.3     NW      0.3     0       73      -1.7    12662 
09      -6.2    -10.3   -8.5    991.4   975.2   982.5   13.5    233     4.6     W       0       0       72.8    -1.7    52662 
10      -7.5    -9.9    -8.9    998.6   991.4   996.4   15.4    100     3.7     SE      0       3       75.8    -1.8    52662 
11      -0.3    -9.8    -4.1    993     980.8   984.6   27.5    325     9.6     SE      2.8     1       77      -1.8    52662 
12      -1.3    -9.5    -5.2    986.2   974.1   980.7   44.1    7       11.1    N       3       0       75.4    -1.8    42661 
13      -0.7    -4      -2.1    974.1   954.2   959.3   47.9    23      16.3    NW      11.4    5       80.4    -1.7    21660 
14      -4      -9.6    -6.3    968.9   954.8   961.5   21      231     6.2     WSW     0       7       87.6    -1.7    42661 
15      -3.5    -12.3   -7.2    978.2   968.6   972.2   14.2    343     4       NNW     0       0       84.8    -1.7    52662 
16      0.6     -5.3    -2.6    978.6   971.2   975.2   42.3    73      11.2    ESE     0.8     0       81.8    -1.7    32661 
17      -1.4    -4.3    -2.7    977.3   970.1   972.4   40.2    64      14.4    E       0       0       81      -1.7    22660 
18      -2.4    -4.7    -3.5    990.3   977.3   983.8   20.9    59      4.3     SSW     1.3     2       82.6    -1.6    62660 
19      -4.6    -7.3    -6.4    995.6   990.3   992.9   14.5    194     7.3     SSW     0       0       81.8    -1.7    62660 
20      -5.5    -8.7    -7.1    997     994.3   996.3   13.7    109     3.5     SW      0       0       80.8    -1.6    62660 
21      1.6     -6      -2.4    994.4   985.5   990     24.7    125     6.7     ESE     0       0       81.2    -1.4    22660 
22      3.9     0       2       985.7   972.3   978.8   35.4    13      12      ESE     0       0       79.6    -1.4    22660 
23      4.5     -0.8    1.7     972.6   962.3   965.9   47.3    23      12.1    ESE     0       0       78      -1.4    22660 
24      2.8     -0.8    0.9     973.4   962.1   966.9   44.1    16      13.6    NNE     1.3     0       77.2    -1.4    22660 
25      -0.3    -4.2    -3      989.4   973.3   982     20.8    289     6.4     SW      3.6     8       85.2    -1.6    22660 
26      -1.5    -5.6    -3.4    1000.3  989.4   994.8   8.9     185     3.8     NW      3.3     4       89.4    -1.3    22660 
27      -3.4    -6.8    -5.6    1004.8  1000.3  1003.5  11.3    15      4.7     NNE     0       0       85.2    -1.3    32662 
28      -2.2    -7.1    -4.3    1004.9  1001.6  1002.9  14      241     3.9     SW      0       0       85.2    -1.3    32661 
29      -1.3    -4.4    -2.8    1002.3  997.9   999.7   26      224     11.5    SW      0.3     0       85      -1.3    22661 
30      -1.3    -6.6    -2.8    997.9   981.4   987.6   26.6    234     14.4    NW      1.8     8       91.8    -1.4    22661 
31      -6      -7.7    -7.1    982.9   977.8   980.8   28.8    210     14.2    SW      0       0       91.6    -1.5    92662 
