******************************************************************************
Palmer Station Weather Highlights:       July, 2017

        Temperature:    Abs Max:   3 C Day: 1
                        Abs Min:   -10.8 C Day: 31
                            Avg:   -4.4 C

        Pressure:       Abs Max:   1013.2 mb Day: 21
                        Abs Min:   949.3 mb Day: 30
                            Avg:   979.7 mb

        Wind:             Peak:    67 kts Day: 9
                           Avg:    14.3 kts
                        Days Prevailing:
                                             SW : 8 
                                             NNE : 8 
                                             N : 3 
                                             ESE : 3 
                                             WSW : 2 
                                             E : 2 
                                             W : 2 
                                             NE : 1 
                                             NNW : 1 
                                             ENE : 1 
                                             S : 0 
                                             WNW : 0 
                                             SSE : 0 
                                             NW : 0 
                                             SE : 0 
                                             SSW : 0 


        Precipitation: Rainfall:      117.9 mm YTD:	451.4 mm
                           Snow:      47 cm YTD:	10 cm
        Maximum Snowstake Depth:      54.2 cm Day: 28

============================= Daily Weather Data ============================= 
Column Titles:
        1. Day                         9. Wind 5-Sec Peak Direction 
        2. Temperature High    (C)    10. Wind Average               (knots)
        3. Temperature Low     (C)    11. Wind Prevailing Direction
        4. Temperature Average (C)    12. Rainfall                   (mm)
        5. Pressure High      (mb)    13. Precipitation Snow         (cm)
        6. Pressure Low       (mb)    14. Depth at Snowstake         (cm)
        7. Pressure Average   (mb)    15. Sea Surface Temperature    (C)
        8. Wind 5-Sec Peak (knots)    16. Sea Ice                    (WMO code)

01	3	-1.4	0.6	980.2	958.1	973.3	39.5	31	16.6	NNE	0	0	33.6	-1.6	0/6/0 
02	2.3	-8.3	-3.1	982.2	956.4	968.9	23.8	229	9.4	SW	0.3	0	33.8	-1.4	0/6/0 
03	0.8	-8.2	-2	985.7	978.3	982	46.8	10	19.7	N	1	0	34	-1.5	0/6/0 
04	1.7	-3.6	-1.1	989.9	972.3	979.4	42.7	24	11.1	ESE	0	0	34	-1.2	0/6/0 
05	2.4	-2.8	0.8	990.5	975.4	983.5	66	18	41.7	NNE	65.5	0	19.4	-1.2	0/6/0 
06	1.4	-3.1	-0.9	980.8	975.6	979	55	8	6.7	N	11.9	14	33.4	-0.9	0/6/0 
07	1.1	-2	-0.1	978.3	966.3	973.2	53.5	24	23.1	NNE	6.1	0	31	-1	0/6/0 
08	1.1	-2.1	-0.1	975.2	962.7	970.2	46	348	19.6	NNW	1.3	1	31.6	-0.9	0/6/0 
09	-0.3	-3.5	-1.9	971.1	957.2	966.4	66.6	6	28.1	N	4.6	0	31.6	-1.3	0/6/0 
10	0	-6	-3.1	969.6	953.5	960.6	64.3	13	20.5	W	4.3	0	31.6	-1.4	0/6/0 
11	-4.6	-7.7	-6.4	976.8	968.7	972.8	38.5	16	12.2	NNE	0	3	34.4	-1.6	0/6/0 
12	-0.1	-6.5	-3.1	979.9	973.9	975.4	48.6	349	16.1	E	1	0	33.6	-1.3	0/6/0 
13	0.4	-2.6	-1	986	979.9	984.8	40.2	12	14.5	ENE	0.8	1	34.2	-1.2	0/6/0 
14	-0.3	-4.4	-2.9	985.3	975.6	979.4	18.8	201	4	NNE	0	0	34.2	-1.4	0/6/0 
15	-3	-6.5	-4.8	979.1	969.8	976.9	25.6	237	12.9	SW	0	0	34.2	-1.5	0/6/0 
16	-2	-7	-5.1	986.1	969	978.9	28.1	208	13.7	SW	0	12	46.4	-1.7	0/6/0 
17	-5	-10.1	-7.3	987.4	970.2	982.3	24	222	7.4	SW	0	0	45.2	-1.6	20660 
18	-1.8	-10.7	-7.3	979.3	966.6	973.5	36.2	228	12.8	SW	0.3	0	44.2	-1.7	20660 
19	-1.7	-9	-6.2	994.7	967.9	981	37.3	19	19.5	SW	0.3	0	44.2	-1.8	20660 
20	-5.9	-9.8	-7.9	1008.3	994.6	1001.6	11.7	221	4.1	SW	0	0	44.2	-1.8	21660 
21	-4.8	-9.1	-6.9	1013.2	1008.3	1011.9	32.4	16	14.2	NNE	0	0	43.8	-1.8	21650 
22	-5.1	-9.6	-8	1012	1004	1008.8	18.3	12	6.9	NNE	0	0	43.8	-1.8	21650 
23	-7.8	-10.2	-8.7	1004	990.6	997.2	13	12	3.8	NE	0	0	43.4	-1.8	21650 
24	-4.6	-10.1	-7.4	990.7	985.6	987.2	13	100	2.6	ESE	0	0	43	-1.7	21650 
25	-3.4	-5.5	-4.4	988.9	984.9	987.9	15.4	101	5.6	E	0	0	42.4	-1.6	21650 
26	1.7	-4	-0.5	985.1	965.8	971.6	59.7	26	22	NNE	15.2	2	44.4	-1.5	21650 
27	-0.5	-9.9	-5.4	968.5	964	965.9	28	308	9.9	W	1.8	6	50.4	-1.6	21650 
28	-8	-9.9	-8.8	987.6	968.3	979.5	22	245	9.8	WSW	0.5	4	54.2	-1.7	21650 
29	-1.6	-9.5	-6	987.1	966.5	977.1	53.3	22	21.2	WSW	0.8	0	45.4	-1.7	21650 
30	-4	-8.9	-6.5	978.9	949.3	966.7	41.3	132	12.3	ESE	0	1	46.8	-1.6	21650 
31	-6.1	-10.8	-9.3	985	952.6	975	46.6	201	19	SW	2.3	3	50	-1.7	21650
