******************************************************************************
Palmer Station Weather Highlights:       September, 2017

        Temperature:    Abs Max:   1.4 C Day: 5
                        Abs Min:   -20.9 C Day: 13
                            Avg:   -7.6 C

        Pressure:       Abs Max:   1006.1 mb Day: 30
                        Abs Min:   941.5 mb Day: 17
                            Avg:   972.8 mb

        Wind:             Peak:    75 kts Day: 22
                           Avg:    18.7 kts
                        Days Prevailing:
                                             N : 7 
                                             NNW : 4 
                                             SW : 4 
                                             ESE : 3 
                                             NNE : 3 
                                             WSW : 3 
                                             SSW : 2 
                                             NW : 2 
                                             S : 1 
                                             W : 1 
                                             ENE : 0 
                                             SSE : 0 
                                             SE : 0 
                                             WNW : 0 
                                             NE : 0 
                                             E : 0 


        Precipitation: Rainfall:      122.4 mm YTD:	591.6 mm
                           Snow:      40 cm YTD:	10 cm
        Maximum Snowstake Depth:      77.2 cm Day: 20

============================= Daily Weather Data ============================= 
Column Titles:
        1. Day                         9. Wind 5-Sec Peak Direction 
        2. Temperature High    (C)    10. Wind Average               (knots)
        3. Temperature Low     (C)    11. Wind Prevailing Direction
        4. Temperature Average (C)    12. Rainfall                   (mm)
        5. Pressure High      (mb)    13. Precipitation Snow         (cm)
        6. Pressure Low       (mb)    14. Depth at Snowstake         (cm)
        7. Pressure Average   (mb)    15. Sea Surface Temperature    (C)
        8. Wind 5-Sec Peak (knots)    16. Sea Ice                    (WMO code)

01	-0.4	-9.3	-5.3	983.5	972	978.8	58.6	5	22.9	NNE	11.2	0	53.2	-1.7	30963 
02	0.4	-11.8	-5.7	984.8	969.5	977.8	51.7	4	19.7	N	13	0	49.2	-1.7	00760 
03	-1.2	-9.1	-3.4	984.5	965.2	971.1	68.3	16	27.6	NNE	0.5	0	47.6	-1.7	0/6/0 
04	1.2	-7.4	-3.1	986.7	973.8	981.5	44.5	340	17.6	WSW	3.6	2	49.4	-1.7	0/6/0 
05	1.4	-3.8	-1.1	983.3	963.2	973.2	59.3	278	29.7	N	22.6	5	54.6	-1.7	0/6/0 
06	1.2	-2	0	986.3	980.1	983.7	62.1	5	42.7	N	18	1	55.8	-1.7	0/6/0 
07	0.6	-5.5	-1.7	984.2	972.2	978.7	69.6	19	31.8	NNE	7.6	2	58	-1.7	0/6/0 
08	-1.1	-4.9	-2.9	988	971.5	981.4	67.8	9	28.8	N	1.8	7	65	-1.7	0/6/0 
09	0.3	-8.7	-3.7	979.7	964.6	971.1	63.7	9	23.1	NNW	3.6	1	66.4	-1.8	0/6/0 
10	-1.5	-9	-5.5	980.9	966.1	974.6	63.5	349	25.6	N	1	0	64.8	-1.8	30662 
11	-2.9	-16.4	-10.3	976.3	958	969.2	56.5	315	20.8	SW	0	1	61.2	-1.8	31662 
12	-11.7	-17.5	-15.6	980.3	963.4	975	34.7	228	8.6	SW	0	0	60.8	-1.8	31662 
13	-11.3	-20.9	-18.3	963.4	956.1	958.9	30.1	220	11	SW	0	0	60.8	-1.8	31662 
14	-17.8	-19.8	-18.8	967.7	956.9	962.6	20.3	212	11.7	SSW	0	0	60.8	-1.8	31662 
15	-10.7	-20.6	-16.3	967.8	948.5	958.5	25.8	110	7.1	ESE	0	0	60.8	-1.8	42662 
16	-9.5	-15.4	-12.6	976	948.6	961.6	30.8	238	12.6	ESE	0	0	60.8	-1.8	42662 
17	-0.8	-16.4	-7.2	976	941.5	953.6	62.6	5	20.2	ESE	5.1	6	67	-1.7	31650 
18	-5.5	-16.7	-13.3	980.3	944.1	965	31.9	245	17.5	WSW	0	9	75.8	-1.7	31650 
19	0.2	-17.2	-9.2	982	974.4	979	31	338	9.1	NNW	0	0	76	-1.7	41662 
20	0.6	-0.4	0.1	981.4	964.8	977.3	56.5	6	31.3	NNW	5.6	1	77.2	-1.7	31662 
21	0.3	-14.7	-8.3	980.3	960.3	970	63	19	18.5	WSW	4.8	0	70.2	-1.7	41662 
22	-2.1	-13.3	-10	981.8	967.3	976.5	74.5	352	20.5	N	1.3	0	69.2	-1.7	42663 
23	0.9	-11.2	-1.4	977.1	965.3	968.9	43.6	1	19.5	NNW	3.6	3	72	-1.8	42663 
24	-0.3	-12.8	-9.5	979.2	970.9	977.2	22.4	328	2.3	S	0	0	72	-1.8	42663 
25	-2.5	-14.3	-8.3	979.9	973.5	976	20.7	231	3.5	NW	0.3	0	72.4	-1.8	42663 
26	0.6	-6.7	-2.2	979.5	955.1	967.8	44.7	349	24.9	N	8.1	2	74	-1.8	42663 
27	-5.7	-14.5	-11.9	973.4	960.2	967.6	34.2	286	11.1	W	0.3	0	73.6	-1.8	42663 
28	0.5	-9.2	-2.4	969.1	950.1	961.6	53.7	3	23.6	NW	10.7	0	73.4	-1.8	42663 
29	-8.3	-11.8	-10.7	999.8	959.6	982	38.1	275	16.5	SW	0	0	71.2	-1.8	42663 
30	-6.5	-11.9	-10.5	1006.1	999.8	1004	13	170	2.7	SSW	0	0	70.6	-1.8	52663 
