******************************************************************************
Palmer Station Weather Highlights:       November, 2017

        Temperature:    Abs Max:   6.6 C                          Day: 16
                        Abs Min:   -8.8 C                         Day: 1
                            Avg:   -1.2 C

        Pressure:       Abs Max:   1004.7 mb              Day: 6
                        Abs Min:   957.8 mb               Day: 24
                            Avg:   983.4 mb

        Wind:             Peak:    51 kts                         Day: 29
                           Avg:    9.7 kts
                        Days Prevailing:
                                             SW : 8 
                                             N : 5 
                                             NW : 4 
                                             SE : 3 
                                             SSW : 3 
                                             NNE : 2 
                                             ESE : 2 
                                             WNW : 2 
                                             NNW : 1 
                                             S : 0 
                                             SSE : 0 
                                             W : 0 
                                             E : 0 
                                             ENE : 0 
                                             WSW : 0 
                                             NE : 0 


        Precipitation: Rainfall:      39.1 mm                     YTD:     mm
                           Snow:      -40 cm                      YTD:    10 cm
        Maximum Snowstake Depth:      100 cm                      Day: 2

============================= Daily Weather Data ============================= 
Column Titles:
        1. Day                         9. Wind 5-Sec Peak Direction 
        2. Temperature High    (C)    10. Wind Average               (knots)
        3. Temperature Low     (C)    11. Wind Prevailing Direction
        4. Temperature Average (C)    12. Rainfall                   (mm)
        5. Pressure High      (mb)    13. Precipitation Snow         (cm)
        6. Pressure Low       (mb)    14. Depth at Snowstake         (cm)
        7. Pressure Average   (mb)    15. Sea Surface Temperature    (C)
        8. Wind 5-Sec Peak (knots)    16. Sea Ice                    (WMO code)

01      -1.6    -8.8    -5.4    977.9   968.6   972     28.4    7       7       SE      0.5     -1      91      -1.6    92661 
02      -2.3    -6.7    -5.5    979.5   969.2   975.7   30      360     9.9     SW      0.3     9       100     -1.6    92661 
03      -4.2    -8.2    -6      994.4   979.5   985.8   25.9    120     12.3    SSW     0       -1      98.6    -1.6    92661 
04      -5      -7.3    -6.3    1002.6  994.3   998.4   22.9    228     10.7    SW      0       -1      95.8    -1.6    92661 
05      -2.5    -6.6    -4.6    1004.7  1002.6  1003.6  11.7    209     2.5     WNW     0       -1      97.2    -1.6    92663 
06      0.9     -4.2    -0.9    1004.7  1000.5  1003.3  7.8     311     1.9     NW      0       -1      95.8    -1.6    92662 
07      4.6     -0.8    0.8     1001.1  996.6   998.6   21      114     5       NW      0       -5      91      -1.6    92662 
08      5.1     0       2.7     1001.5  996.3   1000    34      350     13      N       0.3     -5      86.2    -1.5    92661 
09      4       -0.6    2.5     996.5   993.1   994.4   46.4    5       25.6    N       2.8     -12     74      -1.5    82661 
10      -0.6    -3.2    -2.2    995.5   987.1   992.2   21.9    208     8.1     SSW     0       -3      71.2    -1.4    82661 
11      -1.4    -4.2    -2.9    988.2   984.3   987.1   18.9    212     5.5     SW      0.3     -1      70.2    -1.3    92663 
12      -0.3    -2.8    -1.6    984.5   977.5   980.1   11.5    112     3.5     SE      2.8     6       76.4    -1.3    92661 
13      0       -1.8    -1.1    986.8   978.9   984.3   12.3    249     4.8     NW      0       1       77.4    -1.2    82661 
14      2.5     -1.6    -0.1    987     983.9   985.3   26.7    345     4.9     SE      1.8     -4      73      -1.2    82661 
15      5.7     -0.8    2.5     985.7   983     984.7   32.4    23      9.6     N       0.3     -2      70.8    -1      82661 
16      6.6     2.9     4.6     984     980.6   982.8   43      36      21      NNE     1.3     -8      62.4    -1      82660 
17      3.2     -0.4    1.5     985.5   978.5   983.9   37.8    29      16.6    NNE     0.3     -4      58.2    -1      82660 
18      1.6     -1.3    -0.2    980.2   973.7   977.3   30.8    21      8.9     WNW     0       0       58.2    -0.9    82660 
19      1.8     -2.4    -0.4    986.2   980.2   982.4   15.8    212     4.2     SSW     0       0       57.8    -0.7    82660 
20      -0.8    -2.9    -2.1    987.9   985.6   986.6   18.1    229     7       SW      0       0       57.4    -1      82660 
21      1.3     -2.7    -1.1    989     984.9   987.1   12.8    215     4.1     SW      0       0       57.4    -0.6    82660 
22      -0.3    -4.1    -2.5    988.5   981.7   984.8   11.3    311     4.3     NNW     0       0       57.2    -0.2    82663 
23      -0.6    -2.8    -1.9    981.8   966.5   977.2   22      223     8.1     SW      0       0       57.6    -0.9    82662 
24      1.2     -2.8    -1      966.4   957.8   959.9   20.5    74      6.6     ESE     0       -1      56.4    -0.7    82660 
25      -0.7    -3.9    -2.3    965.8   961.5   964     24.2    214     10.2    SW      0       -1      55.8    -0.8    82660 
26      -2.9    -4.3    -3.6    975.8   964.5   969.1   28.8    215     14.6    SW      0       -1      54.6    -0.8    82660 
27      0.6     -5.6    -2.6    975.4   971.2   972.7   16.5    354     4.7     ESE     0       0       54.2    -0.8    82660 
28      4.3     -1.2    0.6     979.9   967.9   975.7   40.9    6       10.6    N       0.5     0       54      -0.7    82660 
29      4.6     -0.6    1.6     981.4   959.2   969.5   50.9    31      24.6    NW      25.4    1       54.8    -1      82660 
30      3.1     0.1     1.7     989     978.9   982.9   43.8    8       20.2    N       2.8     -5      49.8    -1.1    85660 
