******************************************************************************
Palmer Station Weather Highlights:       December, 2017

        Temperature:    Abs Max:   7.5 C                          Day: 20
                        Abs Min:   -3 C                   Day: 13
                            Avg:   1.2 C

        Pressure:       Abs Max:   998 mb                 Day: 2
                        Abs Min:   947.1 mb               Day: 21
                            Avg:   975.1 mb

        Wind:             Peak:    59 kts                         Day: 21
                           Avg:    8.4 kts
                        Days Prevailing:
                                             ESE : 9 
                                             NNE : 4 
                                             WNW : 3 
                                             NW : 3 
                                             E : 3 
                                             N : 2 
                                             WSW : 2 
                                             S : 1 
                                             SW : 1 
                                             SE : 1 
                                             ENE : 1 
                                             NNW : 1 
                                             W : 0 
                                             SSE : 0 
                                             SSW : 0 
                                             NE : 0 


        Precipitation: Rainfall:      19.6 mm                     YTD:     mm
                           Snow:      -45 cm                      YTD:     cm
        Maximum Snowstake Depth:      51.8 cm                     Day: 2

============================= Daily Weather Data ============================= 
Column Titles:
        1. Day                         9. Wind 5-Sec Peak Direction 
        2. Temperature High    (C)    10. Wind Average               (knots)
        3. Temperature Low     (C)    11. Wind Prevailing Direction
        4. Temperature Average (C)    12. Rainfall                   (mm)
        5. Pressure High      (mb)    13. Precipitation Snow         (cm)
        6. Pressure Low       (mb)    14. Depth at Snowstake         (cm)
        7. Pressure Average   (mb)    15. Sea Surface Temperature    (C)
        8. Wind 5-Sec Peak (knots)    16. Sea Ice                    (WMO code)

01      3       0.1     1.4     989.4   979.8   983     45.5    13      17.4    NNE     2.3     -2      47.4    -0.7    85660 
02      0.8     -1.9    -0.4    998     982.7   988.2   30.4    232     12.9    NW      2.8     4       51.8    -0.8    85660 
03      1.8     -2.3    -0.6    997.9   988.7   995.1   14.4    296     4.7     ESE     0.5     -3      48.6    -0.8    85660 
04      3.5     0       1.2     988.7   971.6   977.8   33.3    9       7.2     ESE     5.6     -1      48      -0.7    85660 
05      1.7     -0.5    0.3     974.9   971.4   973.4   17.8    293     5.5     NW      1       0       48.2    -0.5    85660 
06      -0.1    -1.7    -0.9    980.6   974     977.1   20.7    227     9.3     WSW     0       0       48.2    -0.4    85660 
07      0.7     -1.3    -0.6    981     979.7   980.3   18      243     5       ESE     0       0       48.6    -0.4    85660 
08      3.6     -0.7    0.8     982.2   978     980.8   24.5    24      3.4     SE      0       0       48.4    -0.3    29600 
09      5.3     0.1     2       978.1   972.8   974.8   31.7    81      9.3     E       0.5     -2      46.8    -0.4    29600 
10      4.5     -0.1    1.3     980.5   972.1   978.1   29.7    2       9       N       0.5     -1      45.6    -0.5    29660 
11      2.5     -0.5    0.8     974.9   968.7   971.2   20.3    101     5.9     WNW     0       -3      42.2    -0.2    29760 
12      0.6     -1.7    -0.8    981.4   975     979.1   18.3    219     9.5     SW      0       -1      40.8    -0.8    29760 
13      2       -3      -0.5    980.4   971.7   976     8.9     305     2.3     WNW     0       0       40.6    -0.2    29760 
14      3.5     0.3     1.3     972.6   969.6   970.9   29.7    58      7.7     WSW     0       -4      36.4    -0.2    29760 
15      1.8     -0.5    0.5     973.3   972.3   972.8   9.9     319     3.9     NW      0       0       36      -0.2    29760 
16      4.2     -1      1       975.7   973.3   974.4   16.4    126     3.5     NNE     0       -1      34.8    0       29760 
17      4       -0.3    1.9     978     974.2   976.5   21.5    109     5.7     ESE     0       -8      27.2    0       29760 
18      3.4     -0.2    1.6     976.7   972.4   973.8   9.5     83      2.7     NNE     0       -1      25.8    1.3     29760 
19      3.9     -0.3    1.1     987.2   976.7   983.3   14.9    113     1.9     ESE     1       -1      24.6    0.9     29760 
20      7.5     1.6     4       986.6   963.5   977.6   36.2    30      10.3    ESE     0.3     -2      22.6    1.1     29760 
21      6.8     1.9     3.6     963.4   947.1   957     58.6    84      29.6    NNE     3.3     -7      15.2    0.2     29760 
22      4.3     1       2.3     973.2   962.7   969.5   31.3    26      11.7    N       0.3     -2      13.6    0       29760 
23      2.3     -0.8    0.7     973.7   957.8   969     35.4    104     16.8    E       0       -1      12.6    0       29760 
24      3.3     -0.2    1.5     957.9   955.5   956.4   30.5    89      9.9     E       1.5     1       13.2    0.1     29760 
25      3.7     -0.6    1.6     964.2   956.2   959.3   16.3    119     4.5     ESE     0       -1      12.4    0.3     29760 
26      3.9     -0.3    1.4     976     964.2   970.2   11.7    335     5.9     NNW     0       -2      10.8    0.9     29760 
27      4       -1.1    1.2     980.3   976     978.9   12      347     2.8     ESE     0       -2      9       1.5     29860 
28      3.6     1.2     2.4     977.5   969.4   972.3   40.9    68      20.9    ENE     0       -2      6.8     0.8     29860 
29      5.8     1.8     3.7     971     968.6   969.8   23.8    72      12.9    ESE     0       -1      5.6     0.5     098/0 
30      4.3     1.1     2.4     981     970.9   976.5   21.5    62      4.9     WNW     0       -1      4.6     0.7     098/0 
31      2.4     0.1     0.7     987.2   981     984.5   8.1     178     2.8     S       0       -1      4       0.8     097/0 
