******************************************************************************
Palmer Station Weather Highlights:       January, 2017

        Temperature:    Abs Max:   7.4 C Day: 26
                        Abs Min:   -1.5 C Day: 17
                            Avg:   2.6 C

        Pressure:       Abs Max:   997.5 mb Day: 4
                        Abs Min:   968.8 mb Day: 28
                            Avg:   984.1 mb

        Wind:             Peak:    44 kts Day: 28
                           Avg:    8.6 kts
                        Days Prevailing:
                                             ESE : 7 
                                             NNW : 6 
                                             NNE : 4 
                                             N : 3 
                                             E : 3 
                                             SW : 2 
                                             SSW : 2 
                                             S : 1 
                                             ENE : 1 
                                             NE : 1 
                                             W : 0 
                                             SSE : 0 
                                             WSW : 0 
                                             WNW : 0 
                                             SE : 0 
                                             NW : 0 


        Precipitation: Rainfall:      25.4 mm YTD:	25.4 mm
                           Snow:       cm YTD:	cm
        Maximum Snowstake Depth:      0 cm Day: 21

============================= Daily Weather Data ============================= 
Column Titles:
        1. Day                         9. Wind 5-Sec Peak Direction 
        2. Temperature High    (C)    10. Wind Average               (knots)
        3. Temperature Low     (C)    11. Wind Prevailing Direction
        4. Temperature Average (C)    12. Rainfall                   (mm)
        5. Pressure High      (mb)    13. Precipitation Snow         (cm)
        6. Pressure Low       (mb)    14. Depth at Snowstake         (cm)
        7. Pressure Average   (mb)    15. Sea Surface Temperature    (C)
        8. Wind 5-Sec Peak (knots)    16. Sea Ice                    (WMO code)

01	3.9	-0.8	1.5	996.6	990.5	994.3	9.6	347	4.9	NNW	0	0	0	2.9	2/850 
02	3	0.7	1.5	990.5	983.7	986.2	26	16	5.8	NNW	0	0	0	3.2	2/850 
03	4.3	0.1	2	997	984.1	990.5	21.3	74	4.2	NNW	0.5	0	0	2.7	2/850 
04	3	1.4	1.9	997.5	989.7	994.6	12	219	5.9	SW	0	0	0	2.8	2/8/0 
06	1.8	0.6	1.1	973.6	971.9	972.8	13.1	191	6.7	S	0	0	0	2.5	2/8/0 
07	3.7	-1	1.6	984.7	973.6	979.8	28.4	8	8.2	N	0	0	0	2.2	0/8/0 
08	3.9	1.3	2.3	985.2	981.6	984	28.4	20	7.1	ESE	0	0	0	2.2	0/8/0 
09	4.8	2.1	3.2	981.6	974.7	977.2	32.9	104	15.6	ESE	0	0	0	2	0/8/0 
10	5.3	1.7	3.6	975.1	972.6	973.8	29.5	99	8.9	E	0	0	0	1.5	0/8/0 
11	5.8	2.6	4.1	981.2	972.5	976.7	30.6	108	16.4	E	0	0	0	1.3	0/8/0 
12	5.5	0.8	2.9	985.7	981	982.9	20.5	99	7.2	ESE	0	0	0	1.7	0/8/0 
13	3.4	0.4	1.7	990.7	985.6	988.8	9	343	2.2	N	0	0	0	1.9	0/8/0 
14	2.1	0.2	1.1	990.7	988.3	989.9	11.8	104	3	ESE	0	0	0	1.9	0/8/0 
15	3.5	0.7	1.7	988.7	983.5	986.8	13.7	142	3.2	NNW	0	0	0	1.5	0/8/0 
16	3.2	-0.8	1.4	984.1	980.4	981.9	20.2	125	8.8	ESE	0	0	0	1.8	0/8/0 
17	3.2	-1.5	0.9	986	981.2	983.1	19.4	101	8.2	ESE	0	0	0	1.5	0/8/0 
18	3.4	-0.5	1.4	993.4	986.1	989.8	11.6	179	3.7	NNE	0	0	0	1.5	0/8/0 
19	4.1	0.3	2	997.1	993.4	995.4	11.1	194	4.1	SSW	0	0	0	1.6	0/8/0 
20	4.8	0	2.3	997	988.1	994.1	30.1	80	6.7	ENE	0	0	0	2.1	0/8/0 
21	4.5	0.8	2.5	988.4	982.4	984.1	35.1	68	12.8	E	1	0	0	1.6	0/8/0 
22	5.6	3.3	4.3	984.6	983.4	984	30.3	18	10.9	NNE	0	0	0	2	0/8/0 
23	4.3	0.4	2.7	989.6	984	986.1	12.4	340	3	NNW	0	0	0	1.6	0/8/0 
24	4.8	1.4	3.1	997	989.7	993.8	12.2	336	2.8	NE	0	0	0	1.6	0/8/0 
25	6.5	2.1	3.6	996.8	987.4	991.8	28.7	32	8.2	ESE	0	0	0	1.7	0/7/0 
26	7.4	3	5.1	987.4	974.6	980.9	40.4	26	11.1	NNE	0.3	0	0	1.9	0/7/0 
27	6.1	3.3	4.7	976.2	970.1	972.8	39.4	19	23.2	NNE	5.8	0	0	2.1	0/7/0 
28	6.2	2.7	4.1	978.5	968.8	974.4	44.3	10	19.8	NNW	7.1	0	0	1.5	0/8/0 
29	5.2	3.5	4.1	972.3	970	971.4	37.2	346	23	N	7.1	0	0	2.1	0/8/0 
30	4.4	1	2.3	977.8	971.1	974.9	26.9	11	6.6	SSW	3.6	0	0	2.1	0/8/0 
31	3.7	1.5	2.2	978.5	976.4	978	12	204	4	SW	0	0	0	2.1	0/8/0 
