******************************************************************************
Palmer Station Weather Highlights:       October 2015

        Temperature:    Abs Max:     5.2 C          Day: 5
                        Abs Min:   -12.0 C          Day: 13
                            Avg:    -2.8 C
                        Avg Max:    -0.7 C
                        Avg Min:    -5.3 C

        Pressure:       Abs Max:  1005.4 mb         Day: 14
                        Abs Min:   963.5 mb         Day: 30
                            Avg:   988.1 mb
                        Avg Max:   992.8 mb
                        Avg Min:   983.5 mb

        Wind:             Peak:       53 kts        Day: 5
                           Avg:       10 kts
                        Days Prevailing:      N: 4
                                             NE: 0
                                              E: 6
                                             SE: 0
                                              S: 1
                                             SW: 3
                                              W: 0
                                             NW: 17

        Precipitation:  Melted:    102.9 mm         YTD:   331.6 mm
                          Snow:      116 cm         YTD:     335 cm
        Maximum Snowstake Depth:     172 cm         Day: 30


============================= Daily Weather Data =============================
Column Titles:
        1. Day                        10. Wind 2-min Peak Direction  (degrees)
        2. Temperature High    (C)    11. Wind Average               (knots)
        3. Temperature Low     (C)    12. Wind Prevailing Direction
        4. Temperature Average (C)    13. Precipitation Melted       (mm)
        5. Pressure High      (mb)    14. Precipitation Snow         (cm)
        6. Pressure Low       (mb)    15. Depth at Snowstake         (cm)
        7. Pressure Average   (mb)    16. Sea Surface Temperature    (C)
        8. Wind 5-Sec Peak (knots)    17. Sea Ice                    (WMO code)
        9. Wind 2-Min Peak (knots)

 1  -1.3  -7.4  -3.9  997.5  980.9  991.3 25 21 247  9 NW  0.0  2   82  -1.7 32555
 2   1.5  -2.7   0.2  997.9  984.9  992.8 47 41 006 22 N  11.9 15   97  -1.7 32555
 3   3.8  -0.5   1.3  988.3  980.7  983.6 32 26 023  7 E   3.8  0   96  -1.7 32555
 4   4.8  -0.9   0.8  996.8  988.2  993.1 45 42 031  7 E   3.3  0   89  -1.7 32555
 5   5.2  -3.1   2.0  989.0  983.5  985.8 53 45 003 14 N   9.9  0   76  -1.7 32555
 6  -2.2  -7.9  -4.4  991.0  982.5  986.1 33 30 342  9 SW  0.5 13   89  -1.7 32555
 7   0.0  -6.9  -4.0  993.2  981.6  988.3 45 38 007 12 NW  6.9  0   89  -1.7 51755
 8  -0.4  -6.0  -2.9  992.9  987.5  990.4 28 26 320 10 NW  1.8 16  105  -1.7 32755
 9   0.3  -2.8  -0.8  992.1  988.7  990.6 23 21 320 12 NW  3.0 11  116  -1.7 32755
10   1.1   0.2   0.6  991.4  983.7  986.9 38 33 303 24 NW 14.7 15  131  -1.7 32755
11   0.3  -4.6  -2.2  990.2  984.9  987.9 27 25 304  9 NW  0.3  0  131  -1.7 42255
12  -2.3  -7.8  -3.7  994.5  989.0  990.9 26 24 308  9 NW  0.3  0  127  -1.7 42255
13  -7.1 -12.0  -9.2  998.6  994.1  995.4 14 13 203  4 NW  0.0  0  124  -1.7 52255
14  -7.5  -9.8  -8.7 1005.4  998.6 1001.3 15 13 195  7 SW  0.0  0  124  -1.7 52255
15   0.0 -10.6  -4.2 1005.4  984.0  995.2 42 39 303 18 N   8.6  0  117  -1.7 52255
16  -1.2  -3.8  -2.5  984.5  975.7  978.4 30 27 315 10 NW  1.8  0  143  -1.7 52255
17  -1.9  -4.3  -3.3  982.6  978.3  980.9 23 19 067  5 NW  0.3  0  153  -1.7 52255
18  -3.5  -6.8  -5.2  978.5  966.1  971.6 51 43 078 26 E   0.0  0  149  -1.7 42255
19  -2.6  -7.4  -5.0  990.2  971.8  980.7 39 34 093 10 E   0.0  0  147  -1.7 22744
20  -6.3 -11.0  -9.4  996.4  990.2  994.6 15 13 280  8 NW  0.0  0  147  -1.7 22744
21  -6.0 -10.1  -7.8 1003.6  995.8  999.5 21 18 187  9 S   0.0  0  147  -1.7 32744
22   0.6  -6.1  -2.2 1003.0  993.5  998.9 24 21 343  6 NW  0.5  2  148  -1.7 32744
23  -0.3  -2.4  -0.9 1001.7  989.2  994.2 17 15 215  7 NW  4.8 16  154  -1.7 32/44
24   0.2  -4.4  -1.7 1002.7  997.3  999.7 18 16 317  7 NW  0.3  0  154  -1.7 32744
25   1.9  -1.4  -0.2  999.9  997.7  999.1 17 15 305  5 NW 10.2  1  154  -1.7 32744
26   1.8  -1.0   0.5  997.8  987.1  993.4 24 23 319  7 NW  6.3  3  154  -1.7 52744
27   2.0  -1.6  -0.2  987.1  976.8  980.7 35 32 323  9 N   6.9  2  152  -1.7 52744
28   2.1  -5.8  -1.6  982.6  974.5  978.4 37 33 227 16 NW  1.0  4  157  -1.7 22754
29  -2.1  -6.2  -4.5  983.7  974.4  980.8 22 18 227  9 SW  0.0  0  157  -1.6 32754
30   0.3  -2.8  -1.3  974.6  963.5  967.8 19 17 112  8 E   4.3 13  172  -1.7 22754
31  -1.7  -5.2  -2.8  982.9  964.0  971.9 14 13 117  6 E   1.5  3  170  -1.7 22754
