******************************************************************************
Palmer Station Weather Highlights:       December 2015

        Temperature:    Abs Max:     5.5 C          Day: 6
                        Abs Min:    -5.8 C          Day: 27
                            Avg:    -0.1 C
                        Avg Max:     1.8 C
                        Avg Min:    -1.7 C

        Pressure:       Abs Max:  1004.2 mb         Day: 16
                        Abs Min:   962.4 mb         Day: 3
                            Avg:   982.3 mb
                        Avg Max:   986.2 mb
                        Avg Min:   978.5 mb

        Wind:             Peak:       58 kts        Day: 2
                           Avg:        8 kts
                        Days Prevailing:      N: 2
                                             NE: 0
                                              E: 7
                                             SE: 3
                                              S: 1
                                             SW: 5
                                              W: 7
                                             NW: 6

        Precipitation:  Melted:     28.9 mm         YTD:   411.1 mm
                          Snow:       23 cm         YTD:     388 cm
        Maximum Snowstake Depth:     153 cm         Day: 1


============================= Daily Weather Data =============================
Column Titles:
        1. Day                        10. Wind 2-min Peak Direction  (degrees)
        2. Temperature High    (C)    11. Wind Average               (knots)
        3. Temperature Low     (C)    12. Wind Prevailing Direction
        4. Temperature Average (C)    13. Precipitation Melted       (mm)
        5. Pressure High      (mb)    14. Precipitation Snow         (cm)
        6. Pressure Low       (mb)    15. Depth at Snowstake         (cm)
        7. Pressure Average   (mb)    16. Sea Surface Temperature    (C)
        8. Wind 5-Sec Peak (knots)    17. Sea Ice                    (WMO code)
        9. Wind 2-Min Peak (knots)
 
 1   0.0  -2.3  -1.1  984.3  976.9  980.1 28 25 305 12 W   0.0  1  153  -1.2 42855
 2   3.2  -2.1   0.4  983.7  963.9  975.2 58 48 019 13 N   1.5  0  152  -1.2 42855
 3   2.1  -2.7  -0.5  985.1  962.4  971.1 36 32 282 19 SW  4.1  9  150  -1.4 32853
 4  -0.4  -3.7  -2.0  994.0  985.1  989.5 22 18 254  6 W   0.5  1  141  -1.4 53895
 5   1.1  -2.1  -0.8  992.8  987.7  989.2 13 12 118  4 E   0.3  0  138  -1.3 53895
 6   5.5   0.2   3.3  987.8  966.3  976.5 49 41 011 19 N  16.0  0  131  -1.2 33841
 7   2.6  -1.0   0.7  976.7  966.7  973.2 35 31 314 15 NW  1.3  1  122  -1.2 33742
 8   0.9  -1.1  -0.4  976.8  974.1  975.6 19 18 305 10 NW  0.3  0  122  -1.2 33742
 9  -0.3  -2.7  -1.4  974.1  967.3  970.2 20 17 353  8 NW  2.0  5  128  -1.3 43755
10   0.5  -2.7  -1.7  967.3  964.2  965.3 18 15 211  4 SW  0.0  0  124  -1.4 43755
11   3.0  -2.7   0.6  971.3  966.2  968.2 46 41 096 17 E   1.0  0  123  -1.3 43755
12   4.0  -0.7   1.9  976.6  968.9  971.5 41 38 104 16 E   0.3  0  121  -0.8 33852
13   5.4   0.2   2.8  988.3  976.4  982.9 30 25 090  7 SE  0.0  0  120  -0.9 33852
14   2.0  -3.6  -1.5  990.4  988.2  989.3  6  5 334  1 W   0.0  0  119  -0.5 33852
15  -0.6  -4.0  -2.2  999.3  990.4  994.9  6  5 099  2 W   0.0  0  118  -0.4 336/2
16  -1.0  -2.3  -1.6 1004.2  999.2 1002.1 12 11 195  4 SW  0.0  0  118  -0.5 33845
17  -0.3  -2.2  -1.4 1004.2 1000.8 1002.9 17 13 202  8 SW  0.0  0  117  -1.0 43845
18   3.5  -1.0   0.3 1000.8  981.3  991.9 23 18 129  6 SE  0.0  0  116  -0.8 33845
19   2.3  -0.3   1.0  981.3  974.0  976.8 17 12 127  3 SE  0.0  0  114  -0.7 43845
20   2.5   0.1   1.1  977.8  974.6  975.7 27 24 312 10 NW  0.0  0  111  -0.5 43845
21   1.8  -0.4   0.6  981.0  977.7  979.6 16 15 338  3 NW  0.0  0  107  -0.2 33842
22   3.3  -0.8   0.2  983.7  977.3  979.9 31 27 055  5 NW  0.3  1  104  -0.5 23851
23   1.5  -1.2  -0.1  985.3  983.0  984.6 17 14 096  3 E   1.3  5  110  -0.2 23852
24   4.0   0.7   1.9  983.1  978.9  980.7 30 27 092 14 E   0.0  0  102  -0.6 12880
25   2.2  -1.8   0.5  985.2  981.5  982.9 10  9 231  4 W   0.0  0   99   0.2 12880
26   0.1  -2.0  -1.1  985.4  980.7  984.2 16 15 340  7 SW  0.0  0   97   0.2 12880
27  -0.2  -5.8  -2.2  980.7  974.8  977.2 15 14 277  5 S   0.0  0   98   0.6 12880
28   0.1  -2.5  -1.5  981.7  975.2  978.9  9  8 242  4 W   0.0  0   97   0.5 33845
29   0.6  -2.9  -1.6  990.8  981.7  985.3  8  7 290  2 W   0.0  0   96  -0.1 33845
30   2.6  -0.7   0.6  997.6  990.8  995.0  9  8 101  2 E   0.0  0   91   0.3 33945
31   3.7   0.4   1.5 1001.3  997.3  999.4  7  6 294  2 E   0.0  0   88   0.8 22982
