Palmer Station Weather Highlights:       January 2015
 
        Temperature:    Abs Max:     7.9 C          Day: 6
                        Abs Min:    -2.2 C          Day: 2
                            Avg:     1.7 C
                        Avg Max:     4.3 C
                        Avg Min:     0.2 C
 
        Pressure:       Abs Max:  1011.8 mb         Day: 1
                        Abs Min:   974.5 mb         Day: 22
                            Avg:   989.3 mb
                        Avg Max:   992.6 mb
                        Avg Min:   985.9 mb
 
        Wind:             Peak:       45 kts        Day: 23
                           Avg:        7 kts
                        Days Prevailing:      N: 5
                                             NE: 2
                                              E: 1
                                             SE: 8
                                              S: 0
                                             SW: 6
                                              W: 1
                                             NW: 8
 
        Precipitation:  Melted:     53.3 mm         YTD:    53.3 mm
                          Snow:        2 cm         YTD:       2 cm
        Maximum Snowstake Depth:      22 cm         Day: 1
 
 
============================= Daily Weather Data =============================
Column Titles:
        1. Day                        10. Wind 2-min Peak Direction  (degrees)
        2. Temperature High    (C)    11. Wind Average               (knots)
        3. Temperature Low     (C)    12. Wind Prevailing Direction
        4. Temperature Average (C)    13. Precipitation Melted       (mm)
        5. Pressure High      (mb)    14. Precipitation Snow         (cm)
        6. Pressure Low       (mb)    15. Depth at Snowstake         (cm)
        7. Pressure Average   (mb)    16. Sea Surface Temperature    (C)
        8. Wind 5-Sec Peak (knots)    17. Sea Ice                    (WMO code)
        9. Wind 2-Min Peak (knots)
 
 1   2.6  -0.9   0.1 1011.8 1009.4 1010.4 10  8 244  3 SW  0.0  0 22.0  -0.2 0/6/0
 2   0.9  -2.2  -0.9 1009.6 1006.2 1008.5 11  9 229  3 SW  0.0  0 20.0   0.1 0/6/0
 3   2.9  -0.8   0.4 1006.2  993.9 1000.3 16 13 225  4 SW  0.0  0 20.0   0.1 0/6/0
 4   3.8  -2.1   0.2  993.9  985.2  989.2 11 10 118  4 SE  0.0  0 20.0   0.2 0/6/0
 5   4.6   0.4   1.9  985.2  981.7  983.1 15 10 348  3 NW  0.8  0 17.0   0.0 0/6/0
 6   7.9   1.0   3.1  985.2  981.2  982.6 15 11 281  3 W   0.0  0 10.0   0.4 0/6/0
 7   4.2   0.5   1.5  991.8  985.1  987.8 23 17 030  5 N   0.0  0  5.0   0.4 0/6/0
 8   2.8  -0.9   0.5  995.4  991.8  994.6 13 11 019  4 NW  0.0  0  2.0   0.4 0/6/0
 9   2.3  -0.3   0.7  994.4  986.8  990.9  9  7 329  3 SE  0.0  0  0.0   0.5 0/6/0
10   3.5  -0.2   1.2  986.8  982.7  983.9  9  8 125  2 SE  0.0  0  0.0   0.7 0/6/0
11   4.4   0.1   1.6  986.8  982.9  984.3  7  6 299  2 NW  0.0  0  0.0   0.5 0/6/0
12   2.7   0.0   0.8  990.5  986.8  989.1 10  9 316  4 NW  2.0  1  0.0   1.1 0/6/0
13   4.6   0.2   1.3  993.9  990.3  992.1  9  8 279  3 NW  0.0  0  0.0   1.2 0/6/0
14   3.8   0.2   1.8  993.5  980.4  987.2 16 14 018  5 NW  0.8  1  0.0   1.0 0/6/0
15   4.8   0.2   2.3  988.2  979.1  982.6 23 16 223  8 E   0.0  0  0.0   1.2 0/6/0
16   4.5  -0.3   1.0  998.5  988.2  992.9 25 19 120  9 SW  0.0  0  0.0   1.8 0/6/0
17   5.1  -1.3   1.1 1000.6  996.2  999.4 16 13 206  5 NE  0.0  0  0.0   1.7 0/7/0
18   1.2  -0.4   0.4  996.4  993.1  994.7 21 18 233  8 SW  0.0  0  0.0   2.2 0/7/0
19   2.5  -0.1   0.8  996.3  977.4  988.0 26 18 358  7 SE  7.6  0  0.0   1.7 0/7/0
20   2.9   0.5   1.4  985.8  977.2  982.7 28 22 242 12 SW  0.8  0  0.0   1.2 0/7/0
21   5.8   0.8   2.5  985.6  975.5  979.6 16 14 335  5 SE  0.0  0  0.0   0.6 0/7/0
22   5.2   1.2   2.6  979.0  974.5  977.0 26 22 018  5 SE 21.3  0  0.0   0.8 0/7/0
23   4.8   0.5   2.2  990.0  978.7  984.3 45 26 056 13 NW  3.8  0  0.0  -0.5 0/7/0
24   3.0   0.6   1.4  993.1  979.8  989.1 35 23 309 13 NW  0.8  0  0.0   0.5 0/7/0
25   4.4  -0.6   1.6  993.4  990.7  992.5 24 15 137  8 SE  0.0  0  0.0   0.5 0/7/0
26   6.9   2.1   4.5  990.8  984.3  988.2 39 31 023  9 NE  0.3  0  0.0   0.5 0/7/0
27   6.1   0.9   3.2  989.9  983.0  986.9 45 35 022 17 N   2.5  0  0.0   0.7 0/7/0
28   5.3   1.1   2.4  992.0  989.5  990.7 23 19 340  8 N   5.1  0  0.0   0.9 0/7/0
29   5.9   2.2   4.0  990.1  985.1  988.0 40 34 023 14 N   5.8  0  0.0   0.1 0/7/0
30   7.0   1.4   3.2  989.9  985.0  987.4 30 26 020  5 SE  0.0  0  0.0   0.5 0/7/0
31   5.9   2.1   4.2  985.0  980.1  981.8 42 33 034 16 N   1.8  0  0.0   0.7 0/7/0
