Palmer Station Weather Highlights:       July 2015

        Temperature:    Abs Max:     1.2 C          Day: 10
                        Abs Min:   -23.3 C          Day: 22
                            Avg:   -10.7 C
                        Avg Max:    -6.2 C
                        Avg Min:   -14.3 C

        Pressure:       Abs Max:  1011.5 mb         Day: 6
                        Abs Min:   950.9 mb         Day: 11
                            Avg:   984.4 mb
                        Avg Max:   989.4 mb
                        Avg Min:   978.8 mb

        Wind:             Peak:       65 kts        Day: 9
                           Avg:       11 kts
                        Days Prevailing:      N: 0
                                             NE: 6
                                              E: 4
                                             SE: 4
                                              S: 3
                                             SW: 10
                                              W: 2
                                             NW: 2

        Precipitation:  Melted:      0.0 mm         YTD:   208.4 mm
                          Snow:       28 cm         YTD:     141 cm
        Maximum Snowstake Depth:      49 cm         Day: 25


============================= Daily Weather Data =============================
Column Titles:
        1. Day                        10. Wind 2-min Peak Direction  (degrees)
        2. Temperature High    (C)    11. Wind Average               (knots)
        3. Temperature Low     (C)    12. Wind Prevailing Direction
        4. Temperature Average (C)    13. Precipitation Melted       (mm)
        5. Pressure High      (mb)    14. Precipitation Snow         (cm)
        6. Pressure Low       (mb)    15. Depth at Snowstake         (cm)
        7. Pressure Average   (mb)    16. Sea Surface Temperature    (C)
        8. Wind 5-Sec Peak (knots)    17. Sea Ice                    (WMO code)
        9. Wind 2-Min Peak (knots)
 
 1  -2.9 -10.3  -7.2  992.3  980.1  987.4 40 28 025 13 SW  O.O  0 27.0  -1.7 0/8/0
 2  -7.3 -18.0 -15.7  985.9  980.0  983.3 32 25 236 17 SW  0.0  5 32.0  -1.6 0/8/0
 3  -9.8 -17.2 -12.5  998.3  985.5  992.8 36 26 197 17 S   0.0  0 29.0  -1.7 21952
 4 -10.3 -12.6 -11.6 1005.6  998.1 1001.9 22 16 123  8 SW  0.0  0 29.0  -1.7 21952
 5 -12.0 -14.5 -12.8 1009.8 1005.6 1007.8 10  9 092  4 SW  0.0  0 29.0  -1.7 21952
 6 -11.1 -13.5 -12.1 1011.5 1009.7 1010.8 12  9 317  3 NW  0.0  0 29.0  -1.6 21952
 7 -12.0 -15.7 -14.0 1011.1 1003.9 1007.8  9  8 201  3 S   0.0  0 29.0  -1.7 32923
 8  -3.6 -16.4 -11.5 1003.9  994.8  999.8 40 31 049  8 NE  0.0  0 29.0  -1.7 32923
 9  -0.1  -3.9  -2.0  995.0  978.6  985.4 65 57 053 32 NE  0.0  0 29.0  -1.6 32923
10   1.2  -6.6  -1.9  982.1  958.8  973.4 50 39 075 17 E   0.0  0 29.0  -1.6 22934
11  -0.5  -5.0  -3.0  959.5  950.9  955.0 42 32 075 18 NE  0.0  0 29.0  -1.6 22935
12  -3.4 -16.5 -10.7  965.0  954.5  961.5 33 26 079  9 W   0.0  1 30.0  -1.6 0/8/0
13 -13.2 -18.7 -16.6  975.0  964.4  968.8 17 14 210  8 SW  0.0  6 36.0  -1.6 21830
14 -11.4 -18.8 -17.1  975.6  966.6  973.4 20 14 111  3 SW  0.0  3 39.0  -1.7 0/8/0
15  -2.0 -10.9  -4.3  966.5  953.0  958.2 42 33 066 19 SE  0.0  0 39.0  -1.6 0/8/0
16   0.8  -7.2  -2.2  968.3  957.9  964.1 65 48 042 23 NE  0.0  0 38.0  -1.7 0/8/0
17   0.6 -13.7  -9.9  970.7  957.6  966.2 43 33 035  9 S   0.0  0 38.0  -1.6 0/8/0
18  -4.0  -9.0  -5.8  964.1  952.9  959.2 36 31 053 14 NE  0.0  0 38.0  -1.7 0/8/0
19  -5.0 -12.8  -8.6  975.5  951.5  960.1 35 28 201 17 SW  0.0  0 38.0  -1.7 0/8/0
20  -2.9 -16.8 -12.4  986.1  964.3  978.2 49 40 056 12 W   0.0  0 36.0  -1.7 42852
21  -2.6 -19.2 -14.8  978.0  961.9  971.6 43 34 041 15 SW  0.0  0 36.0  -1.7 52852
22  -9.6 -23.3 -16.8  982.4  960.7  971.2 45 36 053 15 SW  0.0  0 36.0  -1.7 52845
23 -20.2 -22.4 -21.3  996.3  982.4  987.1 24 20 217 11 SW  0.0  0 36.0  -1.7 52845
24 -11.2 -23.0 -19.8 1006.3  996.3 1003.0 20 16 211  6 NW  0.0  0 36.0  -1.7 52845
25  -4.6 -11.2  -7.0 1002.5  998.0 1001.2 33 26 039  5 SE  0.0 13 49.0  -1.7 52845
26  -8.1 -16.6 -12.7 1004.3 1001.7 1003.0  7  4 083  1 E   0.0  0 49.0  -1.7 52845
27  -7.5 -16.8 -13.5 1002.2  996.4  998.8  2  3 142  1 E   0.0  0 49.0  -1.7 52845
28  -8.7 -12.7 -10.9  998.0  994.0  995.3  5  4 225  1 E   0.0  0 49.0  -1.7 52855
29 -10.2 -19.1 -15.0 1002.7  998.0 1001.2  4  3 237  1 SE  0.0  0 49.0  -1.7 52855
30  -0.1 -18.5  -7.8 1001.3  992.9  996.2 14 11 131  3 SE  0.0  0 49.0  -1.8 52855
31   0.5  -3.0  -0.7  994.5  990.4  992.6 32 25 054 14 NE  0.0  0 48.0  -1.7 52855
