******************************************************************************
Palmer Station Weather Highlights:       June 2015

        Temperature:    Abs Max:     3.5 C          Day: 26
                        Abs Min:   -12.5 C          Day: 10
                            Avg:    -6.2 C
                        Avg Max:    -4.1 C
                        Avg Min:    -8.3 C

        Pressure:       Abs Max:  1001.8 mb         Day: 4
                        Abs Min:   951.3 mb         Day: 28
                            Avg:   981.8 mb
                        Avg Max:   987.0 mb
                        Avg Min:   976.6 mb

        Wind:             Peak:       60 kts        Day: 9
                           Avg:       10 kts
                        Days Prevailing:      N: 0
                                             NE: 8
                                              E: 7
                                             SE: 5
                                              S: 4
                                             SW: 6
                                              W: 0
                                             NW: 0

        Precipitation:  Melted:      0.0 mm         YTD:   208.4 mm
                          Snow:       24 cm         YTD:     113 cm
        Maximum Snowstake Depth:      26 cm         Day: 5


============================= Daily Weather Data =============================
Column Titles:
        1. Day                        10. Wind 2-min Peak Direction  (degrees)
        2. Temperature High    (C)    11. Wind Average               (knots)
        3. Temperature Low     (C)    12. Wind Prevailing Direction
        4. Temperature Average (C)    13. Precipitation Melted       (mm)
        5. Pressure High      (mb)    14. Precipitation Snow         (cm)
        6. Pressure Low       (mb)    15. Depth at Snowstake         (cm)
        7. Pressure Average   (mb)    16. Sea Surface Temperature    (C)
        8. Wind 5-Sec Peak (knots)    17. Sea Ice                    (WMO code)
        9. Wind 2-Min Peak (knots)

 1  -8.3 -11.0  -9.2  987.6  979.9  985.3 37 30 182 11 SW  0.0  0 20.0  -1.7 0/8/0
 2  -7.8 -10.8  -9.5  987.6  981.4  984.3 20 16 190  6 SW  0.0  0 18.0  -1.6 0/9/0
 3  -8.1 -10.6  -9.1  994.7  982.2  987.4 24 17 215  9 SW  0.0  0 18.0  -1.7 0/9/0
 4  -8.4  -9.7  -9.1 1001.8  994.7  999.3 16 12 216  6 SW  0.0  2 20.0  -1.7 0/9/0
 5  -5.6 -12.0  -8.4 1001.8  996.3  999.4 21 17 179  7 SE  0.0  6 26.0  -1.7 0/9/0
 6  -1.6 -12.4  -5.6 1001.8  974.9  987.4 55 42 057 15 NE  0.0  0 26.0  -1.7 0/9/0
 7  -1.8  -5.0  -3.8  992.5  975.5  986.7 41 32 124 10 SE  0.0  2 19.0  -1.4 0/9/0
 8  -1.0  -3.4  -2.0  989.5  976.3  982.8 33 25 051 11 NE  0.0  5 25.0  -1.7 0/9/0
 9  -2.1  -7.4  -5.2  978.6  964.3  972.2 60 47 056 19 SW  0.0  0 19.0  -1.4 0/9/0
10  -5.5 -12.5  -9.1  973.3  969.0  970.3 35 27 199 15 SW  0.0  0 19.0  -1.7 01900
11  -9.3 -10.5  -9.9  984.5  973.4  979.2 25 19 190 10 S   0.0  0 19.0  -1.7 01900
12  -8.4 -10.4  -9.2  987.5  984.5  986.5 12  9 188  4 NE  0.0  0 18.0  -1.7 01900
13  -7.2  -9.6  -8.2  986.0  979.8  982.6 19 16 066  5 E   0.0  0 18.0  -1.7 0/9/0
14  -6.2  -9.7  -8.2  985.3  979.6  982.0 12  8 068  4 E   0.0  0 18.0  -1.8 0/9/0
15  -7.7 -10.3  -8.9  987.8  985.2  986.6 11  9 098  5 E   0.0  0 18.0  -1.8 0/9/0
16  -8.7 -10.7 -10.1  990.3  987.8  989.2 12 10 093  3 E   0.0  0 18.0  -1.7 0/9/0
17  -6.9 -11.1  -8.4  987.8  982.0  984.0 32 25 175  9 S   0.0  0 18.0  -1.7 01900
18  -6.0  -9.7  -8.0  994.7  984.1  990.7 33 25 075 12 E   0.0  0 18.0  -1.7 01900
19  -1.4  -7.3  -4.6  994.5  984.5  988.0 35 28 127 15 SE  0.0  0 18.0  -1.8 01900
20  -2.1  -7.0  -4.1  990.0  986.2  988.3 22 19 202  8 S   0.0  1 19.0  -1.7 0/9/0
21  -4.0  -7.5  -5.7  992.6  989.2  990.5 16 13 073  5 E   0.0  0 19.0  -1.7 0/9/0
22  -2.8  -8.8  -5.9  993.5  976.6  989.2 31 23 116  9 SE  0.0  1 20.0  -1.7 0/9/0
23   1.8  -3.5  -0.2  977.1  963.9  967.0 44 37 053 21 NE  0.0  2 22.0  -1.3 0/9/0
24   1.4  -2.0  -0.6  988.1  965.2  975.1 47 39 047 24 NE  0.0  0 21.0  -1.0 0/9/0
25   3.3  -2.0  -0.6  991.6  974.8  986.9 40 31 072 15 NE  0.0  0 21.0  -1.4 0/8/0
26   3.5  -2.5   0.1  979.8  970.1  974.7 38 30 058 18 NE  0.0  0 21.0  -0.9 0/8/0
27   1.3  -2.9  -0.8  973.8  953.0  962.2 46 35 059 18 NE  0.0  4 25.0  -1.1 0/8/0
28  -1.9  -9.7  -6.0  961.0  951.3  954.7 32 25 089  8 SE  0.0  1 26.0  -1.2 0/8/0
29  -6.8  -9.1  -8.0  969.9  961.0  966.2 16 12 188  5 E   0.0  0 25.0  -1.6 0/8/0
30  -5.5  -9.8  -7.9  985.5  969.9  975.9 22 17 183  7 S   0.0  0 25.0  -1.7 0/8/0