******************************************************************************
Palmer Station Weather Highlights:       April 2015

        Temperature:    Abs Max:     7.8 C          Day: 28
                        Abs Min:    -5.2 C          Day: 12
                            Avg:    -0.4 C
                        Avg Max:     1.7 C
                        Avg Min:    -2.2 C

        Pressure:       Abs Max:  1012.0 mb         Day: 27
                        Abs Min:   960.9 mb         Day: 21
                            Avg:   986.5 mb
                        Avg Max:   991.3 mb
                        Avg Min:   981.6 mb

        Wind:             Peak:       56 kts        Day: 29
                           Avg:       11 kts
                        Days Prevailing:      N: 4
                                             NE: 8
                                              E: 3
                                             SE: 6
                                              S: 1
                                             SW: 7
                                              W: 0
                                             NW: 1

        Precipitation:  Melted:     52.1 mm         YTD:   166.0 mm
                          Snow:       56 cm         YTD:      85 cm
        Maximum Snowstake Depth:      40 cm         Day: 26


============================= Daily Weather Data =============================
Column Titles:
        1. Day                        10. Wind 2-min Peak Direction  (degrees)
        2. Temperature High    (C)    11. Wind Average               (knots)
        3. Temperature Low     (C)    12. Wind Prevailing Direction
        4. Temperature Average (C)    13. Precipitation Melted       (mm)
        5. Pressure High      (mb)    14. Precipitation Snow         (cm)
        6. Pressure Low       (mb)    15. Depth at Snowstake         (cm)
        7. Pressure Average   (mb)    16. Sea Surface Temperature    (C)
        8. Wind 5-Sec Peak (knots)    17. Sea Ice                    (WMO code)
        9. Wind 2-Min Peak (knots)

1   1.9  -0.3   0.9  970.6  966.8  968.8 33 28 041 15 NE  1.0  2  0.0  -0.5 0/6/0
 2   1.8  -2.4  -0.9  970.6  968.5  969.3 12 10 184  5 E   0.0  0  0.0  -0.5 0/6/0
 3   2.4  -3.3  -1.0  978.1  969.5  973.0 24 18 129  7 SE  0.0  0  0.0  -0.4 0/6/0
 4  -0.8  -3.3  -1.6  987.4  978.0  983.6 21 18 206  9 SW  0.0  0  0.0  -0.7 0/6/0
 5   0.2  -3.4  -1.2  996.2  983.2  987.6 23 18 206  6 SW  3.1  6  6.0  -0.3 0/6/0
 6   0.1  -2.7  -1.1 1005.8  996.2 1002.6 26 21 209 12 SW  0.0  1  8.0  -0.4 0/6/0
 7   0.4  -3.6  -1.7 1010.1 1005.6 1008.5  7  6 310  3 E   0.0  0  7.0  -1.4 0/6/0
 8   0.0  -3.0  -1.4 1009.4 1003.2 1006.8  9  8 148  3 SE  0.0  0  6.0  -1.3 0/6/0
 9   6.0  -3.0   0.0 1003.2  992.3  998.1 35 29 051  5 SE  2.8  0  4.0  -1.1 0/6/0
10   6.1   2.2   4.2  993.2  984.8  990.2 44 34 054 21 NE  2.0  0  0.0  -0.4 0/6/0
11   2.4  -4.5  -0.1  993.8  980.0  983.8 40 31 029 18 N   5.1  0  0.0  -0.1 0/6/0
12  -1.2  -5.2  -3.9 1004.7  993.9 1000.8 34 27 197 15 S   0.3  0  2.0  -0.2 0/6/0
13  -0.2  -2.7  -1.3 1000.1  984.6  991.3 32 27 213 13 SW  3.3  3 10.0  -0.5 0/6/0
14  -1.8  -3.2  -2.4  995.4  979.8  985.5 34 28 204 15 SW  0.5  3 12.0  -0.7 0/6/0
15   1.4  -3.2  -1.2  997.7  980.3  991.3 28 22 043 10 NE  0.8  0  9.0  -0.8 0/6/0
16   1.2  -2.7  -0.4  980.3  973.8  975.9 32 25 354 16 SW  5.6  3 12.0  -1.3 0/6/0
17  -0.1  -3.2  -1.4  980.5  975.5  976.4 13 11 353  5 SE  1.8  6 29.0  -1.1 0/6/0
18   3.1  -1.7  -0.5  983.6  973.3  980.2 29 20 062  7 SE  1.5  7 34.0  -1.4 0/6/0
19   3.3  -2.3   0.7  977.8  966.7  970.7 42 31 066 18 NE  1.5  2 29.0  -0.6 0/6/0
20   1.5  -2.6  -0.7  979.7  962.5  974.9 55 40 071 14 E   0.8  2 25.0  -0.9 0/6/0
21   1.7  -1.5   0.1  966.3  960.9  963.4 51 41 066 13 NE  1.0  1 25.0  -0.5 0/6/0
22  -0.7  -2.6  -1.5  970.2  962.5  967.8 21 18 332  8 NW  0.8  2 27.0  -0.8 0/6/0
23  -1.4  -3.7  -2.5  981.8  970.1  973.4 15 12 288  5 NE  1.8  5 32.0  -1.5 0/6/0
24   0.6  -3.1  -1.6  988.8  981.9  986.6 25 19 043  9 SW  3.3  0 28.0  -1.1 0/6/0
25   0.2  -2.7  -1.4  997.7  988.6  994.7 15 12 131  5 N   0.0  7 38.0  -1.4 0/6/0
26   2.4  -1.6   0.2 1007.0  992.6  997.8 44 35 051 14 NE  7.4  4 40.0  -1.1 0/6/0
27   3.6  -1.3   0.0 1012.0 1007.0 1010.4 23 18 049  7 SE  2.3  2 40.0  -1.2 0/6/0
28   7.8   0.7   3.7 1009.6  988.3  999.1 50 40 054 15 NE  0.0  0 35.0  -1.0 0/6/0
29   4.3   2.3   3.0  991.1  985.4  988.1 56 45 049 25 N   4.1  0 12.0  -0.5 0/6/0
30   4.7   1.9   3.0  995.9  991.0  993.7 34 26 070 16 N   1.5  0  5.0  -1.1 0/6/0