******************************************************************************
Palmer Station Weather Highlights:       November 2015

        Temperature:    Abs Max:     4.0 C          Day: 28
                        Abs Min:    -9.1 C          Day: 3
                            Avg:    -1.5 C
                        Avg Max:     0.4 C
                        Avg Min:    -3.4 C

        Pressure:       Abs Max:   998.3 mb         Day: 5
                        Abs Min:   945.4 mb         Day: 11
                            Avg:   977.4 mb
                        Avg Max:   983.5 mb
                        Avg Min:   971.3 mb

        Wind:             Peak:       59 kts        Day: 1
                           Avg:       14 kts
                        Days Prevailing:      N: 9
                                             NE: 0
                                              E: 6
                                             SE: 0
                                              S: 1
                                             SW: 3
                                              W: 1
                                             NW: 10

        Precipitation:  Melted:     50.6 mm         YTD:   382.2 mm
                          Snow:       30 cm         YTD:     365 cm
        Maximum Snowstake Depth:     159 cm         Day: 1


============================= Daily Weather Data =============================
Column Titles:
        1. Day                        10. Wind 2-min Peak Direction  (degrees)
        2. Temperature High    (C)    11. Wind Average               (knots)
        3. Temperature Low     (C)    12. Wind Prevailing Direction
        4. Temperature Average (C)    13. Precipitation Melted       (mm)
        5. Pressure High      (mb)    14. Precipitation Snow         (cm)
        6. Pressure Low       (mb)    15. Depth at Snowstake         (cm)
        7. Pressure Average   (mb)    16. Sea Surface Temperature    (C)
        8. Wind 5-Sec Peak (knots)    17. Sea Ice                    (WMO code)
        9. Wind 2-Min Peak (knots)

 1  -0.9  -8.0  -4.7  984.1  957.8  973.8 59 51 006 15 N   2.8  0  159  -1.7 32754
 2  -2.1  -6.0  -4.1  978.4  955.2  964.0 33 28 091 16 S   0.0  5  158  -1.7 22754
 3  -5.9  -9.1  -8.1  983.1  977.5  981.5 23 19 196  9 SW  0.0  0  158  -1.7 22764
 4  -6.2  -8.7  -7.3  998.1  975.9  986.8 18 17 222  7 SW  0.0  0  156  -1.7 32765
 5  -0.4  -8.7  -4.8  998.3  988.8  993.6 19 17 314  4 NW  0.0  0  156  -1.7 42853
 6   0.2  -1.8  -0.9  991.8  986.8  988.6 26 21 318 11 NW  0.3  3  158  -1.7 42/45
 7  -1.3  -4.5  -2.7  991.8  974.7  984.2 30 25 165  7 W   0.0  0  157  -1.7 52665
 8  -1.0  -6.6  -3.9  985.1  972.4  981.4 46 39 010 12 NW  2.0  0  157  -1.6 42665
 9   0.8  -2.0  -0.5  974.1  960.3  968.5 48 43 004 27 N  13.2  0  156  -1.6 /2/64
10   0.6  -1.0  -0.3  978.5  960.7  971.3 28 24 336 10 NW  2.5  0  157  -1.6 22665
11   2.6  -1.7   0.1  972.9  945.4  953.7 50 46 030 17 E   0.3  0  157  -1.5 22764
12   1.5  -7.1  -2.4  969.3  957.6  965.5 30 26 125  9 E   0.0  0  155  -1.6 22865
13   3.0  -0.3   1.1  964.8  959.1  961.6 35 31 003 19 E   0.0  0  155  -1.3 22861
14   1.0  -1.9  -0.1  974.1  964.8  969.2 30 26 360 12 E   0.0  0  154  -1.2 22861
15   0.4  -2.6  -1.0  976.5  972.9  974.5 34 31 083 17 E   0.0  0  154  -1.3 22762
16   0.6  -2.0  -0.5  987.8  976.0  980.9 33 30 008 18 N   0.0  0  153  -1.3 22762
17   0.5  -3.1  -0.8  995.8  987.8  993.1 30 26 005  8 N   0.3  4  155  -1.2 22851
18   1.6  -2.0  -0.3  991.4  986.5  988.4 32 29 097 15 E   0.0  0  147  -1.2 22861
19   0.4  -4.0  -1.3  996.0  991.1  994.5 28 26 340  7 N   0.0  0  146  -1.2 22761
20   3.0  -1.3   0.3  994.5  985.5  989.3 57 51 004 23 N   2.3  2  144  -1.3 22761
21   1.5  -3.0  -1.4  989.1  977.6  982.1 51 46 008 18 NW  3.6  0  142  -1.3 22661
22  -1.6  -3.8  -2.8  982.9  974.9  978.4 15 14 170  7 SW  0.3  0  143  -1.2 22661
23   3.2  -4.9  -0.7  982.9  959.6  969.8 52 45 008 19 N   5.1  0  142  -1.3 22661
24   2.0  -0.9   0.3  965.9  959.0  963.6 48 43 009 23 NW  3.8  0  141  -1.2 12750
25   0.9  -1.1  -0.4  971.8  956.6  962.8 32 28 001 15 NW  0.5  0  142  -1.2 12750
26   1.6  -2.2  -0.1  978.6  971.8  975.9 31 28 345 11 N   0.5  0  143  -1.1 12750
27   2.4  -1.4   0.4  994.1  978.6  988.0 31 29 198 15 NW  0.3  2  145  -1.1 127/0
28   4.0  -0.7   1.9  994.2  976.8  985.7 49 44 354 18 N   3.6  0  137  -1.1 12840
29   0.0  -1.2  -0.6  980.1  974.0  976.9 22 20 341  7 NW  5.6  4  138  -1.3 12840
30   0.6  -1.8  -0.5  978.3  973.5  975.5 33 29 337 17 NW  3.6 10  154  -1.2 32753
