******************************************************************************
Palmer Station Weather Highlights:       February 2015

        Temperature:    Abs Max:     6.9 C          Day: 5
                        Abs Min:    -3.2 C          Day: 27
                            Avg:     1.5 C
                        Avg Max:     3.3 C
                        Avg Min:     0.0 C

        Pressure:       Abs Max:  1001.8 mb         Day: 4
                        Abs Min:   968.2 mb         Day: 10
                            Avg:   985.0 mb
                        Avg Max:   989.4 mb
                        Avg Min:   980.3 mb

        Wind:             Peak:       67 kts        Day: 24
                           Avg:       10 kts
                        Days Prevailing:      N: 8
                                             NE: 4
                                              E: 1
                                             SE: 5
                                              S: 0
                                             SW: 7
                                              W: 0
                                             NW: 3

        Precipitation:  Melted:     42.4 mm         YTD:    95.7 mm
                          Snow:       14 cm         YTD:      16 cm
        Maximum Snowstake Depth:       0 cm         Day: NA


============================= Daily Weather Data =============================
Column Titles:
        1. Day                        10. Wind 2-min Peak Direction  (degrees)
        2. Temperature High    (C)    11. Wind Average               (knots)
        3. Temperature Low     (C)    12. Wind Prevailing Direction
        4. Temperature Average (C)    13. Precipitation Melted       (mm)
        5. Pressure High      (mb)    14. Precipitation Snow         (cm)
        6. Pressure Low       (mb)    15. Depth at Snowstake         (cm)
        7. Pressure Average   (mb)    16. Sea Surface Temperature    (C)
        8. Wind 5-Sec Peak (knots)    17. Sea Ice                    (WMO code)
        9. Wind 2-Min Peak (knots)

 1   4.5   1.3   2.9  981.8  974.3  979.9 25 22 023 11 N   1.5  0  0.0    0.7 0/7/0
 2   3.4   0.6   1.4  985.8  973.1  978.3 21 16 227  6 NW  2.5  0  0.0    0.5 0/6/0
 3   5.1   0.6   1.6 1001.5  985.8  995.7 24 19 238 10 SW  0.0  0  0.0    0.7 0/7/0
 4   5.6  -1.3   1.7 1001.8  989.0  996.3 40 26 076  8 SE  9.9  0  0.0    0.8 0/7/0
 5   6.9   1.4   4.7  993.9  986.3  989.9 65 49 029 24 NE  5.3  0  0.0    0.8 0/7/0
 6   4.5   2.5   3.3  987.3  977.4  981.7 52 40 016 29 N   5.6  0  0.0    0.8 0/6/0
 7   4.0   1.3   2.5  981.3  976.9  980.0 40 33 012 15 N   3.3  0  0.0    0.1 0/7/0
 8   2.3   0.2   1.1  989.9  981.3  985.7 16 13 250  4 NW  0.0  0  0.0    0.6 0/6/0
 9   1.6  -0.9   0.3  990.0  975.2  984.5 17 14 285  7 N   0.5  1  0.0      0 0/7/0
10   5.2  -0.1   2.9  975.2  968.2  970.1 34 25 043 10 E   0.0  0  0.0    0.6 0/7/0
11   5.6   0.4   2.3  980.8  970.9  975.2 11  9 121  3 SE  0.0  0  0.0   -0.1 0/7/0
12   1.7  -0.3   0.4  987.7  980.8  982.8 11 10 244  5 NW  2.3  1  0.0    0.3 0/7/0
13   2.9   0.3   1.4  999.8  987.7  995.0 23 19 235  9 SW  0.0  0  0.0    0.7 0/7/0
14   6.4   0.2   2.9  999.8  982.8  993.0 53 40 028 11 NE  0.0  0  0.0    0.9 0/7/0
15   5.5   2.4   3.7  984.3  974.5  980.6 52 41 021 20 N   2.0  0  0.0      1 0/7/0
16   3.2   1.9   2.6  988.7  980.6  985.3 32 24 355 18 N   0.5  0  0.0    0.7 0/7/0
17   4.1  -1.0   1.9  988.1  986.5  987.3 28 23 021  5 N   1.0  0  0.0    0.4 0/7/0
18   4.6   0.5   2.7  993.5  986.7  989.6 25 22 021  6 NE  0.0  0  0.0    0.5 0/7/0
19   1.5  -0.5   0.2  996.5  993.5  995.5 12 10 243  4 SW  0.0  0  0.0    0.9 0/7/0
20   1.6  -1.6  -0.1  995.5  988.6  991.3 24 21 019  7 SE  1.8  5  0.0   0.36 0///0
21   3.5  -1.2   1.8  990.0  976.7  981.5 43 34 029 13 N   0.0  0  0.0    0.5 0/7/0
22   3.5   0.3   1.5  979.1  975.4  977.2 24 19 041  6 SW  0.0  0  0.0    0.4 0/7/0
23   0.8  -1.0   0.0  978.3  974.9  976.3 27 23 236 11 SW  0.5  0  0.0    0.5 0/6/0
24   0.7  -1.5   0.0  992.0  977.9  984.1 67 30 241 19 SW  0.0  1  0.0    0.5 0/7/0
25   0.7  -1.1   0.1  992.7  979.0  986.3 33 27 262  9 SE  3.6  1  0.0    0.5 0/6/0
26   0.8  -0.5   0.1  989.8  979.0  984.0 24 20 235 10 SW  0.5  4  0.0     -1 0/6/0
27   1.2  -3.2  -0.8  992.1  984.2  989.4 26 21 028  7 NE  0.8  0  0.0   -0.2 0/6/0
28   0.9  -1.0  -0.2  986.2  981.2  983.0 17 12 098  4 SE  0.8  1  0.0    0.3 0/6/0
