******************************************************************************
Palmer Station Weather Highlights:       March 2015

        Temperature:    Abs Max:     8.9 C          Day: 24
                        Abs Min:    -4.1 C          Day: 21
                            Avg:     0.5 C
                        Avg Max:     2.3 C
                        Avg Min:    -1.1 C

        Pressure:       Abs Max:  1015.7 mb         Day: 25
                        Abs Min:   958.4 mb         Day: 16
                            Avg:   985.9 mb
                        Avg Max:   991.0 mb
                        Avg Min:   981.0 mb

        Wind:             Peak:       61 kts        Day: 12
                           Avg:       10 kts
                        Days Prevailing:      N: 5
                                             NE: 7
                                              E: 3
                                             SE: 4
                                              S: 0
                                             SW: 6
                                              W: 2
                                             NW: 4

        Precipitation:  Melted:     62.2 mm         YTD:   115.5 mm
                          Snow:       27 cm         YTD:      29 cm
        Maximum Snowstake Depth:       6 cm         Day: 22


============================= Daily Weather Data =============================
Column Titles:
        1. Day                        10. Wind 2-min Peak Direction  (degrees)
        2. Temperature High    (C)    11. Wind Average               (knots)
        3. Temperature Low     (C)    12. Wind Prevailing Direction
        4. Temperature Average (C)    13. Precipitation Melted       (mm)
        5. Pressure High      (mb)    14. Precipitation Snow         (cm)
        6. Pressure Low       (mb)    15. Depth at Snowstake         (cm)
        7. Pressure Average   (mb)    16. Sea Surface Temperature    (C)
        8. Wind 5-Sec Peak (knots)    17. Sea Ice                    (WMO code)
        9. Wind 2-Min Peak (knots)

 1   4.8  -1.0   1.2  992.4  986.0  990.5 23 19 015  5 SE  1.3  2  0.0   0.0 0/6/0
 2   3.2  -1.5   0.7  989.0  977.7  981.1 23 17 070  4 E   0.5  0  0.0   0.3 0/6/0
 3   3.2   0.1   1.3  979.0  977.1  977.9 25 18 113  5 NW  0.0  0  0.0   0.5 0/6/0
 4   1.9  -0.4   0.4  984.8  979.0  982.4 32 27 020  6 NE  0.3  0  0.0   0.4 0/6/0
 5   3.1  -0.2   0.7  987.1  984.1  986.0 29 24 026  7 N   0.0  0  0.0   0.2 0/6/0
 6   1.6  -1.7  -0.2  990.7  984.8  987.9 10  8 354  3 N   0.0  0  0.0  -0.1 0/7/0
 7   1.9  -1.3   0.1  991.1  981.2  988.5 17 14 325  7 N   0.0  0  0.0  -0.9 0/7/0
 8   1.9  -1.1   0.4  981.1  973.3  975.1 19 14 105  3 N   6.6  8  0.0  -0.1 0/7/0
 9   0.8  -1.0   0.1  986.2  975.7  981.7  9  8 241  4 NW  0.8  0  3.0  -0.1 0/6/0
10   0.5  -1.5  -0.6  985.9  978.9  981.9 12 10 321  4 NW  1.3  0  2.0  -0.1 0/6/0
11   3.0  -2.6   0.0  995.5  984.3  992.1 17 12 056  4 E   1.3  3  4.0  -0.3 0/6/0
12   5.9   1.1   3.8  992.3  977.9  981.7 61 47 049 30 NE  6.9  0  2.0   0.5 0/6/0
13   4.8   1.1   3.0  978.8  970.0  976.0 42 34 043 14 NE  1.3  0  0.0   0.6 0/6/0
14   1.4  -1.7   0.1  978.3  970.0  973.9 23 19 314 10 SW  1.8  0  0.0   0.2 0/7/0
15   0.6  -2.4  -0.7  986.8  978.3  983.0 27 23 061 11 SW  0.0  0  0.0   0.0 0/6/0
16   3.8  -1.1   1.5  984.1  958.4  967.6 59 45 053 27 NE  3.6  0  0.0   0.4 0/6/0
17   2.2  -0.4   1.2  965.6  960.3  963.0 42 34 053 19 N   0.0  0  0.0   0.5 0/6/0
18   1.0  -1.6  -0.6  975.6  965.7  972.1 22 17 249 10 W   1.8  2  2.0   0.1 0/6/0
19   0.1  -2.1  -0.6  977.0  965.4  970.5 28 24 208 11 SW  0.0  0  1.0   0.1 0/6/0
20  -0.2  -2.9  -1.3  992.6  977.0  985.1 42 21 201 10 SW  1.3  2  3.0  -0.3 0/6/0
21   1.9  -4.1  -1.6  997.4  992.7  995.7 21 17 126  6 E   1.3  0  2.0   0.0 0/6/0
22   2.2  -0.9  -0.1 1006.7  992.9  997.5 17 14 133  3 SE  1.3  5  6.0   0.2 0/6/0
23   2.2  -0.8   0.6 1012.7 1006.5 1011.0 17 13 124  4 SE  4.6  0  4.0  -0.1 0/6/0
24   8.9   1.0   3.8 1011.6  987.8 1000.0 59 46 054 24 NE  4.3  0  0.0   0.2 0/6/0
25   1.7  -0.1   1.0 1015.7 1003.4 1011.3 35 26 251 14 W   0.3  0  0.0   0.4 0/6/0
26   1.8   0.0   0.9 1012.1  999.4 1006.4 28 22 026 11 NW 11.9  1  0.0   0.2 0/6/0
27   2.0  -0.7   0.6  999.6  992.1  994.3 31 23 026 12 SW  7.6  3  0.0  -1.0 0/6/0
28   0.0  -0.9  -0.6 1001.6  996.0  999.3 23 19 204 12 SW  0.0  0  0.0  -0.5 0/6/0
29  -0.2  -2.4  -1.2 1000.6  989.6  995.6 18 13 068  5 NE  0.0  0  0.0  -0.5 0/6/0
30   2.8  -2.3   0.2  989.5  975.4  980.5 35 26 044  8 SE  1.0  1  0.0  -0.4 0/6/0
31   2.9   0.6   1.5  978.4  969.3  973.6 42 31 057 18 NE  1.5  0  0.0  -0.6 0/6/0