******************************************************************************
Palmer Station Weather Highlights:       May 2015

        Temperature:    Abs Max:     5.0 C          Day: 11
                        Abs Min:   -12.6 C          Day: 29
                            Avg:    -2.7 C
                        Avg Max:    -0.5 C
                        Avg Min:    -4.7 C

        Pressure:       Abs Max:  1021.9 mb         Day: 8
                        Abs Min:   956.6 mb         Day: 21
                            Avg:   989.3 mb
                        Avg Max:   993.9 mb
                        Avg Min:   984.4 mb

        Wind:             Peak:       46 kts        Day: 17
                           Avg:        7 kts
                        Days Prevailing:      N: 1
                                             NE: 1
                                              E: 1
                                             SE: 15
                                              S: 2
                                             SW: 8
                                              W: 1
                                             NW: 2

        Precipitation:  Melted:     21.3 mm         YTD:   208.4 mm
                          Snow:       19 cm         YTD:      99 cm
        Maximum Snowstake Depth:      23 cm         Day: 23


============================= Daily Weather Data =============================
Column Titles:
        1. Day                        10. Wind 2-min Peak Direction  (degrees)
        2. Temperature High    (C)    11. Wind Average               (knots)
        3. Temperature Low     (C)    12. Wind Prevailing Direction
        4. Temperature Average (C)    13. Precipitation Melted       (mm)
        5. Pressure High      (mb)    14. Precipitation Snow         (cm)
        6. Pressure Low       (mb)    15. Depth at Snowstake         (cm)
        7. Pressure Average   (mb)    16. Sea Surface Temperature    (C)
        8. Wind 5-Sec Peak (knots)    17. Sea Ice                    (WMO code)
        9. Wind 2-Min Peak (knots)

May 2015
 1   4.2  -0.8   2.1  993.9  990.8  992.5 39 29 063 10 NE  1.3  0  0.0   -0.5 0/6/0
 2   0.2  -5.0  -2.3  990.8  978.5  984.7  8  7 195  3 SE  0.0  0  0.0   -0.5 0/6/0
 3  -1.0  -5.1  -3.4  981.5  978.4  980.0 22 18 202  5 N   0.0  0  0.0   -0.8 0/6/0
 4   0.0  -3.3  -2.2  993.9  979.5  985.4 17 15 201  5 S   0.0  0  0.0   -0.7 0/6/0
 5  -0.2  -2.2  -1.3  999.6  993.9  997.5 19 17 210  8 SW  0.8  0  0.0   -0.9 0/6/0
 6  -0.6  -2.8  -1.4 1007.8  999.6 1005.8  8  6 312  3 W   0.3  1  1.0   -1.4 0/6/0
 7  -0.6  -4.6  -2.0 1017.5 1007.4 1011.6  0  1 319  1 NW  0.0  0  3.0   -1.5 0/6/0
 8  -3.2  -5.2  -4.2 1021.9 1017.5 1020.6  6  6 123  1 SE  0.0  0  3.0   -1.3 0/6/0
 9   1.7  -4.3  -2.2 1021.9 1018.2 1020.1 27 23 051  5 SE  0.0  0  2.0   -1.1 0/6/0
10   3.9  -1.2   0.6 1018.8 1011.8 1015.2 24 14 144  5 SE  2.8  1  2.0   -1.1 0/6/0
11   5.0  -1.0   1.4 1011.8  997.5 1002.4 21 16 288  5 SE  5.1  0  3.0   -0.9 0/6/0
12   0.8  -2.1  -0.7 1005.0  998.1 1002.5 11 10 130  4 SE  0.0  1  4.0   -1.2 0/6/0
13   4.4  -1.7   1.5  998.1  976.6  987.7 30 23 125  9 SE  1.0  0  3.0   -1.2 0/6/0
14   3.2  -0.6   0.8  973.4  971.2  972.1 37 28 091  4 NW  0.5  0  2.0   -0.6 0/6/0
15   0.0  -1.4  -0.5  974.9  971.9  973.7  6  5 325  2 SE  0.3  4  6.0     -1 0/6/0
16   0.1  -1.4  -0.6  975.8  970.4  973.7 34 27 093 11 SE  0.0  0  4.0   -0.9 0/6/0
17   1.2  -1.6  -0.4  980.2  970.0  974.7 46 37 064 15 SE  0.0  0  4.0   -0.5 0/6/0
18  -0.2  -3.9  -2.5  992.4  980.1  987.2 26 19 232  8 SW  1.5  3  7.0   -0.7 0/6/0
19  -3.0  -5.4  -3.6 1003.4  992.5  999.1 19 15 199  7 SW  0.0  1 10.0   -1.1 0/6/0
20   3.5  -5.4  -2.5 1002.7  970.6  987.9 35 22 083  7 SE  0.0  0 10.0   -1.1 0/6/0
21   3.4  -3.1   0.1  970.8  956.6  961.2 28 19 125  9 SE  5.6  0 10.0   -0.5 0/6/0
22  -1.2  -5.2  -3.1  961.3  958.5  959.2 32 26 210  8 SW  2.3  8 18.0   -0.6 0/6/0
23  -5.0  -9.1  -6.8  964.0  956.9  959.4 32 24 127 12 SE  0.0  0 23.0   -1.1 0/6/0
24  -5.8 -10.0  -8.5  979.7  964.1  971.8 21 16 133  7 SE  0.0  0 23.0   -1.1 0/6/0
25  -2.6  -5.8  -3.6  993.4  979.6  986.5 28 20 133  7 S   0.0  0 20.0   -1.1 0/6/0
26  -3.5  -5.4  -4.3 1002.4  993.4  999.0 12 10 045  4 E   0.0  0 19.0   -1.2 0/6/0
27  -3.6  -4.6  -4.0 1002.6 1001.3 1002.1 12  9 216  3 SW  0.0  0 18.0   -1.4 0/6/0
28  -2.8  -6.2  -4.8 1000.8  985.9  995.3 14 11 127  4 SE  0.0  0 18.0   -1.4 0/6/0
29  -1.4 -12.6  -8.8  987.3  980.6  984.5 38 28 184 17 SW  0.0  0 19.0   -1.5 0/8/0
30  -7.3 -12.6  -8.7  991.4  985.2  989.8 31 24 187 14 SW  0.0  0 19.0   -1.2 0/8/0
31  -3.9 -12.1  -7.0  991.1  979.4  984.2 32 24 207  9 SW  0.0  0 18.0   -1.2 0/8/0
