Palmer Station Weather Highlights:       September 2015

        Temperature:    Abs Max:     3.8 C          Day: 29
                        Abs Min:   -20.4 C          Day: 14
                            Avg:    -9.7 C
                        Avg Max:    -4.5 C
                        Avg Min:   -13.6 C

        Pressure:       Abs Max:  1012.5 mb         Day: 28
                        Abs Min:   953.2 mb         Day: 1
                            Avg:   983.1 mb
                        Avg Max:   989.8 mb
                        Avg Min:   976.0 mb

        Wind:             Peak:       66 kts        Day: 30
                           Avg:        9 kts
                        Days Prevailing:      N: 2
                                             NE: 2
                                              E: 0
                                             SE: 7
                                              S: 0
                                             SW: 9
                                              W: 2
                                             NW: 8

        Precipitation:  Melted:     20.3 mm         YTD:   228.7 mm
                          Snow:       48 cm         YTD:   219 cm
        Maximum Snowstake Depth:      80 cm         Day:   30


============================= Daily Weather Data =============================
Column Titles:
        1. Day                        10. Wind 2-min Peak Direction  (degrees)
        2. Temperature High    (C)    11. Wind Average               (knots)
        3. Temperature Low     (C)    12. Wind Prevailing Direction
        4. Temperature Average (C)    13. Precipitation Melted       (mm)
        5. Pressure High      (mb)    14. Precipitation Snow         (cm)
        6. Pressure Low       (mb)    15. Depth at Snowstake         (cm)
        7. Pressure Average   (mb)    16. Sea Surface Temperature    (C)
        8. Wind 5-Sec Peak (knots)    17. Sea Ice                    (WMO code)
        9. Wind 2-Min Peak (knots)

 1  -1.7 -10.2  -4.7  977.2  953.2  966.5 46 34 227 15 SW  0.0  0 52.0  -1.8 52755
 2 -10.3 -17.5 -14.8  995.2  968.3  985.4 42 30 217 14 SW  0.0  0 45.0  -1.8 52755
 3  -3.6 -17.8 -13.1  994.3  979.9  990.6 39 20 128  5 SE  0.0  0 43.0  -1.8 52755
 4  -0.4  -9.1  -5.2  980.1  958.9  965.8 59 47 056 19 SW  0.0 13 56.0  -1.8 52755
 5  -8.5 -14.7 -11.1  978.4  967.1  971.1 26 21 223 10 SW  0.0  0 54.0  -1.8 52755
 6  -6.2 -16.7 -13.4  984.1  974.9  981.6 21 16 224  6 SW  0.0  0 53.0  -1.8 52755
 7   0.4  -6.2  -2.8  974.8  967.9  970.5 33 28 049 13 SE  0.0  0 53.0  -1.8 32755
 8  -2.0 -16.2 -12.2  975.2  971.4  973.4 21 16 016  7 NW  0.0  0 53.0  -1.8 32755
 9  -9.0 -17.6 -13.6  997.4  975.3  985.9 11  9 001  3 NW  0.0  0 53.0  -1.8 42755
10 -11.6 -18.4 -15.6  997.7  978.2  988.0 12  9 264  5 W   0.0  0 53.0  -1.8 42755
11  -7.2 -15.0 -11.8  985.0  978.0  980.9 14 12 222  5 SW  0.0  2 55.0  -1.8 52755
12 -11.5 -16.1 -15.1  985.0  973.9  979.0 12 10 225  4 SW  0.0  0 55.0  -1.8 52755
13  -7.8 -19.1 -14.7  973.9  964.9  967.9  8  6 299  2 NW  0.0  0 55.0  -1.8 52755
14 -12.9 -20.4 -16.2  977.9  971.2  975.6 15 12 015  5 NW  0.0  0 55.0  -1.8 52755
15  -4.7 -14.2  -9.7  973.8  958.2  963.5 30 22 127  8 SE  0.0  2 57.0  -1.8 52755
16  -7.8 -15.8 -10.8  994.6  968.1  983.9 27 21 127 12 SE  0.0  0 54.0  -1.8 52755
17  -9.9 -18.2 -13.5  994.9  982.3  989.9 11  9 288  3 NW  0.0  0 53.0  -1.8 42755
18  -5.7 -12.4  -8.8  994.6  981.5  988.3 19 14 205  4 NW  0.0  4 57.0  -1.8 42755
19  -6.7 -12.8 -11.0 1000.9  994.6  998.5 14 12 257  5 N   0.0  3 60.0  -1.8 42755
20  -3.3 -10.8  -7.2  998.0  984.8  989.6 26 20 199  6 NW  0.0  0 58.0  -1.8 42755
21  -1.5  -8.9  -5.1  994.7  990.4  993.4 18 13 207  5 W   0.0  0 58.0  -1.8 42755
22  -0.1  -3.9  -1.5  992.9  971.5  985.0 46 29 311 14 NW  0.0  7 65.0  -1.8 42755
23  -3.1 -18.1 -13.0  980.1  972.3  976.1 41 31 230 20 SW  0.0  0 60.0  -1.8 52755
24  -1.6 -19.5 -11.8  982.7  973.7  977.9 39 31 269 11 SE  0.0  0 59.0  -1.7 52755
25  -3.1 -17.4 -11.6  994.3  973.4  981.9 39 30 293 14 SW  0.0  0 64.0  -1.7 52755
26  -5.2 -17.1 -12.4  995.7  987.4  992.2 34 23 128  6 SE  0.0  0 64.0  -1.8 52755
27   0.8  -5.9  -3.5 1007.9  985.2  995.0 46 29 150  9 SE  0.0 15 79.0  -1.8 42755
28   2.7  -7.1  -4.0 1012.5 1008.0 1011.3 11  9 286  3 N   0.0  0 78.0  -1.8 42755
29   3.8  -7.2  -1.7 1011.5  989.3 1002.8 65 56 051 19 NE  0.5  0 78.0  -1.8 32755
30   1.6  -2.4   0.2  989.6  976.8  982.4 66 51 058 31 NE 19.8  2 80.0  -1.7 32755
