Palmer Station Weather Highlights:       August 2015

        Temperature:    Abs Max:     2.7 C          Day: 6
                        Abs Min:   -23.0 C          Day: 21
                            Avg:    -9.1 C
                        Avg Max:    -4.9 C
                        Avg Min:   -13.6 C

        Pressure:       Abs Max:  1008.7 mb         Day: 24
                        Abs Min:   926.3 mb         Day: 15
                            Avg:   982.5 mb
                        Avg Max:   988.4 mb
                        Avg Min:   975.6 mb

        Wind:             Peak:       78 kts        Day: 5
                           Avg:       12 kts
                        Days Prevailing:      N: 2
                                             NE: 9
                                              E: 3
                                             SE: 8
                                              S: 1
                                             SW: 3
                                              W: 1
                                             NW: 4

        Rain:         0.0 mm         YTD:    208.4 mm
                          Snow:       30 cm         YTD:      171 cm
        Maximum Snowstake Depth:      54 cm         Day: 28


============================= Daily Weather Data =============================
Column Titles:
        1. Day                        10. Wind 2-min Peak Direction  (degrees)
        2. Temperature High    (C)    11. Wind Average               (knots)
        3. Temperature Low     (C)    12. Wind Prevailing Direction
        4. Temperature Average (C)    13. Precipitation Melted       (mm)
        5. Pressure High      (mb)    14. Precipitation Snow         (cm)
        6. Pressure Low       (mb)    15. Depth at Snowstake         (cm)
        7. Pressure Average   (mb)    16. Sea Surface Temperature    (C)
        8. Wind 5-Sec Peak (knots)    17. Sea Ice                    (WMO code)
        9. Wind 2-Min Peak (knots)

 1  -3.1 -12.1  -7.6  995.2  991.6  994.0  8  7 019  3 NW  0.0  4 52.0  -1.7 52855
 2  -1.9 -21.9  -8.2  993.4  982.5  988.5 35 28 051 13 NE  0.0  0 52.0  -1.7 52855
 3  -1.9 -22.7  -9.9  994.4  983.8  990.1 53 44 051 13 NE  0.0  0 40.0  -1.8 52855
 4   1.2  -3.9  -0.4  997.8  990.2  994.3 54 44 052 26 N   0.0  0 36.0  -1.7 42755
 5   0.9  -1.8  -0.2  997.9  970.3  987.7 78 61 074 37 E   0.0  0 35.0  -1.7 22755
 6   2.7  -1.8   0.2  986.2  968.6  976.6 63 51 062 34 NE  0.0  0 34.0  -1.7 22761
 7   1.2  -2.8  -0.1  987.4  981.9  985.0 63 47 051 35 NE  0.0  0 34.0  -1.5 0/7/0
 8  -0.9  -6.7  -4.4  984.3  964.5  975.6 39 27 111 10 E   0.0  0 34.0  -1.5 0/7/0
 9  -0.2  -5.1  -2.9  982.0  967.7  975.5 43 33 045 10 NE  0.0  3 37.0  -1.7 0/7/0
10  -3.3  -7.1  -5.5  989.6  978.3  986.4 46 35 058 12 NE  0.0  0 37.0  -1.7 0/7/0
11  -1.5  -8.3  -5.5  978.3  965.3  969.7 69 52 054 23 W   0.0  3 40.0  -1.8 0/7/0
12  -2.1 -13.5 -10.2  984.2  967.7  978.4 37 28 042  9 SW  0.0  0 40.0  -1.8 51755
13  -0.7  -6.2  -2.3  976.5  958.9  966.6 38 26 353 13 NW  0.0 10 50.0  -1.8 51755
14  -0.7 -16.0  -8.2  963.2  945.2  955.2 56 46 054 18 NE  0.0  0 45.0  -1.8 51755
15  -2.0 -18.1  -7.0  952.4  926.3  939.0 65 53 065 24 NE  0.0  0 45.0  -1.8 0/7/0
16 -17.4 -22.4 -20.0  958.9  945.7  953.4 34 27 234 10 SE  0.0  0 45.0  -1.8 51755
17 -17.5 -20.9 -18.9  958.9  944.8  949.8 23 17 231  8 SW  0.0  0 45.0  -1.8 51755
18 -12.9 -19.7 -16.7  988.2  959.0  974.2 41 20 132  5 SE  0.0  0 45.0  -1.8 51755
19  -4.5 -18.2 -13.8  990.3  971.4  982.5 31 24 245  8 SE  0.0  0 45.0  -1.8 51755
20 -10.0 -21.5 -16.7  985.3  975.4  982.0 30 24 242  9 SW  0.0  7 52.0  -1.8 52755
21 -17.8 -23.0 -20.3 1002.3  985.4  995.3 15 13 218  4 NW  0.0  0 52.0  -1.8 52755
22 -13.1 -20.4 -17.0 1006.4 1001.9 1004.0 11  8 111  3 SE  0.0  0 52.0  -1.8 52755
23  -6.7 -13.7 -11.2 1007.9 1002.3 1005.6 13 11 352  3 NW  0.0  0 52.0  -1.8 52755
24  -8.3 -11.6  -9.8 1008.7 1004.2 1007.6 11  9 126  3 SE  0.0  1 53.0  -1.8 52755
25  -5.0 -12.1  -7.5 1008.1 1005.8 1006.4  7  5 284  2 N   0.0  0 52.0  -1.8 52755
26  -7.4 -16.8 -12.8 1007.1  999.4 1004.5  4  4 141  1 SE  0.0  0 52.0  -1.8 52755
27   1.9 -15.7  -6.0  999.4  983.3  989.6 35 21 235  6 S   0.0  0 52.0  -1.8 52755
28 -10.4 -14.4 -13.3  991.8  989.8  991.1 17 13 219  3 SE  0.0  2 54.0  -1.8 52755
29  -4.1 -15.2  -9.7  990.4  987.1  988.9 12  9 122  3 SE  0.0  0 52.0  -1.8 52755
30  -6.9 -15.4 -10.6  987.2  977.8  981.9  7  6 291  2 E   0.0  0 52.0  -1.8 52755
31   0.2 -14.1  -6.1  985.6  967.8  978.8 45 35 060 12 NE  0.0  0 52.0  -1.8 52755
