********************************************************************************
Palmer Station Weather Highlights:      September 2003

        Temperature:    Abs Max:    5.3 C          Day: 17
                        Abs Min:  -19.7 C          Day: 5
                            Avg:   -4.2 C
                        Avg Max:   -1.0 C
                        Avg Min:   -7.6 C

        Pressure:       Abs Max: 1022.7 mb         Day: 14
                        Abs Min:  958.5 mb         Day: 7
                            Avg:  987.8 mb
                        Avg Max:  992.5 mb
                        Avg Min:  982.8 mb

        Wind:             Peak:      63 kts        Day: 25
                           Avg:      15 kts
                        Days Prevailing:     N: 18
                                            NE: 1
                                             E: 2
                                            SE: 1
                                             S: 1
                                            SW: 5
                                             W: 0
                                            NW: 2

        Precipitation:  Melted:    89.5 mm         YTD:   677.4 mm
                          Snow:      39 cm         YTD:     287 cm
                Days with Precipitation:     26
                Days with Snow:              22
                Maximum Snowstake Depth:     73 cm Day: 7

        Clouds: Average Cloud Coverage:      94%
                Days Overcast:               29
                Days Partly Cloudy:           0
                Days Clear:                   1



============================== Daily Weather Data ==============================
Column Titles:
        1. Day                         9. Wind Peak Direction (degrees)
        2. Temperature High   (C)     10. Wind Avg              (knots)
        3. Temperature Low    (C)     11. Wind Prevailing Direction
        4. Temperature Avg    (C)     12. Precipitation Melted     (mm)
        5. Pressure High     (mb)     13. Precipitation Snow       (cm)
        6. Pressure Low      (mb)     14. Depth at Snowstake       (cm)
        7. Pressure Avg      (mb)     15. Sky Coverage         (tenths)
        8. Wind Peak      (knots)     16. Sea Temp/Ice     (WMO coding)


01   2.1  -2.6  -0.2  994.5  984.5  990.6 29 010 12 NW  1.5  T  66 10 010140/6/0
02   1.7  -2.6  -0.2  993.0  967.3  973.8 33 020 10  E  4.2  8  65  9 010130/6/0
03  -1.3  -7.2  -4.0  981.7  971.0  977.1 44 350 19  N  3.2  3  65 10 010160/6/0
04  -1.4 -11.9  -6.3  973.9  963.0  967.4 40 220 17 SW  3.5  T  70 10 010180/6/0
05 -11.8 -19.7 -18.3  981.0  969.5  976.5 30 210 14 SW  0.2  T  70 10 0101871693
06 -15.1 -18.4 -16.8  980.5  975.6  977.9 16 190  7  S  0.0  0  69  9 0101771693
07  -4.7 -18.1  -9.0  979.6  958.5  964.5 24 090  8  E  1.4  2  73 10 0101771693
08  -5.8 -18.0 -16.7  998.0  960.6  993.9 40 210 11 SW  1.3  3  68 10 0101751693
09   0.2 -16.7  -3.8  997.8  990.8  992.8 45 010 17  N  2.0  4  70 10 0101751693
10  -1.3 -12.3  -6.1  994.0  992.1  992.9 24 210  9 NW  2.9 6.5 72 10 0101851693
11 -11.8 -14.8 -13.1 1001.9  992.3  995.9 20 240 10 SW  0.1  T  70 10 0101851693
12  -9.1 -16.0 -12.4 1020.0 1001.9 1014.8 16 220  4  N  0.0  0  70  4 0101851693
13  -2.4 -12.0  -7.1 1021.9 1019.9 1021.4 12 080  3  N  0.0  0  70 10 0101851695
14  -3.2 -10.8  -6.6 1022.7 1021.3 1022.1  9 210  3 NE  0.0  0  70  9 0101851695
15  -0.7 -11.9  -5.3 1021.7 1012.0 1016.8 37 360  6  N  1.4  T  70 10 0101851695
16   4.6  -3.0   1.6 1012.3 1005.1 1008.1 47 360 16  N  7.9  6  66 10 0101851695
17   5.3   1.9   3.7 1005.9  993.2  997.5 54 010 28  N  1.3  0  58 10 0101651691
18   3.9  -0.8   1.2  995.3  991.0  993.2 50 010 14  N 11.9  T  52 10 0101541691
19   3.5  -1.1   0.6  990.9  983.0  987.2 36 030  6 SE  5.7  6  58 10 0101631691
20   3.0  -3.4  -1.7  985.1  977.0  982.6 60 040 24  N  3.6  T  52 10 0101521191
21   1.3  -6.3  -1.7  989.1  981.6  985.5 52 020 22  N  1.6  T  54 10 010140/6/0
22   2.2   0.7   1.0  983.3  971.9  978.2 58 020 39  N 11.5  T  60 10 010120/6/0
23   2.2  -0.3   0.4  979.8  972.3  978.3 51 010 24  N  1.3  T  63 10 010110/6/0
24   2.5  -0.1   1.3  983.7  975.9  979.5 57 010 23  N    T  0  62 10 010110/6/0
25   2.9   0.8   1.8  983.7  979.5  981.5 63 360 34  N 14.5  0  59 10 010110/6/0
26   3.8  -0.3   0.7  984.6  976.5  982.2 62 360 31  N  6.1  0  52  8 010120/6/0
27   1.3  -5.7  -1.6  984.5  981.3  982.2 44 360 12  N  0.6  T  54 10 010120/6/0
28  -0.9  -7.4  -2.8  981.4  973.0  973.6  9 220  2 SW  0.7  T  52  8 01011406/2
29  -1.3  -3.7  -2.6  975.2  971.5  973.2 22 360  7  N    T  T  53  9 010120/6/0
30  -0.8  -5.3  -3.3  977.1  970.9  973.5 38 010 10  N  1.1  T  56  9 0101320690