********************************************************************************
Palmer Station Weather Highlights:        December 2003

        Temperature:    Abs Max:      6.1 C          Day: 19
                        Abs Min:     -5.2 C          Day: 6
                            Avg:      0.7 C
                        Avg Max:      3.6 C
                        Avg Min:     -1.3 C

        Pressure:       Abs Max:   1008.2 mb         Day: 29
                        Abs Min:    980.4 mb         Day: 18
                            Avg:    994.6 mb
                        Avg Max:    997.5 mb
                        Avg Min:    991.7 mb

        Wind:             Peak:        41 kts        Day: 24
                           Avg:         5 kts
                        Days Prevailing:       N: 1
                                              NE: 8
                                               E: 5
                                              SE: 3
                                               S: 2
                                              SW: 7
                                               W: 3
                                              NW: 2

        Precipitation:  Melted:       4.3 mm         YTD:   751.8 mm
                          Snow:         2 cm         YTD:     324 cm
                Days with Precipitation:        5
                Days with Snow:                 3
                Maximum Snowstake Depth:       39 cm Day: 3

        Clouds: Average Cloud Coverage:        65%
                Days Overcast:                 13
                Days Partly Cloudy:            11
                Days Clear:                     7

============================== Daily Weather Data ==============================
Column Titles:
        1. Day                        10. Wind 2-Min Peak Direction  (knots)
        2. Temperature High    (C)    11. Wind Avg                   (knots)
        3. Temperature Low     (C)    12. Wind Prevailing Direction
        4. Temperature Avg     (C)    13. Precipitation Melted       (mm)
        5. Pressure High      (mb)    14. Precipitation Snow         (cm)
        6. Pressure Low       (mb)    15. Depth at Snowstake         (cm)
        7. Pressure Avg       (mb)    16. Sky Coverage               (tenths)
        8. Wind 5-Sec Peak (knots)    17. Sea Temp/Ice               (WMO coding)
        9. Wind 2-Min Peak (knots)

   1  2.7 -0.8  0.8   996.6   995.3    995.9 10  8   333  3  SE    0.0  0  38  10  010000/6/0
   2  2.9 -1.0  0.5   996.1   989.0    992.6 21 18   036  8  NE    0.0  0  36  10  000010/6/0
   3 -0.1 -4.1 -1.7   989.0   981.5    984.1 26 22   241 13  SW    2.6  2  39   7  010090/6/0
   4 -1.1 -4.2 -3.2   989.9   984.5    987.3 22 16   236 10  SW    0.0  0  38   6  010050/6/0
   5  1.8 -3.5 -2.3   992.2   989.7    990.4 15 13   210  6  S     0.0  0  36   1  010040/6/0
   6  2.4 -5.2 -1.4   993.8   992.1    993.0 14 11   150  5  NE    0.0  0  36   1  000020/6/0
   7  3.2 -4.0 -0.6   992.3   986.2    988.9 11  9   155  4  NE    0.0  0  34   5  000090/6/0
   8  3.9 -2.6 -0.2   988.3   985.5    986.5  9  6   246  3  SW    0.0  0  30   4  000100/6/0
   9  3.9 -2.4  0.1   993.2   988.3    990.4  8  6   019  3  S     0.0  0  25   6  000080/6/0
  10  3.6 -1.9 -0.1   998.9   993.3    996.2  9  7   210  3  SW    0.0  0  25  10  000110/6/0
  11  2.9 -0.9  0.9  1000.9   998.9   1000.3  7  5   179  3  NE    0.0  0  21  10  000150/6/0
  12  2.0 -1.6  0.1   999.8   997.9    998.5 14 11   120  3  W     0.3  T  18  10  000100/6/0
  13  2.9 -2.2 -0.1  1001.0   998.2    999.4 20 16   100  4  E     0.2  T   8   8  000070/6/0
  14  3.9 -1.3  0.3  1003.9  1000.9   1002.6 14 12   319  3  E     0.9  0   9   8  000100/6/0
  15  4.1 -1.5  0.5  1003.7   999.4   1002.2 10  8   219  4  SW    0.0  0   6   7  000080/6/0
  16  2.6 -1.9  0.2   999.4   986.3    992.8 36 25   075  9  E     0.0  0   0  10  000120/6/0
  17  4.0 -1.0  1.2   986.4   980.7    983.3 27 19   074  8  E     0.0  0   0  10  000040/6/0
  18  4.9  0.1  2.0   986.3   980.4    982.3 24 18   123 10  SE    0.0  0   0   7  000040/6/0
  19  6.1 -0.2  2.4   994.4   986.3    991.2  8  7   122  3  NE    0.0  0   0   0  000040/6/0
  20  3.0 -0.7  0.5   998.3   994.3    996.1 15 13   240  5  SW    0.0  0   0   6  000130/6/0
  21  1.9 -1.3  0.1  1004.1   998.2   1000.4 19 16   240  9  SW    0.0  0   0   8  000100/6/0
  22  5.7 -1.0  1.7  1006.3  1003.8   1005.2  9  7   224  3  NE    0.0  0   0   3  000100/6/0
  23  5.9 -1.7  2.0  1003.7   984.5    995.2 33 24   069  4  NE    0.0  0   0   0  000240/6/0
  24  3.1 -0.2  1.2   991.8   981.7    985.7 41 29   076 12  E     0.0  0   0   6  000030/6/0
  25  5.4  1.2  2.5   995.1   991.9    994.1 13 10   119  4  N     0.0  0   0   6  000160/6/0
  26  4.7  1.1  2.4  1001.0   993.8    997.6  8  6   247  3  NW    0.0  0   0   9  000120/6/0
  27  5.4  0.3  2.5  1001.1   993.7    998.3 10  8   322  3  NW    0.0  0   0   5  000150/6/0
  28  5.9 -0.3  2.2   997.8   992.3    994.1 10  7   121  3  NE    0.0  0   0   3  000150/6/0
  29  5.0  0.9  2.5  1008.2   997.8   1004.0  9  7   155  3  SE    0.0  0   0  10  000160/6/0
  30  5.1  1.6  2.5  1008.2  1001.2   1006.3 15  7   062  4  W     0.0  0   0   9  000140/6/0
  31  5.1  0.6  2.8  1001.2   994.3    997.1 35 27   013 11  W     0.3  0   0   5  000180/6/0