Palmer Station Weather Highlights:       November 2013

        Temperature:    Abs Max:     8.7 C          Day: 12
                        Abs Min:   -16.7 C          Day: 10
                            Avg:    -2.2 C
                        Avg Max:     1.8 C
                        Avg Min:    -5.2 C

        Pressure:       Abs Max:   996.1 mb         Day: 21
                        Abs Min:   951.6 mb         Day: 3
                            Avg:   978.1 mb
                        Avg Max:   982.8 mb
                        Avg Min:   973.3 mb

        Wind:             Peak:       66 kts        Day: 2
                           Avg:       10 kts
                        Days Prevailing:      N: 4
                                             NE: 5
                                              E: 0
                                             SE: 6
                                              S: 1
                                             SW: 1
                                              W: 6
                                             NW: 7

        Precipitation:   Melted:    48.2 mm         YTD:   554.1 mm
                           Snow:      32 cm         YTD:     316 cm
        Maximum Snowstake Depth:      40 cm         Day: 4


============================== Daily Weather Data==============================
Column Titles:
        1. Day                        10. Wind 2-min Peak Direction(degrees)
        2. Temperature High    (C)    11. Wind Average(knots)
        3. Temperature Low     (C)    12. Wind Prevailing Direction
        4. Temperature Average (C)    13. Precipitation Melted(mm)
        5. Pressure High      (mb)    14. Precipitation Snow(cm)
        6. Pressure Low       (mb)    15. Depth at Snowstake(cm)
        7. Pressure Average   (mb)    16. Sea Surface Temperature    (C)
        8. Wind 5-Sec Peak (knots)    17. Sea Ice(WMO code)
        9. Wind 2-Min Peak (knots)

 1   1.9   0.3   1.2  983.9  981.7  983.2 42 31 023 22 N   0.8  1 36.0-1.3 34791
 2   2.8   0.1   1.3  982.7  952.1  966.2 66 44 040 30 N  13.5  3 34.0-1.3 24690
 3   1.2  -8.8  -5.7  974.7  951.6  966.1 47 38 240 16 W   1.5  2 31.0-1.5 24690
 4   3.0  -8.9  -4.6  971.4  955.8  959.8 30 23 245  8 SE  3.8  9 40.0-1.3 54/92
 5  -2.4  -9.9  -7.3  978.4  969.0  975.1 34 27 017 10 W   0.3  0 35.0-1.1 14695
 6  -3.6  -9.6  -6.8  977.5  968.9  972.4 25 19 250 12 W   0.5  2 36.0-1.4 14699
 7  -5.1 -11.6  -8.7  981.7  978.2  979.7 22 17 222  6 SW  0.0  0 38.0-1.3 14699
 8  -4.7 -14.8 -10.6  987.4  981.7  985.5 14 12 253  5 NW  0.0  0 37.0-1.3 14699
 9  -4.9 -11.2  -9.3  987.1  980.2  983.6 16 12 245  6 W   0.0  0 37.0-1.3 14699
10   3.2 -16.7  -6.5  980.1  969.9  974.6  9  7 131  2 SE  0.0  0 36.0-1.3 14699
11   5.8  -3.5  -0.7  974.3  969.4  971.4 12 10 128  3 SE  1.5  2 36.0-1.4 14699
12   8.7  -2.8   1.2  978.6  974.3  977.2 10 10 157  2 SE  2.5  3 37.0-1.4 14699
13   1.8  -2.0  -0.3  976.8  969.1  971.7 34 26 036  8 NW  0.8  0 32.0-1.3 14694
14  -0.1  -7.3  -2.5  976.8  970.9  973.2 14 12 312  5 NW  0.8  3 33.0-1.4 54694
15   4.2  -4.4  -1.0  979.4  976.8  978.0 10  8 002  3 N   0.3  1 34.0-1.4 54695
16   4.2  -6.4  -2.2  987.9  979.1  983.4 12 10 023  2 S   0.8  0 31.0-1.5 54695
17  -0.8  -8.0  -3.2  988.2  979.4  985.5 59 46 039 19 NE  2.3  0 30.0-1.5 54694
18   3.0  -1.4   0.5  979.7  966.6  973.5 57 47 031 29 NE  9.1  2 30.0-1.5 24690
19   1.4  -2.4  -0.5  976.8  966.1  971.5 38 31 016 13 N   0.8  3 33.0-1.6 24690
20   3.3  -3.3  -1.2  994.1  976.8  984.7 14 12 041  3 W   0.0  0 29.0-1.6 34692
21   1.9  -5.6  -1.5  996.1  983.9  990.6 60 49 038 20 NE  0.0  0 24.0-1.2 34691
22   5.0  -1.9   0.8  992.0  985.0  989.8 38 32 041 10 SE  0.0  0 23.0-1.1 24690
23   6.5   2.9   4.3  986.6  982.3  984.3 44 35 016 24 NE  0.5  0  5.0-0.7 24690
24   3.4  -1.9   0.6  990.5  985.1  987.9 35 27 022 17 NE  2.3  0  0.0-0.9 24690
25   0.6  -1.7  -0.8  988.4  985.3  987.0 35 29 024 11 W   0.0  0  0.0-0.9 54693
26   3.8  -3.3  -0.6  989.8  972.2  985.2 18 14 269  5 NW  0.0  0  0.0-0.8 14692
27   4.7  -2.1   1.0  972.3  965.5  967.0 24 17 119  8 SE  0.3  1  0.0-1.0 44691
28   2.6  -4.0  -1.1  982.0  967.1  973.5 13  9 101  4 NW  0.0  0  0.0-1.0 34693
29   1.4  -4.0  -1.7  986.9  981.2  985.1 12  8 319  4 NW  0.0  0  0.0-0.7 54692
30   2.0  -2.4  -0.6  981.2  974.9  976.5 22 12 313  6 NW  6.1  0  0.0-0.7 54693
