********************************************************************************
Palmer Station Weather Highlights:       October 2013

        Temperature:    Abs Max:     5.7 C          Day: 3
                        Abs Min:   -13.3 C          Day: 16
                            Avg:    -2.8 C
                        Avg Max:     0.3 C
                        Avg Min:    -5.7 C

        Pressure:       Abs Max:  1013.5 mb         Day: 1
                        Abs Min:   948.2 mb         Day: 14
                            Avg:   981.2 mb
                        Avg Max:   986.4 mb
                        Avg Min:   976.2 mb

        Wind:             Peak:       75 kts        Day: 29
                           Avg:       10 kts
                        Days Prevailing:      N: 2
                                             NE: 9
                                              E: 0
                                             SE: 7
                                              S: 1
                                             SW: 6
                                              W: 4
                                             NW: 2

        Precipitation:  Melted:     26.9 mm         YTD:   505.9 mm
                          Snow:       34 cm         YTD:     284 cm
       Maximum Snowstake Depth:       52 cm         Day: 4


============================== Daily Weather Data ==============================
Column Titles:
        1. Day                        10. Wind 2-min Peak Direction(degrees)
        2. Temperature High    (C)    11. Wind Average(knots)
        3. Temperature Low     (C)    12. Wind Prevailing Direction
        4. Temperature Average (C)    13. Precipitation Melted(mm)
        5. Pressure High      (mb)    14. Precipitation Snow(cm)
        6. Pressure Low       (mb)    15. Depth at Snowstake(cm)
        7. Pressure Average   (mb)    16. Sea Surface Temp           (C)
        8. Wind 5-Sec Peak (knots)    17. Sea Ice (WMO code)
        9. Wind 2-Min Peak (knots)

 1   4.8  -3.2   0.6 1013.5 1005.7 1008.3 44 35 039  7 SE  0.0  0 49.0-1.2   43691
 2   2.3  -3.8  -1.0 1006.6 1004.0 1005.0  9  7 140  3 NW  0.0  1 50.0-1.5   53692
 3   5.7  -6.6  -2.6 1007.4 1005.6 1006.8  7  6 139  2 SE  0.0  0 50.0-1.4   54692
 4   3.0  -3.2  -1.4 1005.7 1000.1 1003.1 15 13 137  4 SE  2.0  3 52.0-1.2   54692
 5   4.8  -1.8   2.4  999.9  987.9  993.9 37 28 024 15 NE  0.0  0 48.0-1.5   34691
 6   4.5  -0.5   1.6  988.0  979.1  983.6 40 32 029  8 NE  1.3  0 44.0-1.4   34691
 7   2.3  -1.0   0.1  990.9  979.6  985.7 26 19 026  4 SE  3.8  6 52.0-1.3   34691
 8   4.5   0.3   2.0  990.5  982.1  986.2 39 31 027 14 NE  0.8  0 45.0-1.1   24690
 9   2.8  -0.1   1.6  982.5  971.6  978.6 47 37 045 21 NE  0.0  0 40.0-1.1   24690
10   2.0  -2.0   0.2  982.5  974.5  978.6 27 21 062  7 NW  0.8  1 39.0-1.5   2469/
11   1.0  -1.4  -0.3  981.5  968.2  975.6 50 41 038 21 NE  1.8  3 43.0-1.5   24690
12   1.2  -2.7  -0.4  986.2  974.5  980.9 32 25 024 15 NE  0.3  1 43.0-1.6   44693
13   3.0  -2.1   1.0  984.9  954.9  968.4 47 36 038 20 NE  3.6  0 43.0-1.7   24690
14   2.5  -7.2   0.1  964.4  948.2  952.2 44 33 022 12 NE  4.3  0 35.0-1.3   24690
15  -1.0  -8.3  -5.5  969.6  963.2  966.7 31 19 208  7 SE  1.0  7 44.0-1.4   34692
16  -6.4 -13.3 -10.9  982.9  965.8  976.4 35 23 215 11 SW  0.0  0 43.0-1.7   34692
17  -8.7 -10.5  -9.5  986.1  982.9  985.0 19 16 230  8 SW  0.0  0 43.0-1.7   14693
18  -1.3 -11.7  -6.8  984.0  963.9  971.3 17 13 184  4 SE  0.0  0 41.0-1.6   54693
19   0.4  -6.3  -4.1  971.6  962.4  965.4 21 18 009  7 N   0.5  1 43.0-1.4   1469/
20  -4.7 -10.6  -6.7  979.8  971.6  977.2 12 12 228  5 SW  0.0  0 43.0-1.4   1469/
21  -8.2 -11.2 -10.0  980.8  979.5  980.2 15 14 229  9 SW  0.0  0 43.0-1.5   14693
22  -6.6 -10.0  -8.7  987.7  980.3  984.8 19 17 215  8 SW  0.0  0 43.0-1.5   14691
23   3.1  -9.1  -4.0  985.8  972.8  976.8 19 14 184  5 S   1.8  5 47.0-1.5   1469/
24  -0.5  -5.1  -1.9  976.9  971.7  974.9 20 16 289  8 W   0.5  0 48.0-1.4   1469/
25  -0.2  -7.5  -3.8  975.8  970.0  973.6 16 12 129  3 W   0.0  0 47.0-1.4   14692
26   2.0  -4.2  -0.7  970.0  960.8  963.9 36 30 015 15 SE  1.8  4 48.0-1.3   14692
27  -4.3 -11.0  -8.7  979.5  966.0  973.2 26 21 232 11 SW  0.5  1 46.0-1.3   54692
28  -3.4 -12.6  -9.0  992.8  979.6  988.7 23 20 235  8 W   0.0  0 43.0-1.3   14692
29   2.0  -4.1   0.8  991.9  977.6  983.5 75 60 034 24 N   1.5  1 41.0-1.3   34691
30   2.4  -0.7   1.1  989.7  978.3  983.5 52 39 027 17 NE  0.8  0 38.0-1.4   34691
31   0.9  -4.3  -2.1  988.1  981.2  984.8 45 32 024  8 W   0.0  0 37.0-1.3   54692
