********************************************************************************
Palmer Station Weather Highlights:       April  2013

        Temperature:    Abs Max:     7.5 C          Day: 10
                        Abs Min:    -3.7 C          Day: 22
                            Avg:     0.8 C
                        Avg Max:     2.8 C
                        Avg Min:    -0.9 C

        Pressure:       Abs Max:  1003.6 mb         Day: 11
                        Abs Min:   952.8 mb         Day: 6
                            Avg:   983.0 mb
                        Avg Max:   989.3 mb
                        Avg Min:   976.6 mb

        Wind:             Peak:       61 kts        Day: 14
                           Avg:       14 kts
                        Days Prevailing:      N: 8
                                             NE: 8
                                              E: 0
                                             SE: 4
                                              S: 0
                                             SW: 2
                                              W: 6
                                             NW: 2

        Precipitation:  Melted:    126.5 mm         YTD:   358.1 mm
                          Snow:       30 cm         YTD:      52 cm
                Maximum Snowstake Depth:      17 cm Day: 27

============================== Daily Weather Data==============================
Column Titles:
        1. Day                         9. Wind 2-Min Peak(knots)
        2. Temperature High    (C)    10. Wind 2-min Peak Direction(degrees)
        3. Temperature Low     (C)    11. Wind Average(knots)
        4. Temperature Average (C)    12. Wind Prevailing Direction
        5. Pressure High      (mb)    13. Precipitation Melted(mm)
        6. Pressure Low       (mb)    14. Precipitation Snow(cm)
        7. Pressure Average   (mb)    15. Depth at Snowstake(cm)
        8. Wind 5-Sec Peak (knots)    16. Sea Temp/Ice(WMO code)

 1   5.9   0.4   2.8  987.9  970.4  981.0 48 31 029 12 NE  5.1  5   7 000060/6/0
 2   4.2   0.4   1.4  990.3  969.2  981.6 31 25 259 15 W   5.6  1   0 000060/6/0
 3   4.1  -0.2   2.0  983.9  962.2  968.0 51 40 037 19 NE 21.8  0   0 000006/6/0
 4   0.5  -1.5  -0.1  977.3  970.6  975.8 38 28 306 13 W   0.0  1   5 000000/6/0
 5   2.2  -0.8   0.7  976.9  960.3  968.0 59 44 027 20 NE  0.0  0   6 000050/6/0
 6   4.7   0.6   2.0  960.4  952.8  956.2 46 35 037 15 NE  0.5  0   6 000060/6/0
 7   1.6  -1.0  -0.2  972.8  957.2  965.0 31 25 018 11 N   0.0  0   6 000010/6/0
 8   3.6  -1.0   1.0  974.1  970.6  972.4 44 31 357 16 N   4.6  2   8 010060/6/0
 9   3.8   2.6   3.0  979.3  969.9  973.2 50 37 005 25 N   4.1  0   0 010030/6/0
10   7.5   0.6   2.9  983.7  971.3  978.8 48 37 024 12 N   4.3  0   0 000030/6/0
11   2.7  -1.3   0.2 1003.6  974.3  996.4 44 34 028 18 W   0.5  0   1 010040/6/0
12   4.7   1.1   3.7 1003.0  997.4 1000.5 46 36 026 19 N   0.0  0   0 000030/6/0
13   5.0  -1.6   1.0  997.7  995.7  996.6 27 21 023  6 N   3.6  0   0 000020/6/0
14   4.7   0.3   2.6  995.7  979.6  986.3 61 48 040 28 NE 21.1  0   0 000070/6/0
15   0.9  -1.3  -0.3  993.6  983.7  990.1 45 35 020 19 W   2.3  1   3 000030/6/0
16  -0.4  -2.8  -1.3 1000.7  992.4  997.9 33 27 253 13 W   0.0  1   4 010060/6/0
17  -1.1  -2.9  -1.9 1000.3  987.5  995.0 16 14 024  6 NE  0.0  0   4 010020/6/0
18   2.2  -1.5   0.2  987.4  974.1  977.8 11  9 313  3 SE 17.5  0   4 010010/6/0
19   3.9  -0.4   1.3  987.6  975.1  980.3 33 25 355 10 N   1.3  1   5 010030/6/0
20   2.5  -0.7   1.2  998.8  979.2  988.0 38 27 021 17 NW  4.3  1   4 010110/6/0
21   2.7  -1.6   0.1  998.6  983.3  989.0 48 37 019 19 SW  4.8  1   3 010070/6/0
22  -1.5  -3.7  -2.4 1000.1  984.6  993.7 41 32 226 18 SW  0.0  1   4 010050/6/0
23   1.3  -3.1  -0.7  997.1  984.9  989.7 26 18 147  7 SE  8.4  5   9 010010/6/0
24  -0.1  -1.8  -1.1  989.3  985.1  987.6 12 10 123  3 NW  0.0  5  11 010050/6/0
25   0.0  -1.7  -0.9  990.6  982.5  985.4  8  7 122  2 SE  0.0  0  12 010060/6/0
26   3.2  -0.8   0.8  990.8  977.9  984.7 48 39 025 12 SE  2.8  3  16 010010/6/0
27   2.4  -1.9   0.5  997.0  979.6  987.7 29 23 262 11 W   1.8  1  17 010030/6/0
28   5.1  -2.0   2.5  997.2  983.4  991.5 52 40 040 23 NE  2.3  0  14 000030/6/0
29   4.5   1.2   2.5  984.3  975.1  978.8 58 44 042 23 NE  9.4  0   0 000040/6/0
30   1.7  -0.5   0.5  978.6  968.3  973.4 28 22 017  8 N   0.5  1   1 000006/6/0
