Palmer Station Weather Highlights:       December 2013
    
        Temperature:    Abs Max:     8.2 C          Day: 28
                        Abs Min:    -8.9 C          Day: 3
                            Avg:    -0.2 C
                        Avg Max:     2.5 C
                        Avg Min:    -2.4 C
  
        Pressure:       Abs Max:   999.7 mb         Day: 29
                        Abs Min:   965.5 mb         Day: 12
                            Avg:   986.8 mb
                        Avg Max:   989.8 mb
                        Avg Min:   983.7 mb
  
        Wind:             Peak:       47 kts        Day: 29
                           Avg:        5 kts
                        Days Prevailing:      N: 2
                                             NE: 1
                                              E: 5
                                             SE: 3
                                              S: 1
                                             SW: 9
                                              W: 8
                                             NW: 2
  
        Precipitation:  Melted:      7.9 mm         YTD:   562.0 mm
                          Snow:       20 cm         YTD:     336 cm
        Maximum Snowstake Depth:       5 cm         Day: 2
  
  
============================== Daily Weather Data============================
Column Titles:
        1. Day                        10. Wind 2-min Peak Direction(degrees)
        2. Temperature High    (C)    11. Wind Average(knots)
        3. Temperature Low     (C)    12. Wind Prevailing Direction
        4. Temperature Average (C)    13. Precipitation Melted(mm)
        5. Pressure High      (mb)    14. Precipitation Snow(cm)
        6. Pressure Low       (mb)    15. Depth at Snowstake(cm)
        7. Pressure Average   (mb)    16. Sea Surface Temperature    (C)
        8. Wind 5-Sec Peak (knots)    17. Sea Ice(WMO code)
        9. Wind 2-Min Peak (knots)
  
 1  -1.0  -4.6  -2.8  984.7  975.1  980.3 20 14 258  8 W   0.3  1  0.0 -0.5 54792
 2   0.4  -4.4  -2.6  984.8  979.5  983.6 12  9 306  5 NW  1.8  4  5.0 -0.6 54792
 3   0.2  -8.9  -2.9  983.9  977.0  979.4 19 15 120  6 SE  0.0  0  0.0 -0.1 54692
 4   0.8  -8.5  -2.6  992.8  983.9  989.2 10  9 231  3 NW  0.0  0  0.0 -0.9 54692
 5   2.1  -3.1  -0.8  992.7  984.4  988.8  9  7 275  3 W   0.0  0  0.0 -0.4 54691
 6   3.0  -5.6  -0.6  989.4  984.5  986.8  7  7 312  3 SW  0.0  0  0.0 -0.4 54692
 7   2.2  -4.1  -0.9  992.2  988.8  990.1 14 11 223  3 W   0.0  0  0.0  0.1 54692
 8   4.8  -1.7  -0.1  997.1  992.2  995.3 14 12 236  5 SW  0.0  0  0.0  0.0 54692
 9   1.5  -2.7  -1.4  998.6  994.2  997.0 13 10 249  4 W   0.0  0  0.0 -0.3 54692
10   0.3  -2.3  -1.5  994.2  983.5  987.2 12  9 211  4 S   0.0  0  0.0 -0.6 54692
11  -0.1  -2.6  -1.8  983.8  974.3  981.3 12 10 313  5 SW  0.0  0  0.0 -0.7 54642
12   4.4  -2.1   0.9  974.3  965.5  968.3 25 16 133  6 SE  2.5  8  4.0 -1.0 44691
13   4.0  -0.5   1.4  971.0  965.5  968.2 25 19 092  5 W   0.0  0  0.0 -0.9 34691
14   1.6  -1.1  -0.3  977.7  971.0  974.5 13 11 305  5 W   0.0  0  0.0 -0.8 44693
15   2.9  -2.1  -0.8  990.3  977.8  983.4 13  9 288  4 W   1.5  2  1.0 -0.4 54692
16   1.2  -2.8  -1.5  993.7  990.3  992.6 11  8 296  3 W   0.0  0  0.0 -0.7 54692
17  -0.2  -3.0  -1.9  994.2  992.0  992.7 11  9 219  4 SW  0.0  0  0.0 -1.0 54692
18   2.6  -2.6  -1.2  996.2  994.1  995.3  9  7 237  3 SW  0.0  0  0.0 -0.8 44692
19   1.0  -1.7  -0.7  998.0  995.2  996.1 14 12 236  4 SW  0.0  0  0.0 -0.7 44692
20   3.1  -1.9  -0.1  998.9  994.8  997.8 14 11 241  5 SW  0.0  0  0.0 -0.8 34791
21   2.7  -3.3  -0.3  994.8  991.4  992.4 11  9 232  3 SW  0.0  0  0.0 -0.4 53792
22  -0.1  -1.8  -0.9  993.0  991.4  992.1 21 18 238 10 SW  0.0  0  0.0 -1.1 24891
23   1.6  -2.0  -0.9  992.0  981.6  988.1 21 18 234  7 N   1.5  4  0.0 -1.2 24891
24   2.7  -1.7   0.1  981.6  973.9  977.6 30 23 074  7 E   0.3  1  0.0 -0.6 24791
25   4.0   0.1   1.9  974.1  971.7  972.5 33 21 115 12 E   0.0  0  0.0  0.2 25690
26   4.3  -0.6   1.6  978.6  972.6  975.1 15 13 156  7 E   0.0  0  0.0  0.5 25690
27   7.3  -0.5   3.2  989.1  978.6  983.5 19 13 153  5 SE  0.0  0  0.0  0.9 25790
28   8.2   2.3   5.2  997.2  989.0  993.6 19 15 102  8 E   0.0  0  0.0  1.1 25790
29   4.1   0.9   1.7  999.7  996.9  998.8 47 35 023 14 NE  0.0  0  0.0  0.9 0/7/0
30   3.9  -0.9   1.5  999.5  995.5  997.9  7  6 001  3 N   0.0  0  0.0  1.4 0/7/0
31   4.9   0.2   2.5  995.5  989.5  991.7 27 19 099  9 E   0.0  0  0.0  0.9 0/7/0
