********************************************************************************
Palmer Station Weather Highlights:         May 2013

        Temperature:    Abs Max:     5.2 C          Day: 4
                        Abs Min:    -8.7 C          Day: 31
                            Avg:    -1.8 C
                        Avg Max:    -0.2 C
                        Avg Min:    -3.4 C

        Pressure:       Abs Max:  1006.6 mb         Day: 24
                        Abs Min:   962.8 mb         Day: 9
                            Avg:   985.2 mb
                        Avg Max:   989.7 mb
                        Avg Min:   980.3 mb

        Wind:             Peak:       58 kts        Day: 20
                           Avg:        9 kts
                        Days Prevailing:      N: 4
                                             NE: 5
                                              E: 9
                                             SE: 4
                                              S: 1
                                             SW: 6
                                              W: 2
                                             NW: 0

        Precipitation:  Melted:     38.3 mm         YTD:   396.4 mm
                          Snow:       49 cm         YTD:     101 cm
                Maximum Snowstake Depth:      22 cm Day: 9


============================== Daily Weather Data==============================
Column Titles:
        1. Day                         9. Wind 2-Min Peak(knots)
        2. Temperature High    (C)    10. Wind 2-min Peak Direction(degrees)
        3. Temperature Low     (C)    11. Wind Average(knots)
        4. Temperature Average (C)    12. Wind Prevailing Direction
        5. Pressure High      (mb)    13. Precipitation Melted(mm)
        6. Pressure Low       (mb)    14. Precipitation Snow(cm)
        7. Pressure Average   (mb)    15. Depth at Snowstake(cm)
        8. Wind 5-Sec Peak (knots)    16. Sea Temp/Ice(WMO code)



 1  -0.1  -2.4  -1.6  980.7  968.6  973.9 15 13 266  8 W   1.3  5   7 0/6/0
 2   1.3  -4.9  -1.7  983.5  971.6  978.8 46 35 024 12 N   0.0  1   0 0/6/0
 3  -0.4  -3.3  -1.7  995.6  971.7  983.7 41 34 239 19 SW  0.5  0   0 0/6/0
 4   5.2  -4.2  -1.8  996.6  982.9  992.6 39 33 029  6 E   2.8  1   5 0/6/0
 5   4.6   1.4   3.0  983.0  970.2  977.6 43 36 030 12 E   0.3  3   0 0/6/0
 6   2.7  -3.4  -0.6  972.8  970.1  971.3 21 17 072  6 SE  5.1 14   3 0/6/0
 7  -2.6  -5.5  -3.7  971.6  965.8  967.5 18 15 234  7 SE  3.6  6  17 0/6/0
 8  -4.5  -7.7  -5.7  973.5  966.8  971.3 37 28 074  8 E   0.0  0  21 0/6/0
 9   0.2  -5.4  -2.8  968.7  962.8  966.2 45 34 057 15 E   0.0  0  22 0/6/0
10  -1.4  -3.1  -2.1  981.3  968.8  975.5 24 17 079  5 E   0.0  1  20 0/6/0
11  -1.2  -4.6  -3.1  981.6  971.8  978.8 39 29 076  6 NE  0.0  0  22 0/6/0
12   0.8  -1.6  -0.3  975.4  970.4  972.6 34 25 076 12 E   0.0  2  18 0/6/0
13  -0.8  -3.4  -2.0  986.0  975.4  980.0 23 20 230 11 SW  1.5  2  17 0/6/0
14  -1.9  -5.1  -3.9 1005.8  986.0  995.4 27 22 119  8 NE  0.0  0  18 0/6/0
15  -2.4  -4.7  -3.4 1006.3  994.8 1001.9 14 12 120  5 N   0.3  1  18 0/6/0
16  -1.4  -3.3  -2.3  995.0  992.0  993.3 17 13 017  3 E   0.0  1  19 0/6/0
17  -1.8  -3.5  -2.6  994.2  987.6  991.7 15 12 120  4 E   0.5  2  14 0/6/0
18   2.0  -2.5  -0.1  993.7  985.4  987.7 25 21 018  8 SE  2.0  0  12 0/6/0
19   2.9   0.1   2.0  993.7  982.1  986.5 53 41 037 23 NE  7.1  1   4 0/6/0
20   3.3   1.5   2.4  985.0  975.7  980.8 58 42 017 29 N  11.7  1   2 0/6/0
21   2.8   0.3   1.9  982.8  978.6  981.4 34 29 025 16 N   0.0  0   0 0/6/0
22   1.9  -2.6  -0.6  988.5  977.7  981.6 24 19 017  7 NE  0.0  0   0 0/6/0
23  -1.3  -3.2  -2.1  997.1  988.1  991.2 14 12 245  4 SW  0.0  0   0 0/6/0
24  -2.0  -3.2  -2.5 1006.6  997.1 1002.9 15 12 230  5 SW  0.0  0   0 0/6/0
25  -2.6  -4.1  -3.5 1006.3  995.5 1001.1 18 13 213  5 S   0.0  0   0 0/6/0
26  -0.5  -4.2  -2.3 1000.0  994.5  997.9 33 26 120  9 E   0.0  0   0 0/6/0
27  -1.5  -4.0  -3.0 1000.5  998.5  999.6 10  9 032  3 NE  0.0  0   0 0/6/0
28  -1.4  -2.4  -1.9 1002.4  999.5 1001.5 23 19 242  8 SW  0.0  0   0 0/6/0
29  -1.6  -2.8  -2.1 1001.7  993.5  999.0 20 17 246 10 W   0.3  1   1 0/4/0
30  -2.3  -4.1  -3.0  993.5  974.4  982.4 28 23 022  6 SE  1.5  1   2 0/6/0
31  -2.0  -8.7  -5.4  978.7  972.4  974.1 28 22 224 15 SW  0.0  6   9 0/6/0
