Palmer Station Weather Highlights:   July 2013

        Temperature:    Abs Max:     1.2 C          Day: 1
                        Abs Min:   -18.5 C          Day: 30
                            Avg:    -5.1 C
                        Avg Max:    -2.4 C
                        Avg Min:    -7.9 C

        Pressure:       Abs Max:  1022.9 mb         Day: 20
                        Abs Min:   942.4 mb         Day: 25
                            Avg:   983.8 mb
                        Avg Max:   990.6 mb
                        Avg Min:   976.9 mb

        Wind:             Peak:       65 kts        Day: 17
                           Avg:        9 kts
                        Days Prevailing:      N: 9
                                             NE: 5
                                              E: 4
                                             SE: 2
                                              S: 0
                                             SW: 4
                                              W: 6
                                             NW: 1

        Precipitation:  Melted:     29.5 mm         YTD:   450.0 mm
                          Snow:       49 cm         YTD:     190 cm
                Maximum Snowstake Depth:      54 cm Day: 24

============================== Daily Weather Data
==============================
Column Titles:
        1. Day                         9. Wind 2-Min Peak(knots)
        2. Temperature High    (C)    10. Wind 2-min Peak Direction(degrees)
        3. Temperature Low     (C)    11. Wind Average(knots)
        4. Temperature Average (C)    12. Wind Prevailing Direction
        5. Pressure High      (mb)    13. Precipitation Melted(mm)
        6. Pressure Low       (mb)    14. Precipitation Snow(cm)
        7. Pressure Average   (mb)    15. Depth at Snowstake(cm)
        8. Wind 5-Sec Peak (knots)    16. Sea Temp/Ice(WMO code)

 1   1.2  -5.1  -0.7 1004.0  999.5 1001.7 46 36 032 11 NE  0.0  0  27 010150/6/0
 2   0.4  -3.0  -2.0 1000.1  990.6  996.2 27 17 096  3 NE  0.0  0  26 010150/6/0
 3   0.1  -2.7  -1.9  991.0  989.0  989.8 31 20 096  5 E   0.0  0  26 010160/6/0
 4  -2.0  -3.4  -2.6  995.4  990.2  992.6 16 13 021  2 NE  1.3  0  25 010170/6/0
 5  -2.2  -4.4  -2.8  998.3  995.4  997.1 13  9 016  3 W   0.0  3  28 010160/6/0
 6  -2.1  -5.0  -3.1  995.9  981.7  990.2 12  9 013  3 SE  1.3  3  32 01018216/0
 7  -2.5  -5.2  -3.8  983.2  976.8  981.3 17 14 016  4 N   0.0  0  32 010170/6/0
 8  -3.1  -6.6  -4.5  976.8  962.7  970.0 32 25 028 12 N   0.0  2  35 010180/6/0
 9  -3.2  -9.5  -5.7  988.0  962.8  976.0 25 20 157  9 SW  0.0  1  36 010170/6/0
10   0.1 -10.1  -2.9  987.9  971.7  977.3 57 44 035 24 NE  7.4  0  28 010180/6/0
11   0.3  -3.0  -0.7  978.6  969.1  971.6 46 34 020 22 N   1.5  0  26 010170/6/0
12  -3.0  -8.1  -6.4  989.0  978.6  986.1 15 13 307  4 W   0.3  1  38 010180/6/0
13   0.7  -7.4  -4.2  987.3  976.0  980.7 24 20 044  4 N   0.0  0  38 01020216/0
14  -1.9  -4.9  -3.7  981.5  977.2  979.5 21 17 028  4 N   0.0  0  38 0101821600
15   0.6  -3.9  -1.3  979.4  963.6  969.6 55 42 028 24 NE  0.0  0  37 010170/6/0
16  -3.1 -11.4  -8.3  991.5  968.1  979.0 25 22 235 14 SW  0.0  0  36 010190/6/0
17  -2.2 -13.5  -7.2  992.7  976.9  984.7 65 53 039 14 N   0.3  0  37 010190/6/0
18  -3.0  -9.3  -6.7  989.2  979.7  985.3 28 23 223 11 SW  1.0  4  40 0102021601
19  -2.9  -8.0  -4.6 1012.4  975.8  990.9 25 21 159  8 E   0.0  0  37 010190/6/0
20  -1.8  -8.0  -5.9 1022.9 1011.9 1019.5 42 32 028  6 N   0.0  0  36 0102021601
21   0.3  -5.1  -1.5 1012.4  988.6 1000.2 55 43 027  9 SE 10.7  0  34 010180/6/0
22  -1.1  -2.1  -1.7  988.7  976.9  980.8 34 27 243  3 NW  2.3  8  45 010170/6/0
23   0.8  -4.6  -2.0  990.0  975.4  984.7 38 25 240 14 N   0.8  6  46 010180/6/0
24   0.9  -1.9  -0.3  975.4  945.9  963.1 32 26 350 11 N   1.0 10  54 010180/6/0
25   0.9  -4.0  -1.9  954.2  942.4  946.0 32 22 076 10 E   0.3  0  51 010180/6/0
26  -3.9 -11.7  -8.4  980.7  954.3  969.2 32 28 238 16 W   1.3  3  52 010180/6/0
27 -11.6 -15.5 -14.4  983.7  980.6  982.6 30 24 242  9 W   0.0  0  52 01019316/0
28  -7.3 -15.0 -11.0  981.1  974.1  977.1 10  8 105  2 E   0.3  1  52 0102043606
29  -7.1 -17.6 -12.4  994.5  977.5  989.6 19 16 201  6 W   0.0  5  53 0102043606
30 -10.6 -18.5 -14.3 1001.7  989.3  995.5 17 14 211  5 W   0.0  1  50 0102043606
31  -5.9 -17.8 -11.9 1000.3  981.2  988.6 48 38 037 12 SW  0.0  1  46 0102043606
