**********************************************************************************
Palmer Station Weather Highlights:         August 2013

        Temperature:    Abs Max:     1.3 C          Day: 26
                        Abs Min:   -18.7 C          Day: 1
                            Avg:    -6.6 C
                        Avg Max:    -3.6 C
                        Avg Min:    -9.2 C

        Pressure:       Abs Max:  1030.5 mb         Day: 22
                        Abs Min:   960.6 mb         Day: 10
                            Avg:   988.9 mb
                        Avg Max:   994.2 mb
                        Avg Min:   981.9 mb

        Wind:             Peak:       61 kts        Day: 7
                           Avg:       10 kts
                        Days Prevailing:      N: 10
                                             NE: 5
                                              E: 4
                                             SE: 6
                                              S: 1
                                             SW: 2
                                              W: 3
                                             NW: 0

        Precipitation:  Melted:     14.5 mm         YTD:   464.5 mm
                          Snow:       23 cm         YTD:     242 cm
                Maximum Snowstake Depth:      52 cm Day: 12


============================== Daily Weather Data==============================
Column Titles:
        1. Day                         9. Wind 2-Min Peak(knots)
        2. Temperature High    (C)    10. Wind 2-min Peak Direction(degrees)
        3. Temperature Low     (C)    11. Wind Average(knots)
        4. Temperature Average (C)    12. Wind Prevailing Direction
        5. Pressure High      (mb)    13. Precipitation Melted(mm)
        6. Pressure Low       (mb)    14. Precipitation Snow(cm)
        7. Pressure Average   (mb)    15. Depth at Snowstake(cm)
        8. Wind 5-Sec Peak (knots)    16. Sea Temp/Ice(WMO code)

 1  -9.7 -18.7 -15.4 1009.5  990.3 1004.7 24 18 164  9 W   0.0  1  460102084605
 2 -14.5 -17.5 -15.6 1008.0 1005.5 1006.4 20 16 213  6 SW  0.0  0  430102094605
 3 -14.9 -15.9 -15.4 1005.6  992.5  999.3 11  9 195  4 S   0.0  0  410102094605
 4  -3.8 -15.7 -11.8  992.4  977.5  986.2 30 21 345  6 N   0.0  0  410102094605
 5  -0.6 -14.4  -8.4  986.3  969.6  981.4 56 38 017 11 N   0.0  1  420102094605
 6  -0.4 -14.1  -7.5  987.7  967.4  981.6 58 45 249 20 NE  0.0  0  420102094605
 7   0.1  -7.0  -1.7  982.5  969.8  976.0 61 32 018 19 NE  6.4  0  440102094605
 8  -3.0  -9.3  -5.3  984.8  963.8  980.2 58 38 085 14 NE  0.0  0  460102064601
 9  -0.8 -13.7  -6.9  980.8  964.1  973.1 56 43 226 19 SE  0.5  0  450101964601
10   0.9  -2.4  -0.9  967.8  960.6  965.0 43 24 173 15 SE  2.0  7  480101821601
11  -0.8  -6.4  -3.5  967.2  960.8  963.6 39 32 242 13 N   3.6  0  480101821601
12  -5.5  -8.7  -7.3  975.5  967.2  971.2 29 19 263  8 NE  0.0  6  520101921601
13  -7.2 -14.8 -11.4  991.2  975.6  984.5 25 32 207 18 W   0.0  1  500101921601
14  -6.7 -16.9 -12.2  991.1  968.2  982.8 61 39 105 19 SE  0.0  0  480102041603
15  -3.1  -7.0  -5.1  970.5  964.6  966.4 53 46 144 30 SE  0.3  0  430101921601
16  -0.6  -4.8  -2.8  984.2  970.3  979.2 46 32 132 15 SE  0.0  1  390101721601
17  -1.9  -5.9  -4.4  983.3  976.4  978.5 46 35 072 20 E   0.0  0  380101821601
18  -1.2  -6.3  -4.2  992.7  978.4  984.7 38 28 026 14 E   0.0  0  380101821601
19  -3.4  -6.4  -5.0  993.5  984.2  989.6 33 27 120  6 N   0.0  0  380101743603
20  -4.6  -7.5  -6.3 1000.0  982.9  989.1 39 28 123 12 E   0.0  0  370101661600
21  -4.2  -6.4  -5.4 1024.8 1000.0 1013.4 10  7 108  4 NE  0.0  0  370101861600
22  -4.6  -8.2  -6.6 1030.5 1024.8 1028.9 15 12 266  5 W   0.0  1  380101961600
23  -4.7  -8.5  -7.2 1028.6 1025.0 1026.3 13 11 232  3 SW  0.0  0  380101961600
24  -3.5  -7.5  -5.7 1026.0 1019.3 1023.0 11  9 084  1 N   0.0  0  380101861600
25   0.1  -6.6  -3.4 1019.4  995.3 1009.9 45 36 035  6 E   0.0  0  370101861600
26   1.3  -0.8   0.4  995.1  974.0  983.9 35 23 017  3 N   0.5  1  380101761600
27   0.2  -5.8  -2.5  979.9  974.4  977.9 35 25 022  7 N   1.3  2  400101724602
28  -2.1  -6.2  -4.5  984.7  978.6  981.2 14 10 339  1 N   0.0  0  400101824602
29  -4.9  -6.6  -5.8  988.5  985.0  986.6 12  6 025  2 N   0.0  0  400101924602
30  -3.7  -6.0  -5.2  989.5  986.1  988.2 17 12 121  2 SE  0.0  1  400101924602
31  -5.3  -8.0  -7.0  998.3  986.6  993.3 24 16 022  7 N   0.0  1  410102024602
