********************************************************************************
Palmer Station Weather Highlights:       January 2013

        Temperature:    Abs Max:     8.7 C          Day: 8
                        Abs Min:    -0.9 C          Day: 31
                            Avg:     2.3 C
                        Avg Max:     4.3 C
                        Avg Min:     0.8 C

        Pressure:       Abs Max:  1006.7 mb         Day: 1
                        Abs Min:   962.7 mb         Day: 30
                            Avg:   987.2 mb
                        Avg Max:   991.2 mb
                        Avg Min:   983.1 mb

        Wind:             Peak:       42 kts        Day: 19
                           Avg:        7 kts
                        Days Prevailing:      N: 8
                                             NE: 1
                                              E: 3
                                             SE: 6
                                              S: 0
                                             SW: 8
                                              W: 2
                                             NW: 3

        Precipitation:  Melted:     84.3 mm         YTD:    84.3 mm
                          Snow:        5 cm         YTD:       5 cm
                Maximum Snowstake Depth:       1 cm Day: 27


============================== Daily Weather Data==============================
Column Titles:
        1. Day                         9. Wind 2-Min Peak(knots)
        2. Temperature High    (C)    10. Wind 2-min Peak Direction(degrees)
        3. Temperature Low     (C)    11. Wind Average(knots)
        4. Temperature Average (C)    12. Wind Prevailing Direction
        5. Pressure High      (mb)    13. Precipitation Melted(mm)
        6. Pressure Low       (mb)    14. Precipitation Snow(cm)
	7. Pressure Average   (mb)    15. Depth at Snowstake(cm)
        8. Wind 5-Sec Peak (knots)    16. Sea Temp/Ice(WMO code)

 1   3.4   0.7   1.6 1006.7  998.0 1000.4 13 11 304  5 SE  6.1  0   0 000190/6/0
 2   1.8   0.4   0.8  999.0  995.8  997.6 13 10 289  6 NW  4.8  0   0 000090/6/0
 3   5.4  -0.6   2.0  996.0  992.3  994.3 11 10 319  3 N   0.0  0   0 000040/6/0
 4   6.1   0.4   2.8  994.6  991.8  992.8 13 11 338  5 W   0.0  0   0 000070/6/0
 5   5.1   0.5   2.2  995.0  986.4  992.5 23 18 120  4 N   0.0  0   0 000150/6/0
 6   3.9   1.6   2.4  986.4  981.1  983.0 25 19 065  6 NW  0.0  0   0 000190/6/0
 7   6.3   1.2   4.4  981.1  969.9  975.2 41 32 122 18 SE  0.0  0   0 000170/6/0
 8   8.7   2.6   5.0  979.1  971.0  973.9 39 27 105 10 E   0.0  0   0 000090/6/0
 9   7.5   1.7   4.4  986.0  979.1  983.7  7  6 341  2 NE  0.0  0   0 000190/6/0
10   5.6  -0.2   2.8  990.3  986.0  988.5 17 13 011  4 E   0.0  0   0 000180/6/0
11   5.4   0.5   2.5  989.1  976.1  982.0 16 12 147  3 N   0.3  0   0 000220/6/0
12   4.8   1.6   2.4  990.6  976.1  983.2 12 11 256  5 W   0.5  0   0 000230/6/0
13   2.6   0.8   1.7  999.2  990.6  995.9 24 21 236 13 SW  0.0  0   0 000250/6/0
14   2.0   0.6   1.1  998.4  992.5  994.7 18 15 235  9 SW  0.0  0   0 000250/6/0
15   2.2   0.8   1.3  992.7  987.3  989.6 18 15 240  9 SW  0.0  0   0 000230/6/0
16   3.4   0.6   1.5  994.8  987.3  990.7 22 18 227  9 SW  0.0  0   0 000250/6/0
17   4.8   0.6   2.0  995.0  991.9  993.3 11  9 350  2 SW  0.0  0   0 000220/6/0
18   2.3   0.4   1.3 1002.7  992.2  998.2  9  7 121  2 SE  3.3  0   0 000170/6/0
19   5.5   0.6   2.4 1002.1  988.2  993.8 42 33 021  8 N  13.0  0   0 000150/6/0
20   3.6   1.7   2.5  992.5  988.4  990.9 19 15 347  8 N  22.1  0   0 000050/6/0
21   4.5   1.4   2.5  992.6  988.1  990.2 19 16 028  7 SE  9.1  0   0 000080/6/0
22   4.8   1.5   2.8  992.7  988.5  990.2 17 14 126  4 SE  2.5  0   0 000130/6/0
23   2.8   1.0   2.0  998.9  990.1  994.5  8  7 357  3 N   0.0  0   0 000120/6/0
24   2.7   0.1   1.4  998.5  979.0  988.9 22 19 237  8 SW  2.5  0   0 000130/6/0
25   3.5   0.4   1.9  990.5  981.6  986.3 25 18 159  9 SW  0.0  0   0 000210/6/0
26   3.8   0.9   1.9  992.1  988.6  991.1 16 14 241  5 SW  0.0  0   0 000230/6/0
27   3.3  -0.2   1.5  988.7  973.0  980.7 29 20 119  8 SE  9.1  4   1 000180/6/0
28   5.0   0.7   2.6  977.3  971.0  973.3 28 23 013  8 N  10.9  1   0 000060/6/0
29   4.8   2.2   3.5  978.8  963.2  973.0 35 26 074 14 E   0.0  0   0 000160/6/0
30   3.2   1.2   2.1  973.5  962.7  969.6 33 19 103 10 NW  0.0  0   0 000170/6/0
31   3.3  -0.9   1.5  973.5  967.6  970.5 13 11 002  5 N   0.0  0   0 000200/6/0
