********************************************************************************
Palmer Station Weather Highlights:       September 2013

        Temperature:    Abs Max:     4.9 C          Day: 29
                        Abs Min:   -24.7 C          Day: 10
                            Avg:    -7.3 C
                        Avg Max:    -3.7 C
                        Avg Min:   -10.8 C

        Pressure:       Abs Max:  1026.9 mb         Day: 29
                        Abs Min:   965.1 mb         Day: 21
                            Avg:   995.5 mb
                        Avg Max:  1000.6 mb
                        Avg Min:   989.4 mb

        Wind:             Peak:       83 kts        Day: 18
                           Avg:       10 kts
                        Days Prevailing:      N: 8
                                             NE: 2
                                              E: 0
                                             SE: 5
                                              S: 1
                                             SW: 5
                                              W: 5
                                             NW: 2

        Precipitation:  Melted:     15.2 mm         YTD:   479.8 mm
                          Snow:       27 cm         YTD:     250 cm
                Maximum Snowstake Depth:      61 cm Day: 23


============================== Daily Weather Data ==============================
Column Titles:
        1. Day                         9. Wind 2-Min Peak            (knots)
        2. Temperature High    (C)    10. Wind 2-min Peak Direction  (degrees)
        3. Temperature Low     (C)    11. Wind Average               (knots)
        4. Temperature Average (C)    12. Wind Prevailing Direction
        5. Pressure High      (mb)    13. Precipitation Melted       (mm)
        6. Pressure Low       (mb)    14. Precipitation Snow         (cm)
        7. Pressure Average   (mb)    15. Depth at Snowstake         (cm)
        8. Wind 5-Sec Peak (knots)    16. Sea Temp/Ice               (WMO code)

 1  -5.8  -8.8  -7.3 1005.3  998.2 1000.4 10  8 206  2 SW  0.0  0  40 -----246/0
 2  -4.1  -9.7  -7.8 1011.7 1005.3 1009.4  5  4 031  0 NE  0.0  0  40 -----23602
 3  -0.3  -6.2  -2.5 1010.3  993.9 1001.7 33 22 325 10 N   1.5  3  44 -----13606
 4  -0.8  -9.7  -6.0  999.8  983.2  995.8 51 33 030 11 N   0.0  3  48 -----83606
 5  -0.6 -13.3  -8.8 1003.2  981.5  997.1 62 43 313 17 N   0.0  0  48 -----83606
 6   0.4  -3.3  -0.7  998.0  980.8  990.9 52 35 353 22 N   0.3  0  46 -----83606
 7   0.0  -6.7  -4.5  989.8  979.9  987.0 46 34 352  9 W   0.5  1  47 -----83606
 8   0.4 -20.7  -4.2  984.8  966.5  973.8 48 32 025 18 N   0.8  0  48 -----83606
 9 -20.8 -23.9 -22.9  980.9  974.5  976.8 24 16 215 10 SW  0.0  1  48 -----43602
10 -22.0 -24.7 -23.6  985.7  980.9  984.3 24 14 266  7 W   0.0  0  48 -----43602
11 -19.9 -23.2 -21.6  984.3  976.0  979.4 20 12 239  4 W   0.0  0  48 -----53602
12 -16.3 -23.1 -20.5  996.6  984.2  991.4 19 12 225  3 SW  0.0  0  47 -----53602
13 -12.3 -19.1 -17.2  998.1  992.8  996.6 11  7 176  2 S   0.0  0  47 -----53602
14  -8.6 -18.6 -14.5  998.1  990.0  993.5  7  6 159  1 SE  0.0  0  47 -----53602
15  -1.0 -13.2  -7.0 1002.7  998.1 1001.0  9  7 149  1 SE  0.0  0  47 -----53602
16   1.5  -4.6   0.0 1001.1  988.5  996.5 61 45 022 19 N   2.0  0  46 -----53602
17   1.3  -1.2   0.3  997.5  988.2  993.7 61 39 017 24 N   0.0  0  46 -----53602
18   1.8   0.4   0.9  996.0  985.7  990.3 83 49 034 37 NE  3.1  0  46 0101463602
19   1.5 -10.2  -3.1 1001.1  986.5  993.5 49 32 018-   -   0.3  2  50 0101723602
20  -2.2 -10.9  -6.3 1001.7  990.6  997.9 19 15 336-   -   0.0  0  50 0101543693
21  -0.8  -6.3  -3.2  990.5  965.1  974.2 51 43 054 18 W   0.0  0  49 -----23691
22  -1.0  -6.4  -3.7  977.6  974.0  976.0 19 13 328  7 NW  2.3  3  50 0101732692
23  -1.6  -7.8  -4.4  996.1  977.6  988.9 27 21 267  7 W   0.5  7  61 0101653692
24   1.4  -7.2  -2.6  995.6  977.3  987.6 58 46 025 18 SE  0.8  2  59 -----43691
25  -1.1  -7.9  -5.3  995.4  990.7  992.6 21 15 276  4 SW  0.0  0  49 -----54693
26  -4.6 -10.4  -7.3 1013.3  995.4 1004.0 11 10 229  3 SW  0.8  1  49 -----5///6
27  -6.1 -14.1 -10.7 1024.5 1013.2 1019.4 10  8 132  2 SE  0.0  1  43 -----1//96
28   1.1  -8.5  -3.5 1025.6 1024.2 1024.8 13 10 133  3 NW  1.0  3  55 -----44694
29   4.9  -2.3   0.2 1026.9 1025.0 1026.0  9  8 135  3 SE  1.5  0  56 -----34692
30   3.2  -2.9   0.3 1025.0 1013.6 1019.9 26 22 017  5 N   0.0  0  51 -----14692
