********************************************************************************
Palmer Station Weather Highlights:     June 2013

        Temperature:    Abs Max:     3.2 C          Day: 6
                        Abs Min:   -10.1 C          Day: 26
                            Avg:    -3.5 C
                        Avg Max:    -1.5 C
                        Avg Min:    -5.6 C

        Pressure:       Abs Max:  1004.4 mb         Day: 30
                        Abs Min:   948.1 mb         Day: 23
                            Avg:   978.4 mb
                        Avg Max:   983.3 mb
                        Avg Min:   973.0 mb

        Wind:             Peak:       61 kts        Day: 3
                           Avg:       11 kts
                        Days Prevailing:      N: 8
                                             NE: 5
                                              E: 7
                                             SE: 1
                                              S: 0
                                             SW: 8
                                              W: 0
                                             NW: 1

        Precipitation:  Melted:     23.4 mm         YTD:   420.0 mm
                          Snow:       40 cm         YTD:     141 cm
                Maximum Snowstake Depth:      55 cm Day: 13


============================== Daily Weather Data==============================
Column Titles:
        1. Day                         9. Wind 2-Min Peak(knots)
        2. Temperature High    (C)    10. Wind 2-min Peak Direction(degrees)
        3. Temperature Low     (C)    11. Wind Average(knots)
        4. Temperature Average (C)    12. Wind Prevailing Direction
        5. Pressure High      (mb)    13. Precipitation Melted(mm)
        6. Pressure Low       (mb)    14. Precipitation Snow(cm)
        7. Pressure Average   (mb)    15. Depth at Snowstake(cm)
        8. Wind 5-Sec Peak (knots)    16. Sea Ice               (WMOcode)

 1  -5.5  -9.6  -8.8  989.8  978.6  985.5 43 34 020 13 SW  0.0  0   70/6/0
 2  -0.3  -5.7  -2.7  988.6  983.0  987.2 50 38 030 13 N   1.0  2   9346/1
 3   2.4  -0.6   1.0  987.2  979.2  982.9 61 46 031 17 NE  2.8  0   40/6/0
 4   1.7  -1.6  -0.2  993.7  987.1  991.1 26 21 022  9 N   0.0  2   70/6/0
 5   1.1  -3.0  -1.2  994.5  982.3  991.7 25 17 099  7 N   0.0  1   80/6/0
 6   3.2  -0.6   1.3  982.2  971.4  974.4 42 34 029 21 NE  0.5  0   80/6/0
 7   1.3  -3.6  -0.6  981.3  972.6  977.2 42 33 018 13 N   2.5  3  120/6/0
 8  -1.0  -5.4  -3.3  981.3  956.0  972.1 57 45 041 12 E   0.3  3  200/6/0
 9  -0.3  -6.3  -3.2  976.0  954.8  964.4 54 44 039 19 NW  4.6  2  180/6/0
10  -5.2  -8.3  -6.9  983.8  976.0  980.1 26 21 243 13 SW  0.0  1  180/6/0
11  -2.3  -7.7  -4.9  984.4  974.9  979.6 32 22 129  9 SE  0.0  1  190/6/0
12  -0.8  -3.3  -2.1  977.9  970.1  973.4 21 19 234  7 SW  5.6  7  250/6/0
13  -2.4  -6.6  -4.2  990.8  977.8  985.7 22 18 235 10 SW  0.0 15  550/6/0
14   0.2  -5.5  -1.6  989.5  978.8  983.4 53 40 030 16 N   0.0  0  360/6/0
15   1.0  -2.5  -0.9  979.9  969.4  972.7 38 29 018 13 N   4.8  5  400/6/0
16  -1.8  -6.0  -4.0  974.7  967.8  971.8 29 23 074  7 E   0.0  5  430/6/0
17  -1.7  -5.3  -3.2  981.4  967.3  972.5 33 28 042 11 E   0.0  0  360/6/0
18  -4.2  -6.4  -5.2  988.3  981.3  985.8 20 15 138  6 E   0.0  0  350/6/0
19  -2.5  -6.8  -5.1  985.3  971.6  975.6 27 23 029  8 NE  0.0  0  350/6/0
20  -4.7  -7.1  -5.9  973.7  969.7  972.2 14 10 081  3 E   0.0  0  30/6/0
21  -4.5  -7.1  -5.6  971.1  969.6  970.3 21 17 230  8 SW  0.0  0  34216/0
22  -3.8  -7.6  -5.8  971.4  956.9  965.7 27 21 028  8 E   0.0  0  310/6/0
23  -2.9  -5.1  -4.4  964.1  948.1  957.2 30 21 219  7 SW  0.0  0  280/6/0
24  -3.2  -7.5  -5.1  967.6  956.8  965.0 24 20 235  9 SW  0.0  1  290/6/0
25  -5.6  -8.2  -7.0  976.6  966.1  969.3 20 17 251  8 NE  0.0  0  280/6/0
26  -3.7 -10.1  -8.0  979.7  974.3  978.0 31 19 079  4 E   0.3  0  270/6/0
27   0.5  -4.7  -0.7  987.6  971.7  979.8 58 44 031 25 N   0.3  0  270/6/0
28  -0.1  -3.8  -1.9  993.6  987.2  989.2 43 32 026 17 SW  0.3  1  280/6/0
29   0.0  -5.8  -2.1  999.8  993.6  996.9 34 27 025 12 N   0.0  0  270/6/0
30  -1.1  -6.4  -3.4 1004.4  994.8 1000.3 53 41 027 15 NE  0.5  1  280/6/0
