********************************************************************************
Palmer Station Weather Highlights:       March, 2013

        Temperature:    Abs Max:     6.6 C          Day: 20
                        Abs Min:    -2.2 C          Day: 24
                            Avg:     1.4 C
                        Avg Max:     3.5 C
                        Avg Min:     0.0 C

        Pressure:       Abs Max:  1020.9 mb         Day: 13
                        Abs Min:   965.7 mb         Day: 22
                            Avg:   994.5 mb
                        Avg Max:   999.2 mb
                        Avg Min:   989.8 mb

        Wind:             Peak:       56 kts        Day: 31
                           Avg:        8 kts
                        Days Prevailing:      N: 6
                                             NE: 5
                                              E: 2
                                             SE: 6
                                              S: 0
                                             SW: 3
                                              W: 3
                                             NW: 6

        Precipitation:  Melted:     95.5 mm         YTD:   231.6 mm
                          Snow:       14 cm         YTD:      22 cm
                Maximum Snowstake Depth:       7 cm Day: 6


============================== Daily Weather Data==============================
Column Titles:
        1. Day                         9. Wind 2-Min Peak(knots)
        2. Temperature High    (C)    10. Wind 2-min Peak Direction(degrees)
        3. Temperature Low     (C)    11. Wind Average(knots)
        4. Temperature Average (C)    12. Wind Prevailing Direction
        5. Pressure High      (mb)    13. Precipitation Melted(mm)
        6. Pressure Low       (mb)    14. Precipitation Snow(cm)
        7. Pressure Average   (mb)    15. Depth at Snowstake(cm)
        8. Wind 5-Sec Peak (knots)    16. Sea Temp/Ice(WMO code)


 1   1.8   0.5   1.2  993.9  990.3  992.5 18 13 268  6 W   1.5  0   0 010060/6/0
 2   3.0   0.4   1.7  993.2  983.2  989.2 27 21 018 10 N  10.2  1   0 010060/6/0
 3   5.3   1.5   2.5  994.2  987.4  992.0 30 23 031 11 N  18.0  0   0 000020/6/0
 4   6.0   1.6   3.6  987.5  970.6  978.1 50 36 030 22 NW  5.3  0   0 000050/6/0
 5   1.9   0.1   1.4  992.3  983.1  987.6 30 24 337 16 NW  3.1  0   0 000040/6/0
 6   3.3  -0.6   0.8  998.3  992.2  994.7 22 18 339  6 NW  3.6  6   7 000090/6/0
 7   3.1  -0.6   0.6 1002.8  998.3 1001.0 16 12 023  4 N   0.0  0   0 000060/6/0
 8   3.2   0.0   1.1 1004.1 1002.2 1003.2 24 20 038  4 SE  0.0  1   0 000080/6/0
 9   5.4  -0.3   1.2 1010.7 1004.1 1006.2 23 20 021  6 SE  0.0  1   0 000080/6/0
10   2.4  -1.0   0.4 1012.7 1010.7 1011.7 18 14 034  4 NE  0.0  0   0 000110/6/0
11   0.1  -1.2  -0.4 1015.5 1012.6 1014.3 15 12 220  6 SW  0.0  0   0 000040/6/0
12   0.1  -1.5  -0.7 1016.9 1015.0 1016.0 17 14 232  6 SW  0.0  0   0 000110/6/0
13   3.6  -0.9   0.6 1020.9 1015.8 1018.0 11  9 222  3 W   0.0  0   0 000120/6/0
14   3.0  -1.2   1.8 1019.7 1003.7 1011.2 26 20 353  9 N  17.0  0   0 010010/6/0
15   5.3   1.0   2.4 1003.8  989.6  993.8 31 21 001  6 SE  4.6  0   0 010010/6/0
16   2.9  -0.6   0.2 1009.7  993.9 1004.3 13 11 120  4 SW  0.3  0   0 000020/6/0
17   4.7   3.0   3.9 1007.8  995.3 1001.3 33 25 023 18 N   7.1  0   0 000020/6/0
18   5.7   2.9   3.9  996.2  985.1  992.3 41 32 026 13 N  10.4  0   0 000030/6/0
19   3.7   0.6   1.5  990.8  985.3  988.9 16 13 341  4 NW  0.3  0   0 000020/6/0
20   6.6   1.0   4.2  988.2  966.2  974.2 55 44 037 25 NE  4.6  0   0 000070/6/0
21   4.4   0.5   1.7  983.7  971.1  979.7 45 36 335 16 NW  1.0  1   0 000040/6/0
22   5.6   0.8   3.4  982.0  965.7  970.6 48 28 050 13 E   0.0  0   0 000100/6/0
23   1.2  -0.3   0.4  997.1  982.1  992.0 27 24 253 13 W   0.0  0   0 000090/1/0
24   3.5  -2.2   0.0  998.3  996.1  997.4 13  8 353  3 NE  0.0  0   0 000070/6/0
25   4.1   0.0   2.0  996.1  979.4  986.5 35 25 120  7 SE  0.3  0   0 000060/1/0
26   4.3  -0.5   1.8  983.9  979.5  981.2 18 12 126  3 SE  1.5  0   0 000060/6/0
27   1.6  -0.5   0.5  992.0  984.0  988.6 13 10 324  5 NW  0.0  0   0 010000/6/0
28   4.0  -0.7   1.7  991.5  982.9  986.0 25 22 050  6 E   0.8  0   0 000050/6/0
29   1.7  -0.3   0.4  992.3  984.4  987.5 19 15 016  2 NE  3.3  4   4 000020/6/0
30   1.2  -1.0  -0.2  999.9  992.1  997.1 21 17 029  5 NE  0.0  0   0 000000/6/0
31   5.4  -1.2   1.0  999.6  982.2  993.9 56 45 032  7 SE  2.8  0   0 000040/6/0
