Palmer Station Weather Highlights:       August, 2021

        Temperature:    Abs Max:   4.7 C                          Day: 5
                        Abs Min:   -18.3 C                        Day: 19
                            Avg:   -6.6 C

        Pressure:       Abs Max:   1003.5 mb              Day: 22
                        Abs Min:   939.8 mb               Day: 10
                            Avg:   980.2 mb

        Wind:             Peak:    66 kts                         Day: 10
                           Avg:    13.2 kts
                        Days Prevailing:
                                             WSW : 7
                                             NNE : 7
                                             NNW : 5
                                             SW : 3
                                             W : 2
                                             N : 2
                                             SE : 2
                                             E : 1
                                             ESE : 1
                                             NE : 1
                                             SSE : 0
                                             S : 0
                                             SSW : 0
                                             NW : 0
                                             WNW : 0
                                             ENE : 0


        Precipitation: Rainfall:      48.8 mm                     YTD:    731.8 mm
                           Snow:      39 cm                       YTD:     cm
        Maximum Snowstake Depth:      84 cm                       Day: 30

============================= Daily Weather Data =============================
Column Titles:
        1. Day                         9. Wind 5-Sec Peak Direction
        2. Temperature High    (C)    10. Wind Average               (knots)
        3. Temperature Low     (C)    11. Wind Prevailing Direction
        4. Temperature Average (C)    12. Rainfall                   (mm)
        5. Pressure High      (mb)    13. Precipitation Snow         (cm)
        6. Pressure Low       (mb)    14. Depth at Snowstake         (cm)
        7. Pressure Average   (mb)    15. Sea Surface Temperature    (C)
        8. Wind 5-Sec Peak (knots)    16. Sea Ice                    (WMO code)

01      1.2     -2.3    -0.3    977.6   965.1   971.3   47      30      14.3    NNE     1.3     0       52.4    -1.6    1/4/0
02      0.6     -2.3    -0.4    968.8   961.3   966.9   44.1    22      23      NNE     1.8     0       50.8    -1.6    1/6/0
03      -0.1    -4.6    -2.3    983.9   958.3   968.5   34.6    53      16.4    W       0       0       49.4    -1.6    1/6/0
04      -0.9    -6.8    -3.7    988.5   968.3   983.3   52.9    86      14.1    ESE     0       0       49.4    -1.7    1/6/0
05      4.7     -2.5    0.7     974.5   949.1   967.1   50.9    39      15.4    NNE     0       0       46.6    -1.5    1/6/0
06      3.3     -4.5    -1.6    954.7   941     949.8   46.2    26      19.7    NNE     1.3     0       46.6    -1.5    1/6/0
07      -3.6    -5.3    -4.5    971.8   952     959.5   26.2    196     7.4     SW      0       0       46.8    -1.7    1/6/0
08      1       -6.2    -3.4    980     968.8   976.3   36      2       10.3    N       1.5     1       48.2    -1.7    1/6/0
09      1.2     -4.5    0.2     968.9   940     959.9   61.7    7       26.8    N       19.1    13      61      -1.7    1/6/0
10      -1.8    -12.8   -10.4   974.7   939.8   965.9   66.5    248     31.5    WSW     0       0       61.4    -1.8    1/6/0
11      -10.6   -14.1   -12.9   977.5   971.5   975.7   48.6    248     22.8    SW      0       2       63      -1.9    1/6/0
12      -9.8    -15.2   -12.8   971.5   964     967.5   15.7    226     6.2     SW      0       0       63      -1.8    20653
13      -8.9    -11.2   -9.9    988.2   967     977.1   27.3    255     14.1    WSW     0       0       62.8    -1.8    20653
14      -8.3    -13.5   -11     993.9   985.3   989.9   36.2    242     12.9    WSW     0       1       63.4    -1.8    20653
15      -11.1   -15.8   -14.4   989.7   986     988.3   32.3    257     11.8    WSW     0       1       62.4    -1.7    20652
16      -14.4   -18.2   -16.4   989.2   984.8   985.9   22.7    250     12.9    WSW     0       0       62.6    -1.7    51753
17      -16.9   -18.3   -17.7   992     989.2   991     16.1    243     6       WSW     0       0       62.6    -1.7    51753
18      -13     -18.3   -15.4   989.8   983.9   986.7   24.6    244     5.2     W       0       0       62.6    -1.6    51853
19      -14.9   -18.3   -16     996.5   986.9   993.3   19.8    147     5.9     WSW     0       0       63      -1.6    52853
20      -11.6   -16     -14.4   996.4   986.4   991.8   16.2    139     4.3     NNW     0       0       63.2    -1.6    52853
21      -9.9    -14.9   -12.6   1000.5  995.4   998.4   10.3    307     2.5     NNE     0       1       63.8    -1.6    52853
22      -3.8    -10.5   -5.6    1003.5  1000.5  1002.5  10.1    326     2.3     NNW     0       1       65.2    -1.6    52852
23      -2.2    -6.6    -4.3    1002.2  990.6   997.1   20.5    121     3.4     SE      0       1       65.8    -1.6    52851
24      -0.1    -2.9    -1.4    990.8   972.4   981.2   35.9    88      19.3    E       0       0       66.2    -1.6    52852
25      0.3     -6      -3.5    991     973.5   984     25.1    29      7.9     NNW     0.3     0       66.4    -1.6    52852
26      1.2     -3.4    -1.1    995.2   989.8   991.7   23.1    24      6.4     SE      4.1     9       75      -1.7    52851
27      0.8     -3.7    -1.3    995.9   994.1   995.1   24.4    31      8.1     NNE     0.3     0       74.6    -1.7    52851
28      1.6     -1      0.2     994.9   973.8   987.6   49.2    69      24      NE      7.1     3       77.6    -1.7    42851
29      1       -6.1    -2.1    984.1   971.4   977.6   52.4    41      15.3    NNW     5.6     1       79      -1.7    42851
30      0.9     -7      -2      985.7   968.6   981.1   52.3    33      20      NNE     4.1     5       84      -1.6    32751
31      0.6     -6.5    -2.7    978.6   968.1   973.8   49.4    25      20      NNW     2.5     0       83.2    -1.5    22751
