Palmer Station Weather Highlights:       December, 2021

        Temperature:    Abs Max:   4.5 C                          Day: 30
                        Abs Min:   -1.8 C                         Day: 20
                            Avg:   .8 C

        Pressure:       Abs Max:   998.2 mb               Day: 17
                        Abs Min:   955.2 mb               Day: 4
                            Avg:   976.4 mb

        Wind:             Peak:    54 kts                         Day: 19
                           Avg:    14.9 kts
                        Days Prevailing:
                                             NNW : 7
                                             W : 5
                                             NNE : 4
                                             WSW : 4
                                             NW : 3
                                             SE : 3
                                             N : 2
                                             WNW : 2
                                             SSE : 1
                                             SW : 0
                                             S : 0
                                             ENE : 0
                                             E : 0
                                             SSW : 0
                                             NE : 0
                                             ESE : 0


        Precipitation: Rainfall:      124.2 mm                    YTD:     mm
                           Snow:      48 cm                       YTD:     cm
        Maximum Snowstake Depth:      59.4 cm                     Day: 6

============================= Daily Weather Data =============================
Column Titles:
        1. Day                         9. Wind 5-Sec Peak Direction
        2. Temperature High    (C)    10. Wind Average               (knots)
        3. Temperature Low     (C)    11. Wind Prevailing Direction
        4. Temperature Average (C)    12. Rainfall                   (mm)
        5. Pressure High      (mb)    13. Precipitation Snow         (cm)
        6. Pressure Low       (mb)    14. Depth at Snowstake         (cm)
        7. Pressure Average   (mb)    15. Sea Surface Temperature    (C)
        8. Wind 5-Sec Peak (knots)    16. Sea Ice                    (WMO code)

01      3.2     0.7     2.4     975     966.3   970.7   51.9    5       35.9    N       16.5    0       42.8    0.2     0/6/0
02      1.4     0.3     0.8     972.6   962.5   968.4   52.7    12      29.1    NNW     4.1     4       47.2    -0.1    0/6/0
03      3.8     0.2     1.2     980.4   966.7   975.6   39.1    51      20      NW      0       0       47.4    -0.2    0/6/0
04      4       -0.5    1.5     970.8   955.2   961     50.7    37      23.3    NNE     17.8    0       45      -0.2    0/6/0
05      0.2     -0.9    -0.3    984.9   970.7   977.7   27.2    339     15.6    NNW     1.3     14      58.8    -0.4    0/6/0
06      2.8     -1.3    0.6     989.9   980.8   987.2   30.1    27      12.6    W       0.3     1       59.4    -0.3    0/6/0
07      3       0.1     1.1     989     976.2   979.9   23.8    40      6.3     SE      0       0       50.8    -0.2    0/6/0
08      2.9     0       1.8     993.5   986.8   991.1   47.6    17      22.9    N       24.4    0       47.8    -0.6    0/6/0
09      3.3     0.5     1.8     993.2   979     985.2   35.2    25      18.4    NNE     9.1     0       44      -0.4    0/6/0
10      0.8     -0.6    0.2     988.2   979.1   984.4   26.4    302     16.6    WNW     0       0       42.2    -0.3    0/6/0
11      3.8     -0.2    1.2     986.8   979.2   984.3   31.6    23      14.7    NNW     4.8     7       51.4    -0.3    0/6/0
12      3       -0.3    1.4     979.8   972.4   974.4   41.1    24      20.8    NNW     12.4    0       45.6    -0.4    0/6/0
13      0.4     -1.7    -0.6    977.7   972.6   974.9   29.9    247     12.7    W       0       0       43      -0.2    0/6/0
14      1       -0.9    0       977.3   959.7   968     44.9    25      20.7    NW      5.3     7       50.2    -0.3    0/6/0
15      0.3     -0.9    -0.2    965.1   959.3   962.6   31.3    304     15.8    W       0       2       52.2    -0.5    0/6/0
16      0.7     -1.3    -0.3    987.1   964.9   973.6   32.9    251     18      WSW     0.5     0       51.6    -0.3    0/6/0
17      1.2     -0.6    0.2     998.2   987.1   995.3   22.5    227     10.2    WSW     0       1       52.8    -0.2    0/6/0
18      3.9     0.1     1       995.8   972.8   989.8   26.5    212     6.8     NNW     3.3     0       47.8    -0.2    0/6/0
19      3.5     -1      0.3     973.7   965.2   969     54.3    28      20.4    WSW     2.5     4       52.2    -0.2    0/6/0
20      1.1     -1.8    -0.5    973.5   971.7   972.4   23.6    250     11      W       0.3     0       49.6    -0.2    0/6/0
21      0.8     -1.5    -0.3    974.3   970.8   971.6   15.1    274     6.8     W       0.3     1       50.2    -0.2    0/6/0
22      1.7     -0.4    0.6     981.5   966.8   977.2   34.1    23      16.9    NNE     5.6     0       46.6    -0.2    0/6/0
23      1.1     0       0.3     978.7   965.8   972.6   34.3    22      17.1    WNW     4.6     7       53.6    -0.2    0/6/0
24      3.6     -0.8    1.2     980.2   970.4   977.1   32.2    22      13.4    NNW     1       0       50.8    -0.2    0/6/0
25      3       0.3     1.4     973.1   969.7   971.6   38      26      6.7     SE      7.4     0       47.6    -0.2    0/6/0
26      4.3     0.7     2.6     972.2   966.2   968.4   38.3    6       12.2    NNE     2       0       45.2    -0.2    0/6/0
27      3.2     -0.1    1.6     974.9   967.6   970.3   15.7    38      3.5     SSE     0.5     0       40.4    -0.2    0/6/0
28      0.3     -1.1    -0.3    986.2   974.9   980.1   17.6    234     8.7     WSW     0.3     0       39.2    -0.2    0/6/0
29      2.6     -0.3    0.7     988.5   974     985     25.5    164     6.2     NW      0       0       38.4    -0.2    0/6/0
30      4.5     -0.2    2.7     975.9   968.5   971.3   30.4    135     15      SE      0                       -0.2    
31      4       0.1     2.1     978.2   975.9   977.3   10.8    254     2.6     NNW     0       0       36.6    -0.2    0/6/0
