Palmer Station Weather Highlights:       June, 2021

        Temperature:    Abs Max:   5.4 C                          Day: 9
                        Abs Min:   -10.3 C                        Day: 6
                            Avg:   -2.6 C

        Pressure:       Abs Max:   1010 mb                Day: 15
                        Abs Min:   962.6 mb               Day: 9
                            Avg:   990.8 mb

        Wind:             Peak:    55 kts                         Day: 16
                           Avg:    10.8 kts
                        Days Prevailing:
                                             SE : 5
                                             NNW : 4
                                             NE : 4
                                             SW : 4
                                             NNE : 3
                                             ESE : 3
                                             WSW : 3
                                             W : 1
                                             NW : 1
                                             SSW : 1
                                             N : 1
                                             SSE : 0
                                             E : 0
                                             S : 0
                                             WNW : 0
                                             ENE : 0


        Precipitation: Rainfall:      62.5 mm                     YTD:    656.6 mm
                           Snow:      42 cm                       YTD:     cm
        Maximum Snowstake Depth:      30.2 cm                     Day: 29

============================= Daily Weather Data =============================
Column Titles:
        1. Day                         9. Wind 5-Sec Peak Direction
        2. Temperature High    (C)    10. Wind Average               (knots)
        3. Temperature Low     (C)    11. Wind Prevailing Direction
        4. Temperature Average (C)    12. Rainfall                   (mm)
        5. Pressure High      (mb)    13. Precipitation Snow         (cm)
        6. Pressure Low       (mb)    14. Depth at Snowstake         (cm)
        7. Pressure Average   (mb)    15. Sea Surface Temperature    (C)
        8. Wind 5-Sec Peak (knots)    16. Sea Ice                    (WMO code)

01      -4.9    -6.4    -5.5    1005.5  999.2   1002.7  15.7    228     6.5     SW      0       0       11.8    -0.9    1/4/0
02      -4      -7.2    -5.8    999.2   997.2   998.5   19.7    15      4.7     NE      0       0       11.8    -1.1    1/4/0
03      -4.2    -6.6    -5.4    997.3   994.9   996.1   15.7    246     3.8     SW      0       0       11.8    -1.1    1/4/0
04      -5.3    -6.8    -6.2    996.3   994.1   994.9   18.7    218     7.6     WSW     0       0       11.8    -1.2    1/4/0
05      -6.4    -8      -7.2    997     995.5   996.3   13.1    259     3.8     WSW     0       0       11.8    -1.4    1/4/0
06      -6.5    -10.3   -8.1    997.2   994.5   995.7   14.3    119     5       ESE     0       0       11.8    -1.2    1/4/0
07      -5.8    -9.3    -7.6    997.2   992.1   995.6   27.1    24      8.1     NNE     0       0       11.8    -1.3    1/4/0
08      1.6     -8.6    -3.1    992.2   974.4   984     40.1    60      13.9    SE      0       2       13.4    -1      1/4/0
09      5.4     -0.6    1.3     974.6   962.6   965.9   37.4    82      10.6    NNW     0       0       12.4    -0.7    1/4/0
10      -0.2    -3.9    -1.4    984.6   966.8   975.8   25.8    251     11.3    NNW     0       12      24.8    -0.8    1/4/0
11      -3.7    -7.9    -4.8    990.8   984.6   988.5   19.7    229     7.2     WSW     0       0       22.4    -1.2    1/4/0
12      3       -7.5    -0.9    992.4   987     989.1   36.1    39      13.4    NE      0.8     0       22.2    -1.1    1/4/0
13      1.9     -1.9    -0.1    995.7   991     994     46.4    41      13.9    ESE     1       0       20.4    -0.8    1/4/0
14      -0.8    -4.2    -2      1007.1  995.4   999.3   24.7    251     7.4     SW      0.8     1       21.8    -0.9    1/4/0
15      1.4     -5.9    -3.6    1010    1003.1  1007.7  34.1    36      6.7     SE      0.5     0       21.8    -1      1/4/0
16      2.8     -1.4    1.7     1003.6  987     996.6   55.4    15      25      N       21.6    0       12.2    -0.9    1/4/0
17      1.5     -4.1    -1      992.6   985.6   989.4   48.3    348     17.1    NW      2.8     1       12.8    -1.1    1/4/0
18      -3.2    -5.9    -4.4    999.1   992.4   996.5   19.3    228     7.1     SW      0.3     4       16.8    -1      1/4/0
19      -4.8    -7.4    -5.8    998.9   988.2   993.4   12.8    48      4.7     ESE     0       0       16.8    -1.1    1/4/0
20      -4.1    -7.7    -5.1    992.8   988.1   990.1   23.1    208     8.9     SSW     0       0       16.2    -0.9    1/4/0
21      1.8     -7.1    -2      992.7   967.3   982.2   37.2    140     13.9    SE      1       2       18.2    -1      1/4/0
22      2       -2.1    -0.3    983.6   967.5   980.2   36.1    1       12.6    NNE     9.1     8       26.2    -1.3    1/4/0
23      0.1     -3.3    -2.2    991.2   982.9   987.1   20.9    44      7       NE      0.3     3       29.6    -1.4    1/4/0
24      1       -2.7    -1.6    996     991     994.4   20.7    117     3.1     SE      0       0       29.6    -1.3    1/4/0
25      1.6     -1.1    0.3     994     983.2   989.9   48.5    25      24.5    NNE     0       0       29      -1.3    1/4/0
26      -0.4    -3.2    -1.4    999.5   983.2   993.2   40.7    25      13.7    W       0       0       28.2    -1.2    1/4/0
27      4       -3.2    0.7     997.2   971.5   983.2   51.9    31      19.7    SE      14.5    0       24.8    -1.1    1/4/0
28      2       -0.3    0.7     991     978.2   983.7   40      346     22      NNW     2.3     0       21.4    -1      1/4/0
29      1.3     -1.5    0.1     1000.2  991     997.4   28.2    12      7.8     NNW     7.6     9       30.2    -1.3    1/4/0
30      4.2     -1.3    1.6     994.7   979     983.2   46.8    43      12.9    NE      0       0       27.8    -1.1    1/4/0
