  Palmer Station Weather Highlights:       March, 2021

        Temperature:    Abs Max:   6.5 C                          Day: 10
                        Abs Min:   -5.2 C                         Day: 22
                            Avg:   .8 C

        Pressure:       Abs Max:   1004 mb                Day: 24
                        Abs Min:   948.3 mb               Day: 11
                            Avg:   979.9 mb

        Wind:             Peak:    48 kts                         Day: 4
                           Avg:    12.4 kts
                        Days Prevailing:
                                             NNE : 7
                                             NNW : 5
                                             WSW : 3
                                             SW : 3
                                             ESE : 3
                                             NE : 2
                                             SE : 2
                                             N : 2
                                             W : 1
                                             SSW : 1
                                             WNW : 1
                                             E : 1
                                             SSE : 0
                                             NW : 0
                                             ENE : 0
                                             S : 0


        Precipitation: Rainfall:      105.9 mm                    YTD:    326.4 mm
                           Snow:      23 cm                       YTD:     cm
        Maximum Snowstake Depth:      7 cm                        Day: 23

============================= Daily Weather Data =============================
Column Titles:
        1. Day                         9. Wind 5-Sec Peak Direction
        2. Temperature High    (C)    10. Wind Average               (knots)
        3. Temperature Low     (C)    11. Wind Prevailing Direction
        4. Temperature Average (C)    12. Rainfall                   (mm)
        5. Pressure High      (mb)    13. Precipitation Snow         (cm)
        6. Pressure Low       (mb)    14. Depth at Snowstake         (cm)
        7. Pressure Average   (mb)    15. Sea Surface Temperature    (C)
        8. Wind 5-Sec Peak (knots)    16. Sea Ice                    (WMO code)

01      2.2     -0.1    1.4     988.4   976.5   984.2   34.4    24      17.8    W       0       0       0       1.4     //4//
02      2.7     0.5     2.1     989.9   979.4   982.7   38.5    7       22.6    NNW     19.1    0       0       1.1     //4//
03      2.6     -1.3    1.2     1001.6  989.9   997.4   41.8    29      18.7    NNE     3.3     2       2.2     0.9     //4//
04      4       0.5     2.3     994.2   984     988.8   47.7    29      22.4    NNE     14      0       0       1.1     //4//
05      2.8     0.4     1.4     989.9   966.4   974.1   30.2    134     11.9    SE      13.2    0       0       1.1     //4//
06      3.9     1.4     2.6     974     965     970.9   30.2    77      14.2    N       1.5     0       0       1       //4//
07      4       1.3     2.5     970.4   961.3   964.2   41.6    21      20.8    E       7.6     0       0       1.3     //4//
08      3.6     0.1     1.7     979.6   970.2   977.2   31.4    340     13      N       0       4       4       1.3     //4//
09      3.7     -0.2    1.9     976.6   967.6   970.8   35.2    25      18.5    NNE     0.8     0       0       1.5     //4//
10      6.5     1.6     3.7     972.1   950.5   962.6   30.1    146     10.6    SE      1.3     0       0       1.5     //4//
11      3.3     1.3     2.2     961.8   948.3   954.1   31.3    50      9.5     NNE     0       0       0       1.4     //4//
12      3.3     0.4     1.4     964.1   949.7   958.2   32      53      11      ESE     0.5     0       0       1.2     //4//
13      2       -0.6    0.5     985.1   949.2   966.4   40.2    241     17.7    WSW     1       4       3.8     1.3     //4//
14      0.4     -1      -0.4    999.5   985     994.8   37.9    223     15.4    SW      0       0       0       1.3     //4//
15      3.4     -0.4    1.3     998.2   969.3   984.4   34.3    115     11.4    ESE     0.5     0       0       1.2     //4//
16      1.5     0       0.8     982.5   969.2   975.8   29.5    234     11.1    WSW     3       0       0       1       //4//
17      1.5     -1      0.7     982.9   960.8   970.5   37.3    289     15.7    NNE     9.4     3       3.4     0.7     //4//
18      0.9     -2.1    -0.6    963.5   959.2   961.6   33.4    299     17.4    WNW     0.3     1       4.2     0.4     //4//
19      -0.6    -2.4    -1.5    962.1   954.7   957.6   19.4    200     8.7     SSW     0       0       4       0.5     //4//
20      -0.8    -2.2    -1.5    974.5   961.9   969.5   23.1    222     11.5    SW      0       0       3.2     0.7     //4//
21      -0.2    -3.5    -1.8    995.1   972.9   982.5   19.6    248     5.4     SW      0       0       3.2     0.5     //4//
22      -0.9    -5.2    -2.6    996.7   992.8   995.1   11.2    85      3.1     NE      0       0       2.4     0.1     //4//
23      0.2     -2.4    -1.1    1002.9  992.4   997.7   16.9    104     2.9     NNE     2       5       7       -0.1    //4//
24      -0.4    -2.4    -1      1004    1002.1  1003.3  18.8    314     5.8     NNW     0       0       5.4     -0.2    //4//
25      -0.5    -2.8    -1.7    1002.1  986.7   995.6   23.8    117     7.2     NNE     0       0       3.8     0.5     //4//
26      2.7     -1.5    0.7     990.2   984.1   986.9   20.7    110     3.9     NNW     0       0       3.6     0.5     //4//
27      5.2     0.4     3.1     989.8   982.7   985.4   47.3    23      15.1    NE      2       0       0       0.8     //4//
28      5.3     -0.6    1.3     990.3   979.1   984.5   18.3    188     6       WSW     11.9    4       4       0.9     //4//
29      2.7     -1.2    1.2     997.2   986     992.7   30.6    34      9.6     NNW     0.3     0       2       0.7     //4//
30      5.1     0       1.8     998.4   983.7   990.3   32.1    258     12.7    ESE     5.8     0       0       0.6     //4//
31      3.9     -0.7    1.6     1000.3  994.6   998.4   34.2    2       13.2    NNW     8.4                     0.6 7    Pressure               (kPa)           114.473	

