******************************************************************************
Palmer Station Weather Highlights:       November, 2021

        Temperature:    Abs Max:   6.2 C 			 Day: 30
                        Abs Min:   -4.4 C 			 Day: 22
                            Avg:   .4 C

        Pressure:       Abs Max:   1001 mb 		 Day: 1
                        Abs Min:   957.7 mb 		 Day: 20
                            Avg:   980 mb

        Wind:             Peak:    68 kts 			 Day: 9
                           Avg:    15.1 kts
                        Days Prevailing:
                                             NNE : 10 
                                             SW : 5 
                                             NNW : 3 
                                             ESE : 3 
                                             NW : 2 
                                             W : 2 
                                             E : 1 
                                             WNW : 1 
                                             N : 1 
                                             SE : 1 
                                             NE : 1 
                                             SSW : 0 
                                             WSW : 0 
                                             ENE : 0 
                                             S : 0 
                                             SSE : 0 


        Precipitation: Rainfall:      122.7 mm 			 YTD:	 mm
                           Snow:      11 cm 			 YTD:	 cm
        Maximum Snowstake Depth:      100 cm 			 Day: 1

============================= Daily Weather Data ============================= Column Titles:
        1. Day                         9. Wind 5-Sec Peak Direction 
        2. Temperature High    (C)    10. Wind Average               (knots)
        3. Temperature Low     (C)    11. Wind Prevailing Direction
        4. Temperature Average (C)    12. Rainfall                   (mm)
        5. Pressure High      (mb)    13. Precipitation Snow         (cm)
        6. Pressure Low       (mb)    14. Depth at Snowstake         (cm)
        7. Pressure Average   (mb)    15. Sea Surface Temperature    (C)
        8. Wind 5-Sec Peak (knots)    16. Sea Ice                    (WMO code)

01	3	-1.5	1.2	1001	992.7	996.3	40.4	43	15.3	NNE	3.8	0	100	-1	0/6/0 
02	4.4	-0.5	2.5	995.5	975.6	987.3	49.2	20	21.6	NNE	4.6	0	94.8	-0.8	0/6/0 
03	2.5	-1.2	0.2	985.7	976.5	981.9	44.7	19	13.1	NNE	0.5	0	90.8	-0.7	0/6/0 
04	3.4	0.5	2.2	976.6	970.1	973	36.7	27	13.9	NNE	0.3	0	89.4	-0.7	0/6/0 
05	3.3	-0.9	0.1	979.8	970.4	975.7	25.3	25	11.1	WNW	0.3	2	91	-0.7	0/6/0 
06	0.7	-1.2	-0.3	991.8	966.7	978.2	18.2	244	6.5	W	0.5	0	88.4	-0.6	0/6/0 
07	2.6	-2.4	-0.3	995.2	991.8	994.2	29	23	8.9	NNE	0.3	0	86.6	-0.6	0/6/0 
08	4.1	1.9	2.8	994.4	986.6	991	38.7	12	23.9	NNE	1	0	85.2	-0.5	0/6/0 
09	3.9	0.9	2.2	990.8	970.5	985.3	68.4	39	29.5	NNE	38.4	0	78.4	-0.5	0/6/0 
10	2.6	0.8	1.7	987.3	969.8	980.3	64.8	23	30.4	NNE	4.3	0	73.8	-0.6	0/6/0 
11	2.1	0.6	1.6	986.8	974.1	980.4	62.2	22	36.6	NNE	29.7	0	67.8	-0.6	0/6/0 
12	1.8	0.5	1.1	991.7	984.2	988.9	47.3	354	25.7	NNW	3	0	65.8	-0.8	0/6/0 
13	2.2	-0.2	1.3	987.8	976.3	981	57.1	2	31.4	N	22.1	0	60.4	-0.8	0/6/0 
14	2.1	-1.6	0.2	987.3	977.3	983.3	34.9	15	10.3	W	1	0	59.6	-0.6	0/6/0 
15	0.9	-2	-0.9	987.4	978.7	984.6	19.8	145	9.4	SW	0.3	0	59.6	-0.4	0/6/0 
16	1.6	-0.8	0.2	978.7	963.9	972.6	30.6	344	13.8	NNW	1.5	3	62.6	-0.2	0/6/0 
17	-0.3	-2.1	-1.2	971.4	961.7	965.2	22.5	225	13	SW	0	0	60.6	-0.2	0/6/0 
18	-0.5	-3.1	-1.8	980.2	971.4	977.2	18.5	234	5.8	SW	0	0	60.4	0	0/6/0 
19	-1.5	-4	-2.6	977.6	959	966	33.6	117	11.8	ESE	0	0	60.2	0	0/6/0 
20	1	-2.4	-0.8	967.2	957.7	960.8	21.8	222	10.4	E	0	1	60.8	-0.1	0/6/0 
21	-1.4	-3.3	-2.3	973.4	967.2	970.2	25.5	226	12	SW	0	1	61.6	0	0/6/0 
22	-2.2	-4.4	-3.3	985.6	973.3	979.4	22.7	224	12.3	SW	0	0	60.6	0.1	0/6/0 
23	-0.1	-3.2	-1.8	986.3	984.8	985.6	12.2	231	4.4	NW	0	0	59.8	0.3	0/6/0 
24	-0.3	-1.2	-0.9	988.7	985.4	986.9	8	306	2.7	NW	0	2	61.8	0.2	0/6/0 
25	2.3	-1.1	0.3	988.5	982.6	986.4	17.8	145	5.9	SE	0	0	61.2	0.2	0/6/0 
26	4.3	0.3	2.4	983.2	974.9	980.3	44.6	40	21.7	NNE	6.4	0	59.4	0.1	0/6/0 
27	2.4	-0.4	0.6	984.2	975.3	978.7	35	24	21.1	NNW	4.1	0	59.4	0	0/6/0 
28	3.7	-0.5	1.4	985.6	969.3	978.5	24.7	76	13	ESE	0.8	2	61	-0.2	0/6/0 
29	4.9	1.5	2.8	977.3	966.3	969.8	28.8	102	7.7	ESE	0	0	55.8	0.1	0/6/0 
30	6.2	0.1	2.6	985.3	974.9	981.9	45.5	58	10.5	NE	0	0	51.4	0.4	0/6/0 

