Palmer Station Weather Highlights:       May, 2021

        Temperature:    Abs Max:   7.8 C                          Day: 18
                        Abs Min:   -11.7 C                        Day: 2
                            Avg:   -1.8 C

        Pressure:       Abs Max:   1018 mb                Day: 17
                        Abs Min:   960.4 mb               Day: 12
                            Avg:   989.9 mb

        Wind:             Peak:    62 kts                         Day: 12
                           Avg:    15 kts
                        Days Prevailing:
                                             NNE : 6
                                             N : 5
                                             ESE : 4
                                             NNW : 4
                                             SE : 4
                                             SW : 4
                                             NE : 1
                                             E : 1
                                             SSW : 1
                                             WSW : 1
                                             S : 0
                                             W : 0
                                             SSE : 0
                                             WNW : 0
                                             ENE : 0
                                             NW : 0


        Precipitation: Rainfall:      143 mm                      YTD:    594.1 mm
                           Snow:      25 cm                       YTD:     cm
        Maximum Snowstake Depth:      19.2 cm                     Day: 7

============================= Daily Weather Data =============================
Column Titles:
        1. Day                         9. Wind 5-Sec Peak Direction
        2. Temperature High    (C)    10. Wind Average               (knots)
        3. Temperature Low     (C)    11. Wind Prevailing Direction
        4. Temperature Average (C)    12. Rainfall                   (mm)
        5. Pressure High      (mb)    13. Precipitation Snow         (cm)
        6. Pressure Low       (mb)    14. Depth at Snowstake         (cm)
        7. Pressure Average   (mb)    15. Sea Surface Temperature    (C)
        8. Wind 5-Sec Peak (knots)    16. Sea Ice                    (WMO code)

01      -0.3    -6.8    -1.9    983.4   969.4   975.3   30.4    331     15.9    NNW     1       7       16.2    -0.8    10400
02      -5.9    -11.7   -8.5    981.8   967.9   974.2   44.4    124     17.5    SW      0.3     0       15.8    -0.5    10400
03      -4.7    -6.5    -5.4    988.8   981.7   985.9   25.9    235     9.8     SW      0       0       17      -0.5    10400
04      -2.9    -6.2    -4.2    989.1   983.2   986     13.6    135     4       SE      0       1       17.2    -0.8    10400
05      -1.6    -3      -2.3    1002.6  985.7   994.9   7       328     2       NE      0.3     0       18.2    -0.4    10400
06      -0.9    -2.3    -1.5    1003    997.2   1001.1  9.4     301     4.3     NNW     0.3     0       18.2    -0.6    10400
07      3.3     -1.4    0.4     997.2   983.6   991     21.7    119     4.5     SE      2.8     1       19.2    -0.5    10400
08      3.5     1.3     2.4     983.9   974.3   980.2   49.7    353     23.2    N       15      0       12.2    -0.6    10400
09      2.3     -3      -0.4    985.1   973.7   978.4   40      4       14.7    NNW     3       1       13.2    -0.7    10400
10      2.7     -3.5    -0.4    987.9   976.5   984.7   48.7    334     17.6    N       3.6     0       11.4    -0.6    10400
11      5.3     -1.6    1.1     983.7   968.9   978.4   50.8    353     16.3    N       20.1    0       7       -0.3    10400
12      4.3     2.1     3       974.2   960.4   967.4   62.3    35      36.6    NNE     48.5    0       0       0       10400
13      2.8     -0.7    1       987.8   971.4   979.7   43.5    11      26.2    NNE     6.4     0       0       -0.1    10400
14      3.3     1.3     2.5     1000    985.3   992     52.5    21      34      N       25.1    0       0       -0.3    10400
15      7.3     0.7     3.4     1012.6  999.2   1007.9  42.6    23      14.1    NNE     0       0       0       -0.2    10400
16      7       1.1     5.2     1016.6  1012.1  1014    42.4    33      20.9    NNE     0       0       0       -0.2    10400
17      7.7     1       4       1018    1011    1015.1  38.3    20      12.4    NNE     0       0       0       -0.1    10400
18      7.8     2.5     4.1     1012.7  1003.2  1009.4  40.4    25      10.4    ESE     0       0       0       -0.1    10400
19      7.4     -0.9    1.9     1003.8  997.3   1000.3  47.4    28      16.7    N       3       0       0       -0.2    10400
20      1.5     -0.4    0.7     1003.5  994.3   999.7   30.3    351     16.9    NNW     6.6     7       7       -0.5    
21      1.4     -2      -1      1000.6  990     993.9   35.5    9       19.3    WSW     2.5     1       8.2     -0.7    
22      -1.5    -3      -2.1    1003.9  995.9   1001.4  21.4    251     9.2     SW      0       0       7.6     -0.7    
23      1       -4.2    -0.7    996     971.6   980.5   44      353     18.5    NNE     4.6     4       12      -0.7    
24      -3.7    -6.2    -5.2    971.7   965.8   967.8   30.8    229     17.4    SW      0       3       15      -0.8    
25      -5.8    -8.9    -7.5    980.4   967.4   974.3   36      131     20.2    SE      0       0       15      -0.5    
26      -8.4    -10.6   -9.4    986     980.4   984     32.3    131     16.1    ESE     0       0       14.8    -0.4    
27      -4.1    -11     -7      985.8   982.3   983.8   31.2    150     12.8    ESE     0       0       14.8    -0.4    
28      -3.9    -7.2    -5.3    995.5   982.6   988.1   20.3    77      6.4     E       0       0       14      -0.7    
29      -6.3    -9.7    -7.9    997     995.1   996     25.7    129     10.4    ESE     0       0       12.6    -0.8    
30      -6.7    -10.5   -8.5    1001.1  994.5   996.8   28.6    140     10.1    SE      0       0       11.8    -0.7    
31      -5      -7.6    -5.7    1005.8  1001    1003.8  13.1    242     5.7     SSW     0       0       11.8    -0.9   
