Palmer Station Weather Highlights:       January, 2021

        Temperature:    Abs Max:   8.6 C                          Day: 2
                        Abs Min:   -1 C                   Day: 30
                            Avg:   2.2 C

        Pressure:       Abs Max:   1002.3 mb              Day: 15
                        Abs Min:   958.2 mb               Day: 31
                            Avg:   982.2 mb

        Wind:             Peak:    53 kts                         Day: 20
                           Avg:    10 kts
                        Days Prevailing:
                                             SE : 8
                                             NNW : 5
                                             N : 4
                                             ESE : 3
                                             SW : 3
                                             NE : 2
                                             NNE : 2
                                             WNW : 2
                                             WSW : 1
                                             S : 1
                                             W : 0
                                             SSE : 0
                                             SSW : 0
                                             ENE : 0
                                             NW : 0
                                             E : 0


        Precipitation: Rainfall:      72.4 mm                     YTD:    72.4 mm
                           Snow:      7 cm                        YTD:     cm
        Maximum Snowstake Depth:      21 cm                       Day: 1

============================= Daily Weather Data =============================
Column Titles:
        1. Day                         9. Wind 5-Sec Peak Direction
        2. Temperature High    (C)    10. Wind Average               (knots)
        3. Temperature Low     (C)    11. Wind Prevailing Direction
        4. Temperature Average (C)    12. Rainfall                   (mm)
        5. Pressure High      (mb)    13. Precipitation Snow         (cm)
        6. Pressure Low       (mb)    14. Depth at Snowstake         (cm)
        7. Pressure Average   (mb)    15. Sea Surface Temperature    (C)
        8. Wind 5-Sec Peak (knots)    16. Sea Ice                    (WMO code)

01      4.5     0.6     2.3     984.9   980.8   983.6   15.2    142     3.7     SE      0       0       21      1       //6//
02      8.6     1.2     3.6     980.8   963.9   969.7   26.4    145     6.7     SE      0.8     0       18.6    1.5     //6//
03      3.7     0       1.7     977.6   964     968.7   20.9    333     6.2     NNW     3.6     0       17.2    1.3     //6//
04      3.1     -0.3    1.3     985.6   977.6   982.8   18.1    247     7.3     WNW     0.5     1       18.6    1.3     //6//
05      4.6     0.9     3       985.3   979.4   982.4   39      21      11.8    SE      1       0       14.6    1.3     //4//
06      4       1.6     2.7     988.9   983.1   986.8   32.5    349     17.3    NNW     0.5     0       10.8    1.2     //4//
07      5.8     1.7     3.7     988.1   974.2   980.7   41.5    28      17.7    NNE     0.3     0       9.2     0.9     //4//
08      4.9     0.7     2.3     977.8   967.4   972.7   42.3    40      20.1    N       1.3     0       8       1.1     //4//
09      5       0.5     2.4     980.6   977.4   979.3   30.9    140     8.9     SE      0       0       7.2     1.2     //4//
10      3.7     0.9     2.4     984.9   977.4   982.4   28.6    93      8.6     SE      0.3     0       6.4     1.3     //4//
11      3.8     0.2     1.4     985.1   981.5   982.9   18.3    194     8       S       1       0       6       1.5     //4//
12      2.8     0.2     1.4     990.9   983.3   987.1   24.1    235     9.4     SW      0       0       5.6     1.6     //4//
13      3       0.4     1.5     990.6   972.6   984     50.2    31      14      NNE     4.6     0       5.2     1.5     //4//
14      2.1     -0.6    0.9     991.6   970.1   978.2   33.5    232     18.4    SW      3.8     3       8.6     1.3     //4//
15      2.6     -0.2    0.9     1002.3  991.6   999.3   29.4    215     11      SW      0       0       4.6     1.4     //4//
16      3.6     0.2     2       1000.7  987.1   991.5   38.1    34      11.7    NE      8.1     0       2       1.3     //4//
17      4.4     1       2.3     988.5   985.8   987.1   21.6    32      4.4     NNW     4.1     0       1.6     1.2     //4//
18      5.8     0.7     3       988.3   986.9   987.5   10.4    106     2.4     ESE     0       0       1.6     1.3     //4//
19      5.6     1.5     3.6     995.2   987.4   991.2   24.9    23      5.1     SE      0.3     0       0.8     1.5     //4//
20      5.8     2.7     4.2     994.5   968.7   980.8   53.2    45      27.9    NE      27.4    0       0       1.3     //4//
21      3.1     0.3     1.8     982.1   968.7   976.8   44.1    10      16.8    NNW     9.1     2       1.8     1.2     //4//
22      5.6     0       2.5     981.6   978.1   979.2   16.2    19      5.3     SE      0       0       0       1.2     //4//
23      4.9     1.3     2.9     979.8   975.4   977.7   20.9    92      5.4     ESE     0.8     0       0       1.4     //4//
24      4.7     1.1     2.6     983.2   976.9   980.9   13.9    112     2.7     N       0       0       0       1.5     //4//
25      4.5     2.4     3.3     982.1   974     977.6   41.1    140     16.9    ESE     0       0       0       1.4     //4//
26      3.9     1.8     2.7     987.2   977.9   981.8   30.2    95      9.1     N       0       1       0       1.4     //4//
27      2.6     -0.5    1       988.2   985.5   986.9   15.6    341     5.4     NNW     3       0       0       1.3     //4//
28      2.1     -0.4    0.8     985.6   983.7   984.4   7.6     89      1.8     SE      0       0       0       1.3     //4//
29      2.2     -0.2    0.8     988.9   984.3   986.6   18.7    256     5.8     WSW     0       0       0       1.5     //4//
30      2.2     -1      0.6     988.7   980.3   984.3   20.5    349     8.1     N       1.5                     1.5     
31      4.8     -0.4    1.7     980.9   958.2   972.1   43.1    31      11.9    WNW     0.5                     1.2     
