Palmer Station Weather Highlights:       April, 2021

        Temperature:    Abs Max:   6.9 C                          Day: 18
                        Abs Min:   -6.1 C                         Day: 25
                            Avg:   -1 C

        Pressure:       Abs Max:   1002.9 mb              Day: 24
                        Abs Min:   949.2 mb               Day: 14
                            Avg:   982.4 mb

        Wind:             Peak:    68 kts                         Day: 19
                           Avg:    13.1 kts
                        Days Prevailing:
                                             NNE : 6
                                             WSW : 5
                                             SW : 4
                                             N : 4
                                             NE : 3
                                             SE : 2
                                             NNW : 2
                                             WNW : 2
                                             ESE : 1
                                             W : 1
                                             S : 0
                                             SSE : 0
                                             E : 0
                                             ENE : 0
                                             NW : 0
                                             SSW : 0


        Precipitation: Rainfall:      124.7 mm                    YTD:    451.1 mm
                           Snow:      36 cm                       YTD:     cm
        Maximum Snowstake Depth:      18.8 cm                     Day: 26

============================= Daily Weather Data =============================
Column Titles:
        1. Day                         9. Wind 5-Sec Peak Direction
        2. Temperature High    (C)    10. Wind Average               (knots)
        3. Temperature Low     (C)    11. Wind Prevailing Direction
        4. Temperature Average (C)    12. Rainfall                   (mm)
        5. Pressure High      (mb)    13. Precipitation Snow         (cm)
        6. Pressure Low       (mb)    14. Depth at Snowstake         (cm)
        7. Pressure Average   (mb)    15. Sea Surface Temperature    (C)
        8. Wind 5-Sec Peak (knots)    16. Sea Ice                    (WMO code)

01      3.7     -0.1    1.5     1001.4  982.2   993     32.9    3       12.4    N       16.5    0       2.6     0.3     //4//
02      3.7     -0.6    0.4     991.6   981     989.1   37.5    351     16.8    NNW     1.8     0       2       0.1     //4//
03      1.3     0.5     0.9     990.7   982.8   988.1   31.9    327     20.5    N       1       3       4.6     -0.3    //4//
04      0.7     -2.2    -0.9    991.6   982.1   985.1   26.6    1       8.6     N       0.3     3       7.6     0       //4//
05      0.7     -1.7    -1      998.8   991.6   996.6   17.5    25      6.4     WSW     0.3     0       6       0.3     10400
06      1       -3      -0.8    999     995.5   998     17.3    122     2.1     SE      0       1       6.6     0.1     10400
07      4.2     0.2     2.1     995.6   977.4   985     40.8    28      12.6    NNE     1.3     0       2.2     0.1     10400
08      0.3     -1.3    -0.9    983.2   977.3   979.7   16.9    218     4.8     SW      0.3     0       2.4     0.1     10400
09      0.4     -2.5    -1      984.1   979.1   982.3   27.1    229     8.9     WSW     0.5     0       2.4     0       10400
10      -0.3    -3.9    -1.7    982.3   965.1   976     27.5    218     7.6     SW      0       5       7.4     0       10400
11      1.3     -2.9    -1.4    968.5   955.1   961.6   42.7    19      12      SW      0.5     2       9.2     0       10400
12      -2.1    -5.9    -4.1    969.8   964.3   967     21      86      6.3     NE      0       0       8.6     0       //4//
13      -1.4    -3.8    -2.7    987.9   969.4   979.6   21.6    33      9.5     NNE     0       2       10.6    -0.4    10400
14      -0.3    -3.8    -2.2    988.2   949.2   970.4   53.9    87      22.3    ESE     0       0       9.8     0.1     //4//
15      0.1     -3      -1.3    976.3   949.8   963.1   39.9    126     14.6    WNW     0       0       4.2     0.6     //4//
16      -1.7    -3.7    -2.5    990.9   976.4   983.6   16.6    19      6.4     N       0       1       5.6     0.2     10400
17      1       -4.1    -2.5    996.6   990.9   994.4   28.2    131     6.1     NE      0       0       5       -0.2    10400
18      6.9     -0.5    4.7     991.6   974     982.3   58.4    24      36.4    NNE     22.4    0       0       0.6     //4//
19      6.3     -2      1.6     989.4   965.2   977     67.9    20      24.9    NNE     35.8    0       0.2     0.6     //4//
20      1.6     -2.1    -0.1    989.7   973.8   984.9   54.6    8       19.7    NNE     21.6    0       0       0.5     //4//
21      1.9     -2.6    -0.6    992.4   972.4   982.5   49.5    17      19.1    W       10.9    6       6       0.4     //4//
22      0.3     -2.6    -0.8    992.8   983.4   987.5   42.4    17      16.6    WNW     3.6     7       13.2    0.2     //4//
23      -2.4    -4.9    -3.7    1000.7  989.5   993.6   29.9    214     14.1    SW      0.3     1       14.2    0.1     //4//
24      -3.2    -4.1    -3.7    1002.9  997.2   1001.3  17.2    228     6.1     WSW     0       0       13.8    -0.1    //4//
25      -0.3    -6.1    -2.5    997.2   979.2   987.3   20.4    126     6.6     SE      1       0       13.6    0.1     10400
26      1.7     -1.3    -0.1    983.5   976.2   979.2   19      342     6.7     NNW     2.8     5       18.8    0       10400
27      4.2     -2.3    1.3     983.7   966.8   975     46.1    30      20.6    NE      3.3     0       11.8    -0.3    //4//
28      1.6     -2.4    -1.2    972.9   965.6   969.6   40.1    33      16.7    NNE     0.5     0       10.6    -0.1    //4//
29      -1.5    -3.9    -2.5    978.5   969     975.9   32.6    240     13.4    WSW     0.3     0       9.4     -0.1    //4//
30      -2.8    -5.2    -4.2    986.6   977.6   983.6   36.1    232     12.3    WSW     0       0       9.2     -0.2    //4//
