Palmer Station Weather Highlights:       July, 2021

        Temperature:    Abs Max:   4 C                    Day: 29
                        Abs Min:   -11.5 C                        Day: 24
                            Avg:   -3.2 C

        Pressure:       Abs Max:   1018.1 mb              Day: 27
                        Abs Min:   953 mb                 Day: 3
                            Avg:   987.6 mb

        Wind:             Peak:    62 kts                         Day: 5
                           Avg:    10.6 kts
                        Days Prevailing:
                                             NE : 7
                                             NNE : 6
                                             SW : 5
                                             SE : 5
                                             E : 3
                                             ESE : 2
                                             NW : 1
                                             SSW : 1
                                             NNW : 1
                                             S : 0
                                             W : 0
                                             SSE : 0
                                             WNW : 0
                                             WSW : 0
                                             N : 0
                                             ENE : 0


        Precipitation: Rainfall:      26.4 mm                     YTD:     mm
                           Snow:      42 cm                       YTD:     cm
        Maximum Snowstake Depth:      53.4 cm                     Day: 31

============================= Daily Weather Data =============================
Column Titles:
        1. Day                         9. Wind 5-Sec Peak Direction
        2. Temperature High    (C)    10. Wind Average               (knots)
        3. Temperature Low     (C)    11. Wind Prevailing Direction
        4. Temperature Average (C)    12. Rainfall                   (mm)
        5. Pressure High      (mb)    13. Precipitation Snow         (cm)
        6. Pressure Low       (mb)    14. Depth at Snowstake         (cm)
        7. Pressure Average   (mb)    15. Sea Surface Temperature    (C)
        8. Wind 5-Sec Peak (knots)    16. Sea Ice                    (WMO code)

01      1.7     -1.3    0.5     979.8   972.7   975.1   45.6    26      21.2    NNE     1.8     1       28.6    -1      1/4/0
02      -1.1    -3.1    -1.8    972.9   960.9   965     15.4    314     3.9     NW      2       10      38.8    -1.1    1/4/0
03      3.3     -4      0.4     961.1   953     955.7   33.2    49      10.8    ESE     0.3     0       35.2    -1.2    1/4/0
04      1.3     -2.8    -1.1    974.5   955.6   965     35.8    23      10.7    NNE     0.3     0       34.2    -1.1    1/4/0
05      1.1     -3      -0.4    980.7   968.3   973.7   61.9    41      25.7    NNE     12.7    6       39.8    -1.2    1/4/0
06      -2.6    -3.7    -3.2    999     980.6   991     34.3    2       13      SW      0       0       40.2    -1.3    1/4/0
07      -0.3    -6.2    -4      1001.4  995.4   999.7   21      124     4.1     SE      0       0       40.2    -1.5    1/4/0
08      0.9     -2.9    -1.5    995.5   985.7   989.4   52.2    93      22.3    E       0       0       39.6    -1      1/4/0
09      2.1     -2.1    0.2     989.2   981.1   984.8   60.5    39      17.2    ESE     0.5     0       38.2    -1      1/4/0
10      3.1     -1.5    1.7     981.6   966.2   973     46      66      20.6    E       0.3     0       37.2    -0.9    1/4/0
11      1.7     -4      -1.9    972.3   963.1   966.3   40.7    77      12.6    E       0       0       37.2    -1      1/4/0
12      -2.8    -5.4    -3.8    988.3   972.2   980.6   19.2    77      6.7     NNE     0       0       37.2    -1.2    1/4/0
13      -2.2    -4.4    -3.4    996.7   988.3   993     19.8    229     5.5     SW      0.3     1       37.8    -1.4    1/4/0
14      -4.2    -5.7    -4.8    1006.6  996.7   1001.6  13      226     4.6     SSW     0       2       39.8    -1.4    1/4/0
15      -5.4    -9.3    -7.5    1010.8  1006.6  1007.8  12.3    246     4.2     NE      0       0       39.8    -1.6    1/4/0
16      -7      -9.2    -8      1013.4  1010.8  1012.8  13.5    14      5.9     NNE     0       0       39.8    -1.7    1/4/0
17      -5.7    -8.8    -6.5    1013.2  1005.6  1009.7  15.5    33      6.3     NNE     0.3     1       40.6    -1.6    1/4/0
18      2       -8      -2.3    1005.6  977.3   991.4   52.1    28      19.5    NE      1.5     0       40.2    -1.4    1/4/0
19      1.8     -6.1    -1.5    977.7   970.6   973.1   35.3    222     11      SW      2       6       45.8    -1.4    1/4/0
20      -5.7    -9      -7.4    987.7   976.1   981     31.2    133     18.9    SW      0       4       50.2    -1.5    1/4/0
21      -5      -7.6    -5.9    997.8   987.7   993.4   25.4    119     6.8     SW      0       0       46.2    -1.5    1/4/0
22      -6.2    -8.8    -7.4    1000.1  997.8   999.2   16.4    31      4.9     NE      0       0       46.2    -1.6    1/4/0
23      -7.1    -9.9    -8.5    1000.5  998.3   999.4   13.3    16      4.1     NE      0       0       46.2    -1.7    106/0
24      -8.4    -11.5   -10     1000.8  999.8   1000.3  21      40      7.8     NE      0       0       46.2    -1.7    106/0
25      -0.6    -11.2   -5.2    1004.7  999.4   1000.7  18.5    143     4.9     SE      0       0       46.2    -1.7    1/4/0
26      -2.9    -5      -4      1017    1004.7  1010.9  6.9     17      1.7     NE      0       0       45.8    -1.7    106/0
27      0.7     -4.5    -2.2    1018.1  1006    1014.7  21.7    109     3.1     SE      0       0       45.8    -1.6    1/4/0
28      1.2     -1.4    -0.5    1006    992.2   997.2   35      128     9.2     SE      2.5     3       48.4    -1.6    1/4/0
29      4       0.3     2.2     992.3   961.7   977.9   47.9    41      17.1    NE      0.3     0       45.2    -1.5    1/4/0
30      2.8     -1.9    0.1     970.1   955.8   960.2   34.8    136     10.4    SE      0.5     2       47      -1.5    1/4/0
31      0.2     -4.3    -1.8    976.7   969.3   972.5   35.2    16      13.1    NNW     1.3     6       53.4    -1.6    1/4/0
