******************************************************************************
Palmer Station Weather Highlights:       April, 2019

        Temperature:    Abs Max:   5.2 C                          Day: 24
                        Abs Min:   -6.3 C                         Day: 22
                            Avg:   -.4 C

        Pressure:       Abs Max:   1002.6 mb              Day: 9
                        Abs Min:   948.6 mb               Day: 13
                            Avg:   980.9 mb

        Wind:             Peak:    104 kts                        Day: 11
                           Avg:    24.5 kts
                        Days Prevailing:
                                             NE : 7 
                                             N : 4 
                                             ESE : 4 
                                             SW : 4 
                                             NNE : 4 
                                             WSW : 2 
                                             W : 1 
                                             SSE : 1 
                                             E : 1 
                                             SE : 1 
                                             NW : 1 
                                             S : 0 
                                             WNW : 0 
                                             NNW : 0 
                                             SSW : 0 
                                             ENE : 0 


        Precipitation: Rainfall:      160.5 mm                    YTD:    314.5 mm
                           Snow:      29 cm                       YTD:     cm
        Maximum Snowstake Depth:      20.4 cm                     Day: 2

============================= Daily Weather Data ============================= 
Column Titles:
        1. Day                         9. Wind 5-Sec Peak Direction 
        2. Temperature High    (C)    10. Wind Average               (knots)
        3. Temperature Low     (C)    11. Wind Prevailing Direction
        4. Temperature Average (C)    12. Rainfall                   (mm)
        5. Pressure High      (mb)    13. Precipitation Snow         (cm)
        6. Pressure Low       (mb)    14. Depth at Snowstake         (cm)
        7. Pressure Average   (mb)    15. Sea Surface Temperature    (C)
        8. Wind 5-Sec Peak (knots)    16. Sea Ice                    (WMO code)


01	0.6	-1.7	-0.3	992	980	988.4	50.8	15	21.7	WSW	1	1	16.2	0.5	0/6/0 
02	1.4	-1.1	0.1	990.2	967.3	982.2	64.7	105	23.8	ESE	0.8	2	20.4	0.3	0/6/0 
03	1.6	-1.2	0	967.4	961.6	963.5	79.9	108	42.1	ESE	0	0	16.4	0.9	0/6/0 
04	1.6	-0.6	0.2	978.6	966.1	971.8	26.8	69	5.4	NE	0	0	16.4	0.7	0/6/0 
05	1.3	-1	0.2	981.2	970.8	978.8	65.5	118	19.8	E	0	0	15.4	0.6	0/6/0 
06	0	-3	-1.5	975.8	966.2	969.6	82.5	117	49.8	ESE	0	0	15.2	0.8	0/6/0 
07	-0.7	-2.5	-1.4	992.9	975.6	985.3	52.5	132	13.9	N	0	0	13.6	0.4	0/6/0 
08	-0.5	-2.3	-1.4	1002.2	992.9	997.6	27.9	255	6.4	NE	0	0	13.6	0.2	0/6/0 
09	2.4	-0.9	1.4	1002.6	997.4	1000.3	80.6	18	41.4	NNE	8.9	0	10	0	0/6/0 
10	5	-1.8	2.2	1001.1	982.4	995.3	82	41	33	NE	23.6	0	6.8	-0.1	0/6/0 
11	3.9	-0.3	2.2	982.4	966.6	974.2	103.6	344	55.3	N	52.3	0	6.8	-0.1	0/6/0 
12	3.1	-1.3	0.8	981.6	970.7	975.9	79.7	35	34.9	NNE	3.8	0	6.8	-0.1	0/6/0 
13	4.6	0.9	2.6	971	948.6	957.2	66	109	32.2	ESE	2	0	6.8	-0.1	0/6/0 
14	1.6	-2	-0.7	977.8	952.8	965.5	38.9	226	15.1	W	0	3	9.6	-0.1	0/6/0 
15	2.2	-1.9	-0.1	978.2	968.2	973.5	76.2	25	25.8	NE	0	0	9.8	-0.1	0/6/0 
16	-0.6	-3.8	-1.9	972.9	969.4	970.8	15.7	39	6.7	NE	0	0	9.8	-0.1	0/6/0 
17	-2.2	-4.8	-3.5	974.2	970.1	971.9	14.6	152	5.5	NE	0	0	9.4	-0.1	0/6/0 
18	-2.2	-4.7	-3.2	980.7	974.2	977.9	42.3	135	20.6	SW	0	0	8.4	-0.1	0/6/0 
19	-3.1	-4.8	-3.8	982.9	975.1	979.4	36.7	231	13.7	WSW	0.8	0	8.4	-0.1	0/6/0 
20	-2.5	-5.5	-3.4	991	975.6	983.9	36.3	227	13.4	SW	0	0	8.4	-0.1	0/6/0 
21	-3.6	-5.4	-4.3	998.5	991	995.3	33.2	229	10.4	SW	0	0	8.4	-0.1	0/6/0 
22	2.9	-6.3	-2.3	998.4	991.6	994.8	26.1	334	5.8	SE	0.3	0	8.4	-0.1	0/6/0 
23	2.8	-1.6	-0.1	994.5	991.3	992.8	27.9	147	8.5	SSE	1.8	1	9.4	-0.1	0/6/0 
24	5.2	0.6	3	991.7	978.1	983.9	65.1	41	27.9	NNE	5.3	0	4	-0.1	0/6/0 
25	2.4	0.6	1.1	999.6	984.4	992.3	54.7	329	33.2	NW	0.3	2	6	-0.1	0/6/0 
26	4.3	1.1	2.7	996.8	977.2	984.5	79.1	35	33	NE	18.5	0	4	-0.1	0/6/0 
27	2.4	-1.3	0.8	986.6	978.3	982.2	101.1	5	38.7	N	9.7	6	10.2	-0.1	0/6/0 
28	3.3	0.2	1.9	981.7	978	980.1	71.6	22	35.8	N	13.2	0	3	-0.2	0/6/0 
29	2.8	-3	0.5	981.5	976.3	978.6	63.8	13	38.8	NNE	18.3	0	2.4	-0.2	0/6/0 
30	-2.1	-4.3	-2.9	981.3	976.7	979.3	38.5	220	21.6	SW	0	14	16	-0.2	0/6/0 


