******************************************************************************
Palmer Station Weather Highlights:       October, 2019

        Temperature:    Abs Max:   5.4 C                          Day: 24
                        Abs Min:   -13 C                          Day: 5
                            Avg:   -2.9 C

        Pressure:       Abs Max:   1008.2 mb              Day: 13
                        Abs Min:   951.8 mb               Day: 19
                            Avg:   983.7 mb

        Wind:             Peak:    100 kts                        Day: 21
                           Avg:    23 kts
                        Days Prevailing:
                                             NNE : 11
                                             NNW : 7
                                             N : 3
                                             W : 2
                                             NE : 2
                                             SW : 2
                                             WSW : 2
                                             WNW : 1
                                             E : 1
                                             SSE : 0
                                             SE : 0
                                             S : 0
                                             NW : 0
                                             SSW : 0
                                             ESE : 0
                                             ENE : 0


        Precipitation: Rainfall:      160 mm                      YTD:     mm
                           Snow:      34 cm                       YTD:     cm
        Maximum Snowstake Depth:      114.4 cm                    Day: 10

============================= Daily Weather Data =============================
Column Titles:
        1. Day                         9. Wind 5-Sec Peak Direction
        2. Temperature High    (C)    10. Wind Average               (knots)
        3. Temperature Low     (C)    11. Wind Prevailing Direction
        4. Temperature Average (C)    12. Rainfall                   (mm)
        5. Pressure High      (mb)    13. Precipitation Snow         (cm)
        6. Pressure Low       (mb)    14. Depth at Snowstake         (cm)
        7. Pressure Average   (mb)    15. Sea Surface Temperature    (C)
        8. Wind 5-Sec Peak (knots)    16. Sea Ice                    (WMO code)

01      -5.8    -10.1   -8.6    991.6   979.2   988.3   23      116     6.9     N       0       0       102.2   -1.6    42962
02      -2.8    -9.1    -7.4    979.4   975.9   978.4   72.2    254     22      W       1.8     4       106.2   -1.6    52963
03      -7.5    -11.2   -8.8    977.9   972.4   974.7   30.2    248     10.9    WSW     0       0       104     -1.6    52963
04      -7.6    -12     -10.1   985.4   972.6   978.7   51      251     21.9    SW      0       1       105.4   -1.7    52963
05      -10.7   -13     -11.6   989.6   985.4   987.9   42.7    240     16.6    W       0       3       108     -1.7    52963
06      -5.3    -12.9   -8.9    989.4   976.6   983.3   23      113     4       NE      0       0       106.6   -1.7    52963
07      -2.8    -7.1    -4.3    987.4   975.9   981.4   27.5    360     11.1    NNW     0       0       105.8   -1.7    52963
08      -2.2    -5.1    -3.9    987.6   967.3   979.9   47      30      12.7    NNE     0       0       105.2   -1.7    52963
09      -2.4    -4.8    -4      970.1   966.1   968.2   47.9    27      9.6     NNE     4.3     6       111.6   -1.7    52963
10      -4.6    -6.3    -5.3    980.4   970     974.7   42.9    18      12.7    NNE     0.3     3       114.4   -1.7    52963
11      -3.3    -8.6    -5.8    983.5   980.4   981.8   47      28      11.4    NE      0       1       113     -1.7    52963
12      -3.3    -7.9    -4.8    1002.5  983.5   993.2   36.1    246     10.7    SW      0       0       111.4   -1.7    52963
13      -5.3    -10.2   -8.4    1008.2  1000.2  1005.5  35.4    246     12.9    WSW     0       0       109.2   -1.6    52963
14      0.7     -5.8    -1.6    1000.2  993.8   995.6   38.5    137     14.2    NNW     3.8     2       111.6   -1.7    52963
15      1.1     -2.1    -0.8    1004.3  998.5   1001.9  29.7    345     12.7    NNW     0       0       110.8   -1.6    52963
16      2.8     -0.4    0.9     1002.3  994.4   999.7   50      337     20.4    NNW     3.3     0       106.4   -1.6    52963
17      2.5     -0.7    1.1     994.3   978.2   984.2   83.7    28      31.7    NNE     0       0       106.4   -1.7    52963
18      1.4     -3.8    -1.5    988.2   978.9   984     75.2    31      29.3    N       0.3     0       101.6   -1.7    32761
19      4.3     -4.6    -1.1    988.3   951.8   971.8   90      48      24.1    E       0       0       100.6   -1.6    22761
20      1.9     -1.6    -0.4    977.8   952.3   966.5   75.7    1       42.3    N       1.3     3       103.2   -1.6    22761
21      3.2     -0.5    1.1     981.5   971.1   976.8   100     23      57.8    NNE     15.7    0       98      -1.6    22770
22      1.4     -0.8    0.2     989.4   973.3   980.5   84.5    2       40.2    NNW     3       0       98      -1.5    22770
23      0.4     -2.5    -1      1002.2  988.9   996.3   43.5    342     22.4    NNW     0       1       98.6    -1.4    42783
24      5.4     -3.8    1       1002.5  985.3   992.5   82.6    95      28.7    NNE     0.8     0       94.8    -1.3    12700
25      3.4     0.4     1.3     991.8   983.8   988.4   83.2    18      52.7    NNE     7.6     0       94.8    -1.2    12700
26      3.4     -0.9    1.3     992.6   987.7   990.8   72.5    32      28.9    NNE     1.3     0       94.8    -1.2    12700
27      2.8     -1      0       987.7   973.3   977.8   24.2    225     7       NNW     6.4     9       102.2   -1      12700
28      -0.3    -3.5    -2.3    974.7   967.9   970.6   52.8    340     15.9    WNW     3.3     1       104.8   -1.1    32792
29      0.8     -3.5    -1.4    981.2   974.7   978.2   87.1    31      36.3    NNE     10.9    0       104.8   -1.2    22761
30      2.8     0.7     1.6     983.5   977.8   981.4   70.3    17      45.9    NNE     66.3    0       103     -1.4    12760
31      4.5     1.9     2.9     983.4   979.5   981.7   78.4    28      41      NNE     29.7    0       89.6    -1.3    12760
