Palmer Station Weather Highlights:       November, 2019

        Temperature:    Abs Max:   9 C                    Day: 24
                        Abs Min:   -9.2 C                         Day: 21
                            Avg:   -1 C

        Pressure:       Abs Max:   1003.4 mb              Day: 9
                        Abs Min:   959.8 mb               Day: 5
                            Avg:   983.3 mb

        Wind:             Peak:    145 kts                        Day: 14
                           Avg:    10.9 kts
                        Days Prevailing:
                                             NNW : 8
                                             SE : 5
                                             NW : 3
                                             W : 3
                                             NNE : 3
                                             NE : 2
                                             WSW : 2
                                             SSE : 2
                                             SW : 1
                                             N : 1
                                             S : 0
                                             ENE : 0
                                             WNW : 0
                                             ESE : 0
                                             SSW : 0
                                             E : 0


        Precipitation: Rainfall:      39.6 mm                     YTD:     mm
                           Snow:      43 cm                       YTD:     cm
        Maximum Snowstake Depth:      113.2 cm                    Day: 12

============================= Daily Weather Data =============================
Column Titles:
        1. Day                         9. Wind 5-Sec Peak Direction
        2. Temperature High    (C)    10. Wind Average               (knots)
        3. Temperature Low     (C)    11. Wind Prevailing Direction
        4. Temperature Average (C)    12. Rainfall                   (mm)
        5. Pressure High      (mb)    13. Precipitation Snow         (cm)
        6. Pressure Low       (mb)    14. Depth at Snowstake         (cm)
        7. Pressure Average   (mb)    15. Sea Surface Temperature    (C)
        8. Wind 5-Sec Peak (knots)    16. Sea Ice                    (WMO code)

01      5.5     -1.4    1.6     980.4   973     976.9   88      42      18.1    NE      6.6     0       85.6    -1.3    12760
02      -1.1    -3.5    -2.2    980.7   973.5   978.4   28.9    254     12.1    W       0.8     7       92.4    -1.3    32763
03      2.6     -4.5    -1      973.5   962.6   965.3   62.8    81      12.4    NNW     0       0       92.4    -1.3    32782
04      2.5     -3      -0.7    965.1   961.8   963.5   26.1    133     7.5     SE      0       0       88.4    -1.2    52712
05      0.3     -2.8    -1.2    964     959.8   961.1   14.4    118     3.9     NW      0       0       86.2    -0.8    72892
06      0.8     -4.1    -1.5    977.2   964     970.6   27      132     5.8     NNW     0       0       86.2    -0.7    72892
07      0.4     -4.7    -1.7    990.9   977.2   984.1   21.4    88      4.1     NW      0       0       85.8    -0.7    52892
08      -1.2    -4.8    -3      1000.8  990.9   996.1   25.2    228     6.1     NE      0       0       85.2    -0.9    52892
09      -1.2    -5.3    -3.9    1003.4  996     1001.4  25.2    217     9.7     WSW     0       0       80.6    -1      52892
10      -0.4    -1.4    -0.9    996     986.7   989.7   35.6    329     22.2    NNW     3.8     4       88.2    -1      52892
11      0.8     -1.8    -0.4    986.7   975.3   979.7   40      332     26.4    NNW     7.1     20      88.2    -1.2    52892
12      2.8     -2.3    -0.4    986.6   971.8   980.8   57.3    32      17.5    NNE     0.3     5       113.2   -1.3    52893
13      2       -1.2    -0.1    978.9   972.2   975.6   38.3    8       11.2    NNW     0.8     0       109.8   -1.3    52893
14      -0.7    -6.8    -4.2    987.2   978.8   984     145.5   209     12.8    WSW     0.3     1       110.4   -1.3    52893
15      3.9     -2.2    1.2     980.2   966.4   970.8   73.6    34      16.8    NNW     3.6     0       104.8   -1.4    42841
16      0.6     -2.7    -1.3    973.6   967.1   970.9   11.1    58      3       SSE     5.6     5       109.4   -1.5    42841
17      2       -2.5    -0.3    973.7   970.9   972.7   17.7    125     4.8     SSE     0.5     0       105.2   -1.4    52842
18      0       -7.6    -4.9    981.5   970.1   974.3   35.7    248     13.3    W       1.3     0       101.6   -1.4    52842
19      -4.1    -9.1    -6.7    982     978.8   981     42.4    210     11.7    SW      0.3     1       102.2   -1.4    52892
20      -1.6    -7.4    -5.3    982.7   971.7   978.6   80.6    37      24.3    W       0.3     0       99.2    -1.3    52892
21      -1.8    -9.2    -5.6    989.7   982.6   986.4   19.1    269     4.4     NNW     0       0       99.2    -1.3    52895
22      4       -3.7    -0.3    992.8   986.9   988.6   29.6    30      8.7     SE      0.5     0       99.6    -1.3    52845
23      5       0.6     3.3     1002.8  991.9   995.6   42      39      20.9    NNE     1.8     0       91.8    -1.4    42844
24      9       0.2     2.8     1002.8  986.7   996.2   43.5    45      6.5     SE      1       0       86      -1.3    32881
25      6.4     0.7     2       999.6   986.3   990.8   45.1    3       27      N       4.6     0       79.8    -1.2    12660
26      4.1     -0.6    1.1     1000.9  993.7   998.2   24.7    14      6.8     SE      0.8     0       79.4    -1.1    12680
27      5.6     -0.7    0.9     999.9   992.8   995.6   18      124     2.6     NNW     0       0       77      -1      12680
28      6.8     0       2.5     1000.4  998.6   999.7   4.7     183     .8      NNE     0       0       75.4    -0.9    12680
29      5.9     0       2       998.6   993.9   995.8   8.9     132     2       SE      0       0       71.4    -0.9    12680
30      4       -3.2    -1.7    994.6   991.5   992.6   10.6    325     4.5     NW      0       0       67.2    -0.6    12680
