******************************************************************************
Palmer Station Weather Highlights:       August, 2019

        Temperature:    Abs Max:   4.1 C                          Day: 25
                        Abs Min:   -11.2 C                        Day: 1
                            Avg:   -4.8 C

        Pressure:       Abs Max:   1014.6 mb              Day: 21
                        Abs Min:   955.4 mb               Day: 6
                            Avg:   992 mb

        Wind:             Peak:    77 kts                         Day: 4
                           Avg:    11.7 kts
                        Days Prevailing:
                                             NNW : 7
                                             NNE : 5
                                             ESE : 5
                                             SE : 4
                                             NE : 3
                                             SW : 3
                                             SSE : 1
                                             N : 1
                                             E : 1
                                             WNW : 1
                                             W : 0
                                             S : 0
                                             SSW : 0
                                             NW : 0
                                             ENE : 0
                                             WSW : 0


        Precipitation: Rainfall:      4.8 mm                      YTD:    429 mm
                           Snow:      30 cm                       YTD:     cm
        Maximum Snowstake Depth:      62.6 cm                     Day: 31

============================= Daily Weather Data =============================
Column Titles:
        1. Day                         9. Wind 5-Sec Peak Direction
        2. Temperature High    (C)    10. Wind Average               (knots)
        3. Temperature Low     (C)    11. Wind Prevailing Direction
        4. Temperature Average (C)    12. Rainfall                   (mm)
        5. Pressure High      (mb)    13. Precipitation Snow         (cm)
        6. Pressure Low       (mb)    14. Depth at Snowstake         (cm)
        7. Pressure Average   (mb)    15. Sea Surface Temperature    (C)
        8. Wind 5-Sec Peak (knots)    16. Sea Ice                    (WMO code)

01      -7.2    -11.2   -9.3    1009.9  997.5   1005.4  39.4    98      11.3    NE      0       0       46.4    -1.6    0/6/0
02      -2.8    -9.7    -5.7    997.8   989.1   991.5   42.9    90      11.8    ESE     0       0       45.8    -1.7    0/6/0
03      0.7     -4.4    -0.9    991     963.9   982.5   70.4    120     28.6    ESE     0       0       43.2    -1.7    0/6/0
04      0.1     -4.3    -2.8    966.2   957     960.8   76.8    122     24.8    ESE     0.3     0       43.2    -1.6    0/6/0
05      -1.2    -4.2    -3      966.7   955.7   962     67.4    23      24.1    NNE     0.8     0       43.2    -1.7    0/6/0
06      -3.6    -8.1    -5.7    960.9   955.4   958.5   52.9    5       14.8    N       0.8     5       48.6    -1.8    0/6/0
07      -5.3    -9.2    -6.6    979.8   960.4   968.3   45.9    215     16      NNE     0.3     8       56.2    -1.8    0/6/0
08      -5.5    -10.1   -7.7    984.8   979.8   982.9   47.6    225     13.7    SW      0       0       55.4    -1.8    0/6/0
09      -5      -9.4    -6.6    980.3   974.2   976.7   51.5    149     16.4    SSE     0       0       55      -1.8    10670
10      -4.8    -9.2    -7      999.4   979.8   988     39.6    149     17.1    E       0       0       51.8    -1.8    10870
11      -5.2    -8.9    -7.7    1004.7  999.3   1003.2  29.9    226     12.3    SW      0       0       50.8    -1.7    10870
12      -6.5    -7.6    -7.1    1005.7  1004.2  1005.1  30.1    225     11.1    SW      0       0       51      -1.7    10870
13      -2.4    -7.7    -5.2    1005.4  997.1   1001    28.8    326     8.2     NNW     0       1       51.6    -1.7    10870
14      -1.4    -6.2    -3.6    997.9   983.6   993.1   40.2    335     18.7    NNW     1.8     3       54.4    -1.7    20860
15      -0.7    -10.4   -4.3    993.5   981.7   987.6   28.3    129     11.4    NNE     0       7       61.4    -1.7    20862
16      -8      -11.1   -9.3    1007.2  992.9   996.7   25.1    338     7.3     NNW     0       0       61      -1.7    20863
17      -5.8    -9.7    -8.1    1010.7  1007.2  1009.6  26.6    273     10.8    WNW     0       0       61      -1.7    41863
18      -2.7    -6.1    -4.2    1008.3  1001    1004.8  26.8    336     9.5     NNW     0       0       60.6    -1.7    41862
19      -3.2    -6      -4.9    1012.8  1004    1009.7  21.6    309     5.2     NNW     0       0       60.6    -1.7    41862
20      -2.4    -3.9    -3.1    1014.2  1012.3  1013.2  17.9    338     5.5     NNW     0       0       60.4    -1.7    41852
21      -2.7    -8      -4.7    1014.6  1013.4  1014    18.1    211     3.1     NE      0       0       60.4    -1.6    41852
22      -7      -9.8    -8.1    1013.7  1012.2  1012.9  26.6    117     3.6     NE      0       0       60      -1.6    41852
23      -4.7    -10.5   -8.2    1012.8  1008.8  1011.1  13.9    132     2.1     SE      0       0       60      -1.7    41852
24      2       -6.3    -2.7    1008.7  995.6   1002.9  29.3    129     7.3     SE      0       0       59.4    -1.6    41852
25      4.1     -1      1.3     995.5   985.7   989.6   60.4    23      14.4    NNE     0.5     0       58.6    -1.7    41852
26      1.1     -2.8    -0.8    996.8   989.4   994.5   34.5    349     11.5    NNW     0       0       58      -1.7    41851
27      3.5     -3.4    0.3     993.4   981.2   985.1   62.9    49      13.2    SE      0       0       56.6    -1.7    21861
28      1.5     -2.7    -0.7    981.8   977.9   979.8   28.5    105     7.6     ESE     0       0       56.4    -1.7    21861
29      -1.3    -7.2    -4.4    986.8   979     981.5   15.2    12      5.1     NNE     0       0       56.4    -1.6    21861
30      -2.7    -8.1    -5.1    992.1   986.8   989.7   11.7    147     2.6     SE      0.5     0       56.2    -1.6    21861
31      -0.8    -4.5    -2.6    998.3   985.7   989.6   51.4    129     14.2    ESE     0       6       62.6    -1.5    11960
