******************************************************************************
Palmer Station Weather Highlights:       December, 2019

        Temperature:    Abs Max:   6.8 C                          Day: 22
                        Abs Min:   -3.9 C                         Day: 17
                            Avg:   .8 C

        Pressure:       Abs Max:   999.6 mb               Day: 1
                        Abs Min:   966.4 mb               Day: 23
                            Avg:   989.3 mb

        Wind:             Peak:    52 kts                         Day: 21
                           Avg:    4.7 kts
                        Days Prevailing:
                                             SE : 7
                                             SW : 5
                                             NW : 4
                                             N : 3
                                             E : 3
                                             ESE : 2
                                             NE : 2
                                             SSE : 1
                                             WNW : 1
                                             SSW : 1
                                             NNE : 1
                                             NNW : 1
                                             W : 0
                                             S : 0
                                             ENE : 0
                                             WSW : 0


        Precipitation: Rainfall:      17 mm                       YTD:     mm
                           Snow:      1 cm                        YTD:     cm
        Maximum Snowstake Depth:      68 cm                       Day: 3

============================= Daily Weather Data =============================
Column Titles:
        1. Day                         9. Wind 5-Sec Peak Direction
        2. Temperature High    (C)    10. Wind Average               (knots)
        3. Temperature Low     (C)    11. Wind Prevailing Direction
        4. Temperature Average (C)    12. Rainfall                   (mm)
        5. Pressure High      (mb)    13. Precipitation Snow         (cm)
        6. Pressure Low       (mb)    14. Depth at Snowstake         (cm)
        7. Pressure Average   (mb)    15. Sea Surface Temperature    (C)
        8. Wind 5-Sec Peak (knots)    16. Sea Ice                    (WMO code)

01      -1.7    -3.1    -2.5    999.6   993.5   997.4   6.7     227     2.1     SW      0       0       67      -0.5    22673
02      -0.1    -3.4    -2.1    999.1   993     996.2   7.7     130     2.4     SE      1       0       67      -0.5    22673
03      2.5     -1.1    0.7     993     988     990.5   14.4    117     3.9     SSE     14.5    1       68      -0.6    32682
04      2.2     -0.8    0.4     995.8   983.3   988.5   35      28      6.5     SE      0       0       67.6    -0.4    32681
05      1.3     -1.8    -0.5    995.4   983.7   990.2   23.8    108     5.8     SW      0       0       66.4    -1      42723
06      2.4     -3      -0.2    996.3   991.7   994.9   9.7     29      2.9     NW      0       0       65.8    -0.8    32731
07      3.6     -1      1.1     992.7   989.8   991     18.8    103     5       NW      0       0       63.4    -0.7    42722
08      3.4     -0.1    1.8     995.9   992.7   994.8   19.1    127     6.7     E       0       0       60.4    -0.4    42712
09      3.7     -2.3    0.5     995.5   992.8   994.3   7.8     137     2       SE      0       0       57.6    -0.4    42712
10      2.1     -0.9    0.4     997.1   994.6   995.7   10.5    331     2.4     NW      0       0       57      -0.4    42792
11      2.9     -0.9    0.9     998.5   997     997.7   16.6    41      4.5     N       0       0       55.8    -0.5    42712
12      0.6     -1.9    -1.2    999     998.3   998.6   10      315     4       SW      0       0       52.4    -0.4    52792
13      0.3     -1.9    -1      998.6   997     997.6   8.3     253     2.8     SW      0       0       49.8    -0.4    52792
14      0.7     -2.4    -0.9    997.2   995.6   996.4   5.6     126     1.6     NE      0       0       48.8    -0.1    52792
15      1.6     -1.5    0.1     999.1   996.3   997.9   6.7     210     2.6     SW      0       0       48.2    -0.5    52792
16      0.2     -2.6    -1.7    999.1   993.3   996.7   8.7     208     2.6     SSW     0       0       47.6    -0.3    52792
17      0.2     -3.9    -1.9    993.6   989.7   991.7   10      134     3.9     SE      0       0       46.2    -0.5    42771
18      1.7     -3      -0.6    992.7   989.4   990.6   8.2     138     2.6     SE      0       0       45.4    -0.5    32771
19      2.9     -0.5    0.9     997.8   992.4   995.7   7       293     2.1     WNW     0       0       43.8    0.2     32771
20      2.9     -1.3    1       998.2   994.3   997     7       346     2.4     NE      0       0       42.4    0.8     32781
21      3.5     -0.5    1.6     994.5   973.2   985.7   51.7    74      12.1    E       0       0       41.4    0.5     32781
22      6.8     0.8     3.4     978.5   972.9   975.9   45.9    94      14.1    E       0.3     0       39      -0.1    22700
23      5.1     1.4     3.3     975.4   966.4   969.7   38.3    120     13.6    ESE     0       0       35.6    0.4     22700
24      3.2     0.8     1.7     974     969     970.8   11.1    126     2.4     N       0       0       34.2    0.4     22700
25      2.8     0.2     1.3     976.6   974     975.8   8.4     353     2.5     SE      0       0       33.4    0.4     22700
26      3.4     0.3     1.4     980.8   973.4   976.1   15      137     2.3     NNW     1       0       32.8    0.9     22700
27      5.8     1.2     3.6     984.5   979.5   982.5   24.5    21      6.4     ESE     0       0       31.2    1       22700
28      5.5     1.8     3.8     980.7   978.5   979.7   15.4    14      2.9     NW      0       0       29.6    1.1     22700
29      4.6     1.5     3       985.7   978.3   980.2   15.6    153     4.5     N       0       0       27      1.2     0/7/0
30      4.7     1       2.6     992     985.7   989.5   26.4    40      3.5     SE      0.3     0       24.6    1.8     0/7/0
31      5.2     1.8     3.8     994.1   986.5   990.9   32.8    40      11.3    NNE     0                       1.5     
