******************************************************************************
Palmer Station Weather Highlights:       January, 2019

        Temperature:    Abs Max:   5.4 C                          Day: 28
                        Abs Min:   -3.2 C                         Day: 4
                            Avg:   1.2 C

        Pressure:       Abs Max:   993.2 mb               Day: 8
                        Abs Min:   963.9 mb               Day: 24
                            Avg:   980.5 mb

        Wind:             Peak:    46 kts                         Day: 24
                           Avg:    5.9 kts
                        Days Prevailing:
                                             NNW : 9 
                                             ESE : 6 
                                             NW : 3 
                                             E : 3 
                                             N : 2 
                                             SSW : 2 
                                             WSW : 2 
                                             W : 1 
                                             SW : 1 
                                             NNE : 1 
                                             WNW : 1 
                                             SSE : 0 
                                             SE : 0 
                                             S : 0 
                                             NE : 0 
                                             ENE : 0 


        Precipitation: Rainfall:      21.8 mm                     YTD:    21.8 mm
                           Snow:      5 cm                        YTD:     cm
        Maximum Snowstake Depth:      68 cm                       Day: 1

============================= Daily Weather Data ============================= 
Column Titles:
        1. Day                         9. Wind 5-Sec Peak Direction 
        2. Temperature High    (C)    10. Wind Average               (knots)
        3. Temperature Low     (C)    11. Wind Prevailing Direction
        4. Temperature Average (C)    12. Rainfall                   (mm)
        5. Pressure High      (mb)    13. Precipitation Snow         (cm)
        6. Pressure Low       (mb)    14. Depth at Snowstake         (cm)
        7. Pressure Average   (mb)    15. Sea Surface Temperature    (C)
        8. Wind 5-Sec Peak (knots)    16. Sea Ice                    (WMO code)

01      3.1     0.5     1.8     979.6   972.7   976     10.2    87      3.9     E       0       0       68      1.1     21600 
02      1.5     -1      0.1     984.7   979.6   981.9   11.3    246     4.5     WSW     0       0       65.2    1.3     21600 
03      0.1     -1.5    -0.9    986.8   984.2   985.9   13.7    219     6.3     SSW     0       0       64.8    1.3     21600 
04      3.1     -3.2    0.3     984.2   968.4   975.7   16.7    126     4.5     ESE     0       0       63.4    1.2     0/6/0 
05      3.4     0.3     1.7     971.8   967.9   969.6   21.1    80      3.3     NW      1.3     0       62.2    1.2     0/6/0 
06      4       -1      1.7     979.2   971.8   975.5   8.2     25      2.5     NNE     0       0       60.6    1.4     0/6/0 
07      2.2     0.3     1.2     988.7   979.2   983.9   10.6    343     4.7     NNW     0       0       57.2    1.5     0/6/0 
08      2.1     -0.3    0.9     993.2   988.7   991.5   15.6    322     5.2     NW      0       0       57.2    1       0/6/0 
09      2.1     -0.5    0.4     991.8   986.3   989.4   11      82      3.6     NNW     0.5     5       62.2    0.8     22662 
10      3.9     -0.4    1.6     986.2   979.5   981.6   32.9    68      13.5    E       1.3     0       56.6    1.1     0/6/0 
11      3.8     -0.1    1.9     986.6   981.6   984.4   15.6    71      4.7     NNW     0       0       50.4    1.3     0/6/0 
12      3.1     0.4     1.3     986.6   979.5   983.8   9.3     240     3.2     WSW     0       0       50.4    1.9     0/6/0 
13      2.5     -0.3    1       983.7   978.1   980.4   11.6    271     3.6     NNW     0       0       48.2    2.4     0/6/0 
14      1.7     -1.4    0.2     985.4   983.4   984.6   11.5    292     4.3     W       0.5     0       47.8    2.6     0/6/0 
15      0.9     -1.6    -0.4    985.1   982.3   983.1   18      309     6.1     NNW     0.5     0       47.2    2.3     0/6/0 
16      0.2     -1.6    -0.9    992.2   985     989     20.9    213     9.1     SW      0       0       46.4    2.4     0/6/0 
17      2.7     -1.9    0       992.2   980.3   987.4   11.8    237     4.2     ESE     0       0       44.4    2.2     0/6/0 
18      2.6     0.3     1.1     984.2   979.1   981.8   14.1    94      4.4     NW      0       0       44      2       0/6/0 
19      3.4     0.3     1.4     981     968.5   972     25.1    135     9.5     ESE     7.1     0       41.4    1.7     0/6/0 
20      2.9     0.6     1.4     976.4   968.3   971.3   18.5    352     5.4     NNW     1.5     0       40.4    1.1     0/6/0 
21      2.4     0.8     1.4     982.5   976.2   978.7   25.5    350     14.8    NNW     2.3     0       39.8    1.1     0/6/0 
22      3.8     0.2     1.9     983.7   981.7   982.7   12.8    108     2.6     ESE     0       0       39.4    1.2     0/6/0 
23      4.2     0.1     2.1     985.4   982.7   984.6   8.9     110     2.4     WNW     0       0       38.4    1.4     0/6/0 
24      4.2     0.2     2.1     982.8   963.9   970.7   45.9    111     16.9    E       0       0       37      1.3     0/6/0 
25      4.6     1.5     3       978.5   965.1   970.3   31.3    119     15.9    ESE     0       0       36.4    1.1     0/6/0 
26      4.1     0.3     1.9     986.7   978.5   983.9   13.6    312     5.6     NNW     0       0       35.2    1.3     0/6/0 
27      5.2     0       2.6     985.8   971.4   979     18.5    103     6.2     ESE     0.5     0       35      1.1     0/6/0 
28      5.4     1.3     3.2     971.4   968.9   970.1   31.2    30      6.4     N       0.8     0       33.4    1.1     0/6/0 
29      2.7     0.6     1.6     978.4   971.1   973.9   5.1     314     1       N       5.3     0       30.4    1.2     0/6/0 
30      1.9     -0.3    1.2     988.2   978.4   983.4   13.1    208     2.3     SSW     0.3     0       29      1.2     0/6/0 
31      2.5     -0.8    0.7     992.6   988.2   990.2   10      212     2       NNW     0       0       26.6    1.1     0/6/0 
