Palmer Station Weather Highlights:       September, 2019

        Temperature:    Abs Max:   2 C                    Day: 25
                        Abs Min:   -21.4 C                        Day: 11
                            Avg:   -5.7 C

        Pressure:       Abs Max:   1018.2 mb              Day: 3
                        Abs Min:   952.4 mb               Day: 11
                            Avg:   986.3 mb

        Wind:             Peak:    99 kts                         Day: 22
                           Avg:    16.7 kts
                        Days Prevailing:
                                             NNW : 6
                                             W : 5
                                             NNE : 5
                                             N : 3
                                             NE : 3
                                             SE : 2
                                             NW : 2
                                             ESE : 1
                                             SW : 1
                                             WNW : 1
                                             SSW : 1
                                             E : 0
                                             SSE : 0
                                             S : 0
                                             ENE : 0
                                             WSW : 0


        Precipitation: Rainfall:      25.1 mm                     YTD:     mm
                           Snow:      55 cm                       YTD:     cm
        Maximum Snowstake Depth:      105.4 cm                    Day: 27

============================= Daily Weather Data =============================
Column Titles:
        1. Day                         9. Wind 5-Sec Peak Direction
        2. Temperature High    (C)    10. Wind Average               (knots)
        3. Temperature Low     (C)    11. Wind Prevailing Direction
        4. Temperature Average (C)    12. Rainfall                   (mm)
        5. Pressure High      (mb)    13. Precipitation Snow         (cm)
        6. Pressure Low       (mb)    14. Depth at Snowstake         (cm)
        7. Pressure Average   (mb)    15. Sea Surface Temperature    (C)
        8. Wind 5-Sec Peak (knots)    16. Sea Ice                    (WMO code)

01      -3      -6.4    -4.8    1010.8  998.3   1007.6  36.5    344     17.3    N       0       0       60.8    -1.6    11980
02      -1.3    -7.2    -5.1    1017    1004    1008.6  61.5    133     18      SW      0       0       59.2    -1.6    11980
03      -4.6    -7      -6.1    1018.2  1012.5  1015.3  23.6    211     9.1     SSW     0       0       59.2    -1.6    11980
04      -2.3    -6.2    -4.9    1013.2  1004.7  1010.3  18.1    223     5.4     NW      0.3     0       59.2    -1.5    21972
05      -1.7    -2.7    -2.2    1004.8  1002.8  1003.9  26.6    328     11.5    NNW     0       1       60      -1.5    21972
06      1.3     -2.3    -0.9    1003.3  991.3   998.5   39.9    336     19.1    NNW     0.8     3       63      -1.6    21972
07      0.9     -1.9    -0.2    991.3   977.9   982.9   70.6    352     34.1    N       2.3     20      83      -1.6    31972
08      -1.3    -11.4   -6.3    991.6   976.7   982.8   18.6    254     9.2     NW      0       0       81.8    -1.6    31972
09      0.2     -9.6    -2.4    992.1   980.9   987.8   68.7    348     24.6    NNW     2.5     1       82.6    -1.6    31972
10      1.1     -4.1    -0.9    987.1   957.7   975.8   83.3    3       33      NNE     9.1     9       91.6    -1.7    21972
11      1.2     -21.4   -13.2   985     952.4   968.8   76.7    344     42.4    W       1.3     4       95.2    -1.7    31963
12      -8.6    -20.8   -17.6   988.5   973.4   984.9   44.4    221     13.8    W       0       0       95.2    -1.7    51963
13      -6.7    -14     -10.8   985.1   970.1   976.2   42.2    165     16      W       0       0       93.4    -1.7    51963
14      -9      -13.6   -11.1   996.6   985.1   992.5   23.8    265     6.3     W       0       0       93.4    -1.7    51963
15      -9.9    -13.8   -11.7   996.6   992.2   994     22.3    43      7       NE      0       0       93.4    -1.7    51963
16      -9.7    -14.4   -11.8   1000.9  996.3   999.5   14.5    93      3.1     NE      0       0       92.6    -1.7    52963
17      -3.8    -12.5   -7.9    999.2   984.9   992.8   29.3    36      5.7     NE      0       0       92.4    -1.7    52963
18      -0.9    -6.4    -3.7    984.9   972.9   978.4   54      34      10.2    SE      0       0       92.4    -1.7    52963
19      0.7     -3.5    -1.4    975.4   969.5   973.2   60.3    17      19.7    NNE     0.5     0       92.8    -1.7    52963
20      -0.4    -3.1    -2      969.8   964.6   966.2   44.9    63      8.7     NNE     0       0       93      -1.7    52961
21      -2.3    -14.4   -7.9    983.1   967.9   975.2   23.5    288     13      WNW     0       2       95      -1.8    52961
22      -0.4    -15     -5.2    982.8   958.5   969.4   99.4    40      37.9    NNE     2.5     0       91.4    -1.8    32961
23      -3.3    -8.9    -7      988.7   966.5   978.7   47.3    250     17.3    W       0       0       91.4    -1.8    32961
24      -2.7    -10.7   -6      988.7   982.4   985.6   49.6    105     9.4     ESE     1.5     3       94.2    -1.8    32961
25      2       -4.4    -1.4    984.1   964.8   972.2   63.7    88      28.5    SE      1.3     2       96.2    -1.8    32961
26      0.3     -3.5    -1.3    975.9   966.9   972.4   88.2    25      36.3    NNW     2.3     9       104.8   -1.8    22961
27      -0.9    -2.8    -1.9    984.3   971.4   976.5   51.2    23      23.2    NNW     0.8     1       105.4   -1.7    12960
28      -1.7    -4.7    -3.2    986.6   981.8   984.6   36.3    328     10.6    NNW     0       0       104.2   -1.7    12960
29      -4.2    -7      -5.5    986.8   981.7   984.2   13.9    209     3.6     NNE     0       0       103.8   -1.6    52963
30      -3      -7.6    -5.4    991.3   986.6   988.8   36.4    143     6.3     N       0                       -1.6    
