******************************************************************************
Palmer Station Weather Highlights:       July, 2019

        Temperature:    Abs Max:   3.7 C                          Day: 25
                        Abs Min:   -12.7 C                        Day: 24
                            Avg:   -4.2 C

        Pressure:       Abs Max:   1018.3 mb              Day: 11
                        Abs Min:   962.8 mb               Day: 27
                            Avg:   997.2 mb

        Wind:             Peak:    109 kts                        Day: 25
                           Avg:    13.5 kts
                        Days Prevailing:
                                             NE : 10 
                                             NNE : 10 
                                             N : 2 
                                             SW : 2 
                                             E : 2 
                                             WSW : 2 
                                             NW : 1 
                                             ENE : 1 
                                             NNW : 1 
                                             W : 0 
                                             S : 0 
                                             SSE : 0 
                                             SSW : 0 
                                             WNW : 0 
                                             SE : 0 
                                             ESE : 0 


        Precipitation: Rainfall:      20.1 mm                     YTD:    424.2 mm
                           Snow:      27 cm                       YTD:     cm
        Maximum Snowstake Depth:      49.4 cm                     Day: 29

============================= Daily Weather Data ============================= 
Column Titles:
        1. Day                         9. Wind 5-Sec Peak Direction 
        2. Temperature High    (C)    10. Wind Average               (knots)
        3. Temperature Low     (C)    11. Wind Prevailing Direction
        4. Temperature Average (C)    12. Rainfall                   (mm)
        5. Pressure High      (mb)    13. Precipitation Snow         (cm)
        6. Pressure Low       (mb)    14. Depth at Snowstake         (cm)
        7. Pressure Average   (mb)    15. Sea Surface Temperature    (C)
        8. Wind 5-Sec Peak (knots)    16. Sea Ice                    (WMO code)

01      -6.6    -10.7   -7.8    1015.1  997.2   1006.9  22.1    207     8.1     E       0       0       32.6    -1.6    0/6/0 
02      -5.9    -7.2    -6.5    1015.3  1010.8  1013.3  30.8    234     12.7    SW      0       0       32.6    -1.6    0/6/0 
03      -2.4    -6.9    -4.8    1010.9  999.4   1006.2  47.3    19      12.8    NNE     0       0       32.6    -1.6    0/6/0 
04      0.2     -4.8    -2.6    1002    994     998.2   75.3    27      23.3    NNE     1.5     5       37.6    -1.6    0/7/0 
05      -4      -6.5    -5.3    1005.1  1001.8  1003.3  15.1    110     6.2     NE      0       0       37.6    -1.6    0/7/0 
06      -2.8    -6.1    -4.7    1006.8  1004.6  1006    15.9    345     4.9     NE      0       0       37.6    -1.7    0/7/0 
07      -1.9    -4.5    -3.5    1011.9  1006.4  1009.7  18.5    101     5.3     NE      0       0       37.6    -1.5    0/7/0 
08      -2.7    -5.6    -4.2    1015    1011.5  1012.6  14.1    126     4.7     NE      0       0       37.6    -1.5    0/7/0 
09      -3.7    -5.5    -4.6    1016.2  1014.7  1015.5  15.4    320     6.1     N       0       0       37.6    -1.5    0/7/0 
10      -2.7    -7.1    -4.8    1018.1  1014.4  1016    14.8    332     3.8     NNW     0       0       37.8    -1.4    20710 
11      -3.6    -7.5    -6.4    1018.3  1016.4  1017.7  5.8     296     1       NNE     0       0       37.6    -1.4    20717 
12      -2.6    -5.1    -3.4    1018.3  1013.3  1016.1  15.9    343     5.5     NW      0       0       37.6    -1.5    21716 
13      -4.4    -6.8    -5.6    1013.2  1011.2  1012    8.6     8       4       NE      0       0       37.6    -1.6    21716 
14      -0.3    -8.1    -5.6    1011.4  1003.6  1008.3  19.4    114     4.7     NE      0       0       37.6    -1.7    21716 
15      3.7     -1.9    0.9     1003.5  991     995.9   70.3    48      21.3    NNE     0       0       37.6    -1.6    0/7/0 
16      2       -1.3    0.2     991.9   976.6   984.6   49.7    26      12.8    NNE     0       0       37.2    -1.5    0/7/0 
17      0.6     -2.3    -1.5    988.7   976.6   980.8   42.8    24      19.6    NNE     0.3     2       39.6    -1.6    0/7/0 
18      2.2     -4.4    -1      991.2   986.2   988.9   66      48      22.2    NE      0.3     2       41.4    -1.6    0/8/0 
19      2.5     -4      -1.4    991.4   987.4   989.8   48.4    157     11.3    NE      0       0       39.6    -1.5    0/8/0 
20      -3.6    -4.9    -4.1    990.1   981.5   985.9   27.7    12      7.3     NNE     0       0       39.2    -1.6    0/8/0 
21      -4.1    -7.6    -5.8    981.6   979.7   980.8   19.8    207     6.2     NNE     0       0       39.2    -1.7    10870 
22      -3.3    -6.6    -4.6    983.4   978     979.5   32.6    222     7.7     WSW     0.3     1       40.4    -1.6    10870 
23      -6.2    -12.2   -10.2   999.9   983.4   992     28.1    244     14.6    WSW     0       1       41.2    -1.7    10870 
24      -7.5    -12.7   -10.4   1004.6  999.9   1003.1  30.8    89      9.2     E       0       3       44.4    -1.7    10870 
25      3.7     -9.6    -3.9    1002.8  974.9   989.2   109.3   61      40      ENE     4.8     0       44.4    -1.4    0/8/0 
26      3.5     -1.4    1.1     975.4   969.1   971.8   92.9    23      42.1    NNE     10.9    0       37.6    -1.2    0/8/0 
27      0.2     -3.9    -2.2    970.3   962.8   968.2   78.1    47      33.2    N       1       6       43.6    -1.2    0/8/0 
28      -1.5    -4.2    -2.7    975.4   967.7   970.3   64.2    31      22.7    NE      0.3     0       42.2    -1.3    0/8/0 
29      -2.7    -6.1    -3.7    997.9   975.4   987.7   33.2    243     15.7    SW      0       7       49.4    -1.4    0/6/0 
30      -1.1    -6.4    -4.1    1000.7  991.5   996.3   66.7    22      18.5    NNE     0.8     0       47.2    -1.5    0/6/0 
31      -5.8    -9.1    -7.5    1010.8  1000.7  1006.4  28.8    25      11.2    NE      0       0       46.4    -1.6    0/6/0 
