********************************************************************************
Palmer Station Weather Highlights: March 2008

        Temperature:    Abs Max:  6.6 C 	Day: 6
                        Abs Min: -2.9 C 	Day: 23
                            Avg:  1.3 C
                        Avg Max:  3.2 C
                        Avg Min: -0.2 C

        Pressure:       Abs Max: 1005.9 mb  	Day: 5
                        Abs Min:  957.1 mb 	Day: 25
                            Avg:  988.1 mb
                        Avg Max:  994.0 mb
                        Avg Min:  981.8 mb

        Wind: 		  Peak: 55 kts 		Day: 3
                           Avg: 10 kts
                        Days Prevailing:      N: 14
                                             NE:  0
                                              E:  1
                                             SE:  6
                                              S:  0
                                             SW:  0
                                              W:  3
                                             NW:  7

        Precipitation:  Melted: 82.6 mm 	YTD: 0.0 mm
                          Snow:   11 cm  	YTD:   0 cm
                Maximum Snowstake Depth: 0 cm 	Day: NA


============================== Daily Weather Data ==============================
Column Titles:
        1. Day 			        9. Wind 2-Min Peak 	     (knots)
        2. Temperature High    (C)     10. Wind 2-min Peak Direction (degrees)
        3. Temperature Low     (C)     11. Wind Average 	     (knots)
        4. Temperature Average (C)     12. Wind Prevailing Direction
        5. Pressure High       (mb)    13. Precipitation Melted      (mm)
        6. Pressure Low        (mb)    14. Precipitation Snow        (cm)
        7. Pressure Average    (mb)    15. Depth at Snowstake        (cm)
        8. Wind 5-Sec Peak     (knots) 16. Sea Temp/Ice              (WMO code)

 1  4.2  0.7  2.4 1003.3 981.4  990.5 41 27 043  8  E  2.5 0 0 000140/6/0
 2  3.6  0.7  2.0  995.5 981.6  987.4 24 19 324  9 NW 11.4 0 0 000090/6/0
 3  6.0  0.7  2.3 1004.6 994.6 1000.9 55 44 002 11 NW  0.5 0 0 000090/6/0
 4  5.0  1.1  3.1 1005.7 996.2 1003.3 38 31 001 17 NW  4.6 0 0 000110/6/0
 5  4.4  1.8  3.0 1005.9 994.4 1001.5 25 22 309  8 NW  4.1 0 0 000070/6/0
 6  6.6  1.2  3.3  994.5 972.8  982.1 23 18 022  5 SE  0.0 0 0 000110/6/0
 7  4.1  0.4  2.2  988.4 977.7  983.9 20 16 355  4 NW  6.1 0 0 000090/6/0
 8  5.4  1.2  3.7  995.8 988.3  992.4 29 23 354 11  N  1.3 0 0 000090/7/0
 9  3.4  0.1  1.3  996.1 985.7  992.3 13 10 302  4  N  0.5 0 0 000110/7/0
10  4.1  0.5  1.9  985.8 976.9  981.6 31 26 306  8 SE 12.2 0 0 000100/7/0
11  3.1  0.4  2.2  985.7 974.3  981.2 34 26 351 18  N  4.3 0 0 010010/4/0
12  3.0  0.1  1.2  975.3 968.8  971.3 36 28 360 16  W 13.7 4 0 000080/7/0
13  1.6 -0.1  0.5  990.3 975.3  981.9 26 24 260 14  W  0.0 0 0 000090/6/0
14  3.1 -1.4  0.3  990.7 972.3  985.8 46 38 011  7 SE  0.0 0 0 000090/7/0
15  3.4 -0.4  1.7  982.0 968.1  971.5 43 34 161 10 SE  9.1 0 0 000130/6/0
16  3.7 -1.6  0.5  991.6 982.1  988.0 53 41 002 15  N  1.0 0 0 000070/6/0
17  5.0  1.2  2.9  985.4 981.3  983.6 42 33 002 10  N  0.0 0 0 000100/4/0
18  2.6 -1.0  0.8  993.1 980.8  985.0 12 11 318  4 NW  0.0 0 0 000070/5/0
19  1.4 -1.9 -0.7 1000.5 993.1  997.9 14 13 355  4  N  0.0 0 0 000080/5/0
20  2.3 -1.0  0.1 1000.3 998.6  999.3 10  6 235  2 SE  0.0 1 0 000140/6/0
21  0.3 -1.3 -0.5 1000.0 994.3  998.7 18 17 257  6  W  0.0 1 0 000110/5/0
22  2.0 -2.8 -0.5  994.3 983.7  986.7 25 21 004  6  N  0.0 0 0 000100/5/0
23  0.1 -2.9 -1.3  997.7 987.5  994.3 13 13 304  6 NW  2.0 0 0 010050/5/0
24  4.0 -1.4  0.2  995.9 957.2  974.5 49 34 034 14  N  0.8 0 0 000110/6/0
25  2.1 -0.9  0.4  982.8 957.1  968.4 37 27 128 12 SE  0.3 0 0 000110/6/0
26 -0.1 -2.4 -1.0  993.8 982.8  989.8 13 12 255  5  N  0.3 2 0 000000/6/0
27  1.7 -1.0  0.2  993.6 984.8  988.4 49 36 003  9  N  0.0 0 0 000080/6/0
28  2.3  0.2  1.3  997.1 985.8  990.2 41 32 009 14  N  0.0 0 0 000090/6/0
29  3.2 -0.6  0.8 1001.5 990.6  998.5 36 30 010  6  N  1.0 3 0 000070/6/0
30  3.4  1.4  2.5  992.3 986.7  989.6 50 40 008 18  N  2.3 0 0 000050/6/0
31  3.6  1.4  2.6  994.7 980.4  990.6 45 34 009 20  N  4.6 0 0 000030/5/0
