********************************************************************************
Palmer Station Weather Highlights: February 2008

        Temperature: 	Abs Max:  6.8 C 	Day: 16
                        Abs Min: -1.5 C 	Day: 10
                            Avg:  2.2 C
                        Avg Max:  4.1 C
                        Avg Min:  0.7 C

        Pressure: 	Abs Max: 1009.3 mb 	Day: 28
                        Abs Min:  957.4 mb 	Day: 19
                            Avg:  986.4 mb
                        Avg Max:  990.8 mb
                        Avg Min:  981.3 mb

        Wind: 		  Peak: 60 kts 		Day: 23
                           Avg: 11 kts
                        Days Prevailing:      N:  9
                                             NE:  0
                                              E:  1
                                             SE:  0
                                              S:  1
                                             SW:  1
                                              W:  5
                                             NW: 12

        Precipitation:  	 Melted: 41.4 mm YTD: 123.9 mm
                        	   Snow:    0 cm YTD:    15 cm
                Maximum Snowstake Depth:    0 cm Day: NA


============================== Daily Weather Data ==============================
Column Titles:
        1. Day 			        9. Wind 2-Min Peak 	     (knots)
        2. Temperature High    (C)     10. Wind 2-min Peak Direction (degrees)
        3. Temperature Low     (C)     11. Wind Average 	     (knots)
        4. Temperature Average (C)     12. Wind Prevailing Direction
        5. Pressure High       (mb)    13. Precipitation Melted      (mm)
        6. Pressure Low        (mb)    14. Precipitation Snow        (cm)
        7. Pressure Average    (mb)    15. Depth at Snowstake        (cm)
        8. Wind 5-Sec Peak     (knots) 16. Sea Temp/Ice 	     (WMO code)

February 2008
 1 5.9  1.0 2.9  993.6  986.8  990.1 12 11 323  4 NW 0.5 0 0 000130/4/0
 2 3.6  1.0 2.1  996.2  993.6  995.5 23 21 252  9  W 0.5 0 0 000140/6/0
 3 3.5  0.5 1.6  995.9  986.3  990.5 10 10 276  5  W 0.3 0 0 000120/6/0
 4 3.2  0.1 1.4  988.9  981.1  986.3 13 11 318  4 NW 0.3 0 0 000100/6/0
 5 3.4  0.3 1.3  981.1  978.9  979.7 17 11 048  5 NW 0.0 0 0 000110/6/0
 6 2.5 -0.3 0.8  992.4  980.5  987.0 19 17 259  9 NW 0.3 0 0 010020/6/0
 7 1.9 -0.3 1.1  993.9  991.0  992.7 22 20 257 12  W 0.3 0 0 000010/6/0
 8 2.5  0.2 1.3  998.7  990.8  993.7 20 18 247 11 SW 0.0 0 0 000090/4/0
 9 2.9  0.6 1.4 1006.2  998.8 1003.1 23 19 248 11  W 0.0 0 0 000120/4/0
10 4.3 -1.5 0.8 1005.6  988.7 1000.5 37 24 000  9  N 0.0 0 0 000110/6/0
11 6.4  2.5 4.3  988.7  975.5  979.2 47 36 358 11  N 0.3 0 0 000140/6/0
12 5.5  1.9 2.7  975.5  969.0  971.9 14 12 230  4  S 2.0 0 0 000200/7/0
13 2.0  0.4 1.3  984.5  971.8  979.1 20 19 293 11 NW 5.8 0 0 000110/7/0
14 5.0 -1.0 1.8  986.9  984.1  985.9 41 34 358 11  N 0.0 0 0 000150/7/0
15 5.2  4.1 4.5  984.5  978.1  982.2 54 42 356 27  N 2.3 0 0 000180/7/0
16 6.8  1.8 4.2  985.6  980.8  983.9 47 33 358 15  N 4.1 0 0 000160/6/0
17 3.9  0.5 2.5  983.3  979.5  982.0 29 22 351  9 NW 5.6 0 0 000090/6/0
18 3.4  0.6 2.1  982.6  971.2  978.0 46 39 355 11  N 0.8 0 0 000130/6/0
19 3.7  0.4 2.4  976.8  957.4  965.2 52 41 012 14  N 1.8 0 0 000150/6/0
20 1.6 -0.3 0.7  976.1  959.9  971.4 29 25 265 13  W 0.0 0 0 000140/7/0
21 3.2  0.4 2.0  975.7  967.7  970.4 44 33 007 16  N 0.5 0 0 000140/6/0
22 5.2  0.7 1.9  984.7  970.0  979.0 31 25 008  9 NW 0.0 0 0 000140/7/0
23 5.3  1.9 3.7  983.3  968.1  974.5 60 50 002 22 NW 7.4 0 0 000030/6/0
24 3.9  0.7 2.9  986.7  980.4  984.1 36 30 322 20 NW 4.8 0 0 000050/6/0
25 4.7  1.1 2.3 1000.2  986.7  996.2 25 22 302  9 NW 1.3 0 0 010010/7/0
26 6.5  0.3 3.1 1000.4  989.4  995.9 34 20 129  6  E 0.5 0 0 000110/6/0
27 5.3  2.1 3.8 1008.2  989.9  998.7 30 26 355 11  N 0.0 0 0 000120/7/0
28 2.8  0.1 1.3 1009.3  999.8 1004.4 20 17 355  5 NW 1.3 0 0 000110/6/0
29 4.3  0.9 2.2 1006.8 1001.2 1004.8 19 13 095  4 NW 1.0 0 0 000100/6/0