********************************************************************************
Palmer Station Weather Highlights: January 2008

        Temperature:    Abs Max:  6.7 C 	Day: 31
                        Abs Min: -1.5 C 	Day: 16
                            Avg:  2.2 C
                        Avg Max:  4.4 C
                        Avg Min:  0.4 C

        Pressure:       Abs Max: 1004.9 mb 	Day: 27
                        Abs Min:  965.4 mb 	Day:  1
                            Avg:  985.5 mb
                        Avg Max:  989.4 mb
                        Avg Min:  981.9 mb

        Wind:             Peak: 67 kts 		Day: 25
                           Avg:  8 kts
                        Days Prevailing:      N:  8
                                             NE:  1
                                              E:  3
                                             SE:  1
                                              S:  0
                                             SW:  4
                                              W:  4
                                             NW: 10

        Precipitation:           Melted: 82.5 mm 	YTD: 82.5 mm
                                   Snow:   15 cm 	YTD: 15 cm
                Maximum Snowstake Depth: 0 cm 		Day: NA


============================== Daily Weather Data ==============================
Column Titles:
        1. Day                          9. Wind 2-Min Peak 	     (knots)
        2. Temperature High    (C)     10. Wind 2-min Peak Direction (degrees)
        3. Temperature Low     (C)     11. Wind Average 	     (knots)
        4. Temperature Average (C)     12. Wind Prevailing Direction
        5. Pressure High       (mb)    13. Precipitation Melted      (mm)
        6. Pressure Low        (mb)    14. Precipitation Snow 	     (cm)
        7. Pressure Average    (mb)    15. Depth at Snowstake 	     (cm)
        8. Wind 5-Sec Peak     (knots) 16. Sea Temp/Ice 	     (WMO code)

January 2008
 1 4.0  1.1 2.5  973.4 965.4  968.6 32 26 005 11  N  4.8 0 0 000182/6/0
 2 3.5  0.0 1.6  974.2 968.2  970.3 19 18 302  7 NW  1.3 0 0 000152/6/0
 3 3.0 -0.6 1.1  977.3 974.2  976.0 17 16 328  5 SE  0.3 0 0 000122/6/0
 4 4.4 -0.2 2.0  979.1 975.2  976.5  7  7 259  3 SW  0.0 0 0 000152/6/0
 5 3.7  0.1 1.4  986.4 979.1  983.1 26 18 253  6  W  0.0 0 0 000252/4/0
 6 2.7 -0.5 0.9  988.0 985.4  986.3 20 19 259  8  W  0.0 0 0 000152/6/0
 7 5.6 -0.8 1.9  988.8 988.0  988.5  7  7 271  3 NW  0.0 0 0 000162/6/0
 8 4.4  1.3 2.9  988.3 984.2  985.7 32 19 090 11  E  0.0 0 0 000060/6/0
 9 6.2  1.0 3.5  984.2 980.7  982.0 16 12 211  4  W  0.0 0 0 000182/6/0
10 6.3 -0.1 2.3  989.0 981.5  985.4 11 10 336  5  N  0.0 0 0 000252/4/0
11 3.8 -0.2 1.3  988.8 980.6  984.8 12 12 308  6 NW  0.0 0 0 000133/6/0
12 6.0  0.2 2.4  982.1 979.8  980.7 12  9 223  3 SW  0.0 0 0 000252/4/0
13 2.7 -0.1 1.3  982.3 980.3  981.6 16 12 348  7  N  0.5 0 0 000122/6/0
14 3.8 -0.5 0.5  980.3 977.1  978.2 24 20 239  9 SW  2.0 8 0 000122/6/0
15 4.9 -0.4 2.4  987.8 979.1  983.8 19 13 048  5  E  0.0 0 0 000133/4/0
16 4.1 -1.5 1.4  995.2 987.8  991.9 19 12 047  7 NE  0.0 0 0 000162/4/0
17 3.6  0.9 2.2  996.1 995.1  995.8 11 11 276  8  W  0.0 0 0 000252/4/0
18 3.3  0.9 1.8  995.6 994.0  994.4 14 10 304  4  N  0.3 0 0 000182/4/0
19 4.4  1.3 2.7  995.1 987.6  990.1 35 29 002 10  N  2.5 0 0 000132/4/0
20 3.8  0.4 1.7  987.5 973.3  980.1 16 14 266  6 NW 23.6 5 0 000102/4/0
21 5.7  0.4 2.7  983.1 965.4  971.6 30 19 043  8  E  1.0 0 0 000122/4/0
22 3.7  0.8 1.9  992.5 969.2  982.9 27 20 350 11 NW  7.9 2 0 000062/4/0
23 4.7  0.5 2.7  994.3 982.7  987.1 41 35 360 15 NW  9.1 0 0 000062/4/0
24 5.1  1.5 2.9 1004.7 994.3 1001.5 41 31 360 11 NW  0.3 0 0 000092/4/0
25 6.5  2.0 4.7  999.5 984.9  988.8 67 49 002 28  N  9.4 0 0 000102/4/0
26 4.0  1.0 2.2 1002.5 990.8  995.8 25 20 316 12 NW  0.8 0 0 010072/4/0
27 5.8  2.1 4.0 1004.9 992.2 1000.5 46 35 004 17  N  1.8 0 0 000044/4/0
28 5.4  1.0 2.5  993.2 988.9  990.4 16 10 332  5 NW  5.3 0 0 000092/4/0
29 3.1  0.5 1.5  996.1 983.1  991.3 12 12 269  6 NW 10.4 0 0 000080/4/0
30 2.3  1.3 1.7  991.4 982.8  988.4 22 18 249  8 SW  1.3 0 0 000110/4/0
31 6.7 -0.5 2.4  990.5 986.6  988.5 15 13 358  3  N  0.0 0 0 000150/4/0