********************************************************************************
Palmer Station Weather Highlights:       May 2008

        Temperature:    Abs Max:     5.4 C          Day: 3
                        Abs Min:    -7.1 C          Day: 30
                            Avg:    -0.9 C
                        Avg Max:     1.0 C
                        Avg Min:    -2.6 C

        Pressure:       Abs Max:  1009.8 mb         Day: 15
                        Abs Min:   966.8 mb         Day: 3
                            Avg:   989.5 mb
                        Avg Max:   994.1 mb
                        Avg Min:   984.5 mb

        Wind:             Peak:       79 kts        Day: 30
                           Avg:       15 kts
                        Days Prevailing:      N: 17
                                             NE: 3
                                              E: 0
                                             SE: 2
                                              S: 0
                                             SW: 2
                                              W: 5
                                             NW: 2

        Precipitation:  Melted:     62.2 mm         YTD:   328.9 mm
                          Snow:       36 cm         YTD:      91 cm
                Maximum Snowstake Depth:      28 cm Day: 26


============================== Daily Weather Data ==============================
Column Titles:
        1. Day                         9. Wind 2-Min Peak            (knots)
        2. Temperature High    (C)    10. Wind 2-min Peak Direction  (degrees)
        3. Temperature Low     (C)    11. Wind Average               (knots)
        4. Temperature Average (C)    12. Wind Prevailing Direction
        5. Pressure High      (mb)    13. Precipitation Melted       (mm)
        6. Pressure Low       (mb)    14. Precipitation Snow         (cm)
        7. Pressure Average   (mb)    15. Depth at Snowstake         (cm)
        8. Wind 5-Sec Peak (knots)    16. Sea Temp/Ice               (WMO code)

 1   3.9  -3.8  -1.3  998.1  991.7  995.9 32 16 022  4 SE  0.0  2  10 010050/4/0
 2   4.4   0.7   2.6  997.5  986.0  993.5 46 38 357 16 N   0.3  0  10 010020/4/0
 3   5.4   0.9   2.3  986.2  966.8  972.4 65 49 011 30 N  21.3  0   0 000040/4/0
 4   3.7   1.1   2.2  979.7  973.2  976.5 39 29 011 17 N   2.8  0   0 000030/4/0
 5   3.9   0.7   2.3  984.9  979.1  982.1 51 40 008 21 N   2.3  0   0 000040/4/0
 6   3.0   0.9   1.7  986.3  980.9  984.0 47 39 007 23 N   0.5  0   0 010010/4/0
 7   3.0   0.0   1.0  984.2  974.6  980.1 44 36 006 16 NE  0.5  0   0 000010/4/0
 8   2.9  -1.3   0.9  984.6  971.5  978.8 47 37 009 16 N   2.8  0   0 000010/4/0
 9   1.2  -1.2   0.2  982.4  975.5  979.9 31 25 358 13 N   0.3  0   0 010020/4/0
10   1.2   0.0   0.5  988.0  982.3  985.5 29 25 360 15 NW  0.5  0   0 010100/4/0
11   1.2  -1.3  -0.3  996.3  980.8  986.1 20 19 254 10 SW  2.5  8  11 010020/4/0
12   2.4  -4.7  -1.2 1000.8  996.4  999.6 27 22 007  7 NE  0.0  0  10 010030/4/0
13   1.8  -1.8   0.3  999.6  995.5  997.3 37 28 007  8 NE  0.0  0   8 010010/4/0
14  -0.7  -4.0  -2.0  997.5  995.8  996.7 15 12 351  5 N   0.0  0   6 010090/4/0
15  -1.5  -4.9  -2.7 1009.8 1005.7 1008.2 18 17 273  7 W   0.0  0   5 010090/4/0
16  -1.5  -4.9  -2.7 1009.8 1005.7 1008.2 18 17 273  7 W   0.0  0   4 010120/4/0
17  -2.1  -4.9  -3.7 1005.7 1000.0 1002.9  9  8 347  4 N   0.0  0   4 010070/4/0
18   0.5  -3.3  -2.4 1000.0  983.7  990.2 25 17 169  6 SE  1.5  1   5 010080/4/0
19  -0.3  -3.5  -1.9 1001.8  987.8  995.3 26 17 135  6 N   0.0  2   9 010090/4/0
20  -0.5  -6.9  -3.8 1004.5 1000.1 1003.2 37 30 002  8 N   0.0  0   8 010090/4/0
21   2.1  -0.5   0.9 1001.9  998.0  999.7 44 34 360 23 N   1.8  0   7 010090/4/0
22   1.7   0.3   0.9 1002.3  995.0  998.0 49 41 354 28 N   2.0  0   7 010080/4/0
23   3.1   1.0   1.9  997.2  977.1  990.8 44 33 004 26 N   3.8  0   4 010050/4/0
24   1.8  -2.3   0.0  978.9  973.0  976.3 33 27 353 17 N   2.3  3   7 010060/4/0
25   0.2  -3.1  -1.7  981.7  974.3  978.9 38 31 360 18 N   0.5  0   4 010100/4/0
26  -1.7  -5.7  -3.6  984.2  968.7  973.3 47 39 004 10 N  12.7 12  28 010130/4/0
27  -1.8  -5.5  -2.6 1003.8  984.2  996.4 22 18 250 10 W   0.0  8  26 010130/4/0
28   0.6  -3.1  -0.9 1002.2  988.2  994.8 39 33 270 18 NW  2.5  0  27 010160/4/0
29  -1.3  -5.4  -4.2  993.7  981.7  990.2 48 38 256 24 W   0.8  0  27 010150/4/0
30  -1.1  -7.1  -4.3  981.6  970.6  974.2 79 46 247 27 W   0.5  0  28 010160/4/0
31  -4.2  -7.1  -5.8  992.8  976.5  986.3 40 32 246 22 SW  0.0  0  28 010160/4/0
