********************************************************************************
********************************************************************************
********************************************************************************
Palmer Station Weather Highlights: July 2008

        Temperature: Abs Max:   4.9 C Day: 25
                     Abs Min: -10.6 C Day: 17
                         Avg:  -3.9 C
                     Avg Max:  -1.8 C
                     Avg Min:  -5.8 C

        Pressure: Abs Max: 1028.1 mb Day: 19
                  Abs Min:  941.1 mb Day:  6
                      Avg:  993.8 mb
                  Avg Max:  998.4 mb
                  Avg Min:  988.4 mb

        Wind: Peak: 62 kts Day: 27
                           Avg: 12 kts
                        Days Prevailing: N: 14
                                        NE:  4
                                         E:  1
                                        SE:  1
                                         S:  0
                                        SW:  3
                                         W:  5
                                        NW:  3

        Precipitation: Melted: 23.4 mm YTD: 389.5 mm
                         Snow:    6 cm YTD:   147 cm
                Maximum Snowstake Depth: 38 cm Day: 1


============================== Daily Weather Data==============================
Column Titles:
        1. Day 9. Wind 2-Min Peak(knots)
        2. Temperature High (C) 10. Wind 2-min Peak Direction(degrees)
        3. Temperature Low (C) 11. Wind Average(knots)
        4. Temperature Average (C) 12. Wind Prevailing Direction
        5. Pressure High (mb) 13. Precipitation Melted(mm)
        6. Pressure Low (mb) 14. Precipitation Snow(cm)
        7. Pressure Average (mb) 15. Depth at Snowstake(cm)
        8. Wind 5-Sec Peak (knots) 16. Sea Temp/Ice(WMO code)

 1  0.1  -3.4 -1.7  973.9  962.3  968.2 54 42 007 24 NW 3.8 0 38 010160/4/0
 2 -0.2  -6.9 -3.2  975.5  965.4  969.5 53 43 007 18  W 0.0 0 31 010150/4/0
 3 -2.6  -7.9 -5.2  976.2  957.9  970.8 41 28 008 16  N 0.5 1 30 010160/4/0
 4 -3.6  -9.3 -6.4  961.7  945.8  953.8 53 38 124 19  E 0.5 0 30 010110/4/0
 5 -5.2  -8.3 -6.8  965.7  956.2  959.2 34 30 300 15 NW 0.0 0 30 010170/4/0
 6 -2.2  -8.8 -6.1  968.0  941.1  955.8 58 42 356 20  N 1.8 0 30 010090/6/0
 7 -2.2  -9.6 -7.8  984.3  945.8  970.2 39 31 237 16  W 0.3 0 30 010170/4/0
 8 -8.1  -9.3 -8.8  993.0  984.4  989.8 29 21 248 13 SW 0.0 1 31 010170/4/0
 9 -3.1  -9.7 -7.5  991.2  977.6  985.1 44 37 255 23  W 1.3 0 31 010180/4/0
10 -2.9  -9.4 -7.5  998.8  990.7  995.4 37 30 249 13 SW 0.0 0 30 0101520470
11 -1.1  -2.9 -1.3 1008.2  998.5 1003.6 22 20 281 13  W 0.0 0 31 0101620470
12 -1.3  -6.7 -3.5 1010.6 1008.0 1009.7 19 17 252  6 NE 0.0 1 31 0101720470
13 -3.9  -7.4 -5.8 1009.3  999.5 1005.3  9  8 328  2  N 0.0 0 30 0101720470
14 -4.9  -6.4 -5.6 1000.8  998.0  998.9  9  8 344  4  N 0.0 1 32 0101720460
15 -3.9  -8.0 -5.8 1006.8 1000.8 1004.0 12 11 349  4 NE 0.0 0 32 0101520460
16 -4.6  -8.5 -6.6 1011.5 1006.7 1009.5 12 10 352  4  N 0.0 0 32 0101620460
17 -7.2 -10.6 -9.0 1013.1 1011.3 1012.3  7  5 340  2 NE 0.0 0 32 0101720460
18 -4.8  -8.4 -6.3 1020.0 1012.9 1015.5  7  7 252  3  N 0.0 0 32 0101520460
19 -2.3  -7.3 -5.7 1028.1 1020.0 1024.6 20 17 353  4  N 0.0 0 31 0101520460
20 -2.2  -5.1 -3.8 1028.0 1023.1 1025.2 16 15 265  8 NW 0.0 0 31 0101420470
21 -1.9  -3.6 -2.7 1024.1 1022.3 1023.2 16 15 255  9  W 0.0 0 31 0101520470
22 -2.8  -5.8 -3.8 1024.4 1018.2 1022.1  9  7 258  3  N 0.0 0 31 0101520670
23 -2.4  -7.0 -5.4 1018.2 1013.0 1015.7 20 18 354  5  N 0.0 0 31 0101620670
24  3.8  -4.4 -0.4 1013.1 1004.2 1007.9 29 19 019  5 SE 0.0 0 31 0101420670
25  4.9   2.0  3.4 1004.4  994.4 1000.4 48 36 009 19  N 0.0 0 28 010100/6/0
26  4.4   0.3  2.3  995.0  984.6  990.9 53 42 001 19  N 1.3 0 24 010090/6/0
27  3.2   0.8  1.9  986.7  980.3  984.5 62 42 001 31  N 6.4 0 24 010090/6/0
28  1.5  -1.2  0.2  985.0  979.1  982.1 47 39 360 20  N 2.0 2 30 0101121410
29  1.5  -1.8  0.3  981.6  973.4  977.1 55 45 356 23  N 5.6 0 27 0100921410
30  0.3  -3.1 -1.3  988.7  977.5  981.1 28 23 025  7 NE 0.0 0 26 010110/6/0
31 -1.2  -2.9 -2.0 1003.1  988.7  995.8 21 18 251 10 SW 0.0 0 26 010110/6/0
