********************************************************************************
Palmer Station Weather Highlights:          April 2008

        Temperature:    Abs Max:     5.5 C          Day: 6
                        Abs Min:    -6.3 C          Day: 26
                            Avg:    -0.8 C
                        Avg Max:     0.7 C
                        Avg Min:    -2.1 C

        Pressure:       Abs Max:  1000.1 mb         Day: 12
                        Abs Min:   948.1 mb         Day: 21
                            Avg:   984.3 mb
                        Avg Max:   988.6 mb
                        Avg Min:   980.1 mb

        Wind:             Peak:       79 kts        Day: 21
                           Avg:       11 kts
                        Days Prevailing:      N: 9
                                             NE: 4
                                              E: 2
                                             SE: 2
                                              S: 0
                                             SW: 7
                                              W: 0
                                             NW: 6

        Precipitation:  Melted:     60.2 mm         YTD:   266.7 mm
                          Snow:       29 cm         YTD:      55 cm
                Maximum Snowstake Depth:      17 cm Day: 14


============================== Daily Weather Data ==============================
Column Titles:
        1. Day                         9. Wind 2-Min Peak            (knots)
        2. Temperature High    (C)    10. Wind 2-min Peak Direction  (degrees)
        3. Temperature Low     (C)    11. Wind Average               (knots)
        4. Temperature Average (C)    12. Wind Prevailing Direction
        5. Pressure High      (mb)    13. Precipitation Melted       (mm)
        6. Pressure Low       (mb)    14. Precipitation Snow         (cm)
        7. Pressure Average   (mb)    15. Depth at Snowstake         (cm)
        8. Wind 5-Sec Peak (knots)    16. Sea Temp/Ice               (WMO code)

 1   4.7   1.0   2.7  980.4  963.1  972.9 54 37 344 24 NW 11.4  0   0 000060/4/0
 2   1.9  -0.3   0.9  990.9  973.7  981.0 39 25 254 12 NW  2.5  0   0 010010/4/0
 3   1.9  -1.3   0.1  990.5  966.6  978.0 26 17 084  6 N   0.5  0   0 000070/4/0
 4   3.0   0.1   1.1  973.2  965.3  968.5 33 25 352  8 N   1.3  0   0 000030/4/0
 5   4.3   0.8   2.7  978.6  972.9  977.8 39 32 354 20 N   4.3  0   0 010050/4/0
 6   5.5   3.3   4.4  978.8  975.7  977.5 44 37 360 23 N   6.1  0   0 000080/4/0
 7   4.4   1.7   3.0  982.2  977.6  979.2 27 19 037  7 NW  0.0  0   0 000080/4/0
 8   2.8  -0.8   0.8  989.0  982.0  985.9 12 11 346  4 NW  0.0  0   0 000030/4/0
 9  -0.6  -1.6  -1.2  994.9  989.0  992.4 15 14 302  9 NW  1.8  0   0 010070/4/0
10   0.8  -2.9  -0.9  994.8  993.0  993.7 18 16 246  5 SW  2.8  5  11 010030/4/0
11  -1.2  -2.5  -1.9  998.7  994.6  996.2 19 17 252  8 SW  0.0  0   9 010010/4/0
12  -0.8  -2.8  -2.1 1000.1  997.5  999.3 22 15 239  6 SW  0.0  0   7 010000/4/0
13  -1.1  -2.8  -1.9  997.5  984.3  989.0 17 12 137  5 SE  4.1  6   9 000070/4/0
14  -1.9  -3.9  -3.0  991.3  986.6  989.5 32 25 359 11 N   1.3  6  17 000040/4/0
15  -1.7  -4.8  -3.8  988.0  985.4  986.6 17 12 041  5 NW  0.0  0  14 010070/4/0
16  -1.9  -3.4  -2.7  988.8  984.4  986.2 32 20 093 11 E   0.0  0  14 000070/4/0
17   1.2  -2.3  -1.1  991.2  985.8  988.8 53 42 009 18 NE  0.0  0  10 000070/4/0
18   3.6   0.0   1.9  986.5  983.1  984.4 48 38 024 21 NE  1.8  0  10 000070/4/0
19   3.4   0.1   2.0  989.8  980.2  985.8 56 44 007 27 N   5.8  0   0 000060/4/0
20   4.4   0.8   2.5  980.5  950.9  963.3 55 41 006 21 N   9.7  0   0 000060/4/0
21   1.5  -1.6   0.0  973.0  948.1  961.0 79 49 354 24 N   2.8  1   1 000040/4/0
22   1.8  -1.6  -0.3  977.2  969.4  972.6 32 26 360 12 SW  2.8  3   6 000010/4/0
23  -0.3  -4.0  -2.2  977.4  972.7  974.7 24 20 250  7 SW  0.0  5  11 010000/4/0
24  -1.0  -5.0  -3.3  991.7  974.5  982.8 27 19 128  5 NE  0.0  0  10 00000-----
25  -2.7  -5.6  -4.0  997.1  991.7  995.7 13 12 267  5 N   0.0  1  10 01010-----
26  -3.4  -6.3  -4.5  996.9  994.8  996.3 16 14 274  5 NE  0.0  0   8 01004-----
27  -3.6  -4.8  -4.3  994.8  989.8  991.3 17 14 275  6 SW  0.0  0   7 010080/4/0
28  -2.5  -5.0  -4.4  994.7  990.4  993.2 17 13 250  5 SW  0.0  0   6 010080/4/0
29  -2.0  -4.4  -3.5  994.0  986.6  989.7 20 15 005  4 E   0.3  2   8 010030/4/0
30  -0.9  -4.4  -2.1  996.9  994.0  995.7 15 13 358  3 SE  1.0  0   8 010080/4/0
