********************************************************************************
Palmer Station Weather Highlights:          September 2008

        Temperature:    Abs Max:     5.5 C          Day: 25
                        Abs Min:   -18.9 C          Day: 2
                            Avg:    -1.0 C
                        Avg Max:     1.7 C
                        Avg Min:    -3.7 C

        Pressure:       Abs Max:  1018.7 mb         Day: 1
                        Abs Min:   971.2 mb         Day: 6
                            Avg:   995.9 mb
                        Avg Max:  1001.2 mb
                        Avg Min:   990.4 mb

        Wind:             Peak:       58 kts        Day: 13
                           Avg:       13 kts
                        Days Prevailing:      N: 10
                                             NE: 11
                                              E: 0
                                             SE: 3
                                              S: 0
                                             SW: 1
                                              W: 3
                                             NW: 2

        Precipitation:  Melted:     82.8 mm         YTD:   484.9 mm
                          Snow:       45 cm         YTD:     238 cm
                Maximum Snowstake Depth:      86 cm Day: 22


============================== Daily Weather Data ==============================
Column Titles:
        1. Day                         9. Wind 2-Min Peak            (knots)
        2. Temperature High    (C)    10. Wind 2-min Peak Direction  (degrees)
        3. Temperature Low     (C)    11. Wind Average               (knots)
        4. Temperature Average (C)    12. Wind Prevailing Direction
        5. Pressure High      (mb)    13. Precipitation Melted       (mm)
        6. Pressure Low       (mb)    14. Precipitation Snow         (cm)
        7. Pressure Average   (mb)    15. Depth at Snowstake         (cm)
        8. Wind 5-Sec Peak (knots)    16. Sea Temp/Ice               (WMO code)

  1 -10.0 -15.5 -13.1 1018.7 1016.7 1017.4  8  7 222  2 NE  0.0  0  70 0101752450
  2  -8.6 -18.9 -14.9 1018.0 1016.6 1017.2  6  6 154  1 NE  0.0  0  70 0101792450
  3  -1.6 -16.4  -8.1 1017.1 1010.4 1015.1 12  9 129  3 SE  0.0  0  70 0101592450
  4   1.1  -7.4  -1.8 1010.5 1000.9 1004.8 14 12 131  4 SE  4.1  1  70 0101752450
  5   3.9  -2.7   1.3 1000.8  976.7  990.0 46 39 029 20 NE  3.3  0  69 0100941450
  6   2.3  -8.1  -2.1  991.3  971.2  981.6 47 40 030 17 W   1.8  0  61 0101521470
  7  -1.2  -7.7  -4.9  997.6  990.3  993.9 12  9 014  5 NE  0.0  0  60 0101621670
  8   1.4  -4.8  -0.2  996.5  985.9  989.2 53 41 030 21 N   1.5  0  60 0101121670
  9   3.3  -5.4  -1.1  998.9  993.6  997.1 40 32 030 14 NE  2.3  0  63 0101021670
 10   2.9  -0.8   0.8 1008.3  993.1 1000.0 49 39 035 14 NE  0.3  0  62 0101221670
 11   2.1   0.9   1.4 1007.2  998.4 1003.1 56 45 037 32 N   7.1  0  61 0101021670
 12   2.1  -1.2   0.1 1004.4  995.7  999.6 47 35 006 12 N   2.0 21  78 0101421470
 13   1.7  -1.2   0.4 1006.5  995.2 1000.8 58 40 019 23 N   2.0  0  72 0101121470
 14   2.0  -0.9   0.6 1013.3 1006.1 1010.2 29 23 335 15 N   4.1  0  72 0101223470
 15   4.1   0.1   2.2 1006.0  994.6  999.1 52 41 034 17 NE  1.3  0  68 0100923470
 16   3.2   0.5   2.1  999.3  993.7  997.9 20 17 031  8 NE  0.0  0  55 010090/4/0
 17   3.0  -2.5   0.1  993.7  981.7  987.3 51 38 036 16 SW  0.0  0  54 010110/4/0
 18   1.6  -4.1  -2.2 1002.5  990.7  996.9 17 13 212  4 NW  0.3  0  54 0101451450
 19   2.7  -0.6   1.1 1003.3  988.5  996.3 37 32 033 12 NE  5.8  2  56 0101341450
 20   2.8  -2.8  -0.2  988.5  972.1  981.0 55 45 028 22 W   5.8  4  68 0101621490
 21   0.1  -2.8  -1.3  995.0  987.9  990.7 28 22 323 11 NW  0.3  5  72 0101521490
 22   2.9  -0.3   1.0 1004.0  995.1 1001.0 21 18 027  9 N  10.2  8  86 0101542452
 23   3.8   1.0   2.3 1003.4  996.0 1000.3 31 24 038 17 NE  0.0  0  78 0101422441
 24   4.2  -0.1   2.1  996.0  986.3  990.3 41 34 026 12 N   0.5  0  68 0101322450
 25   5.5  -1.7   0.7  998.0  977.5  991.6 52 39 041 16 NE  4.3  0  63 0101422450
 26   4.6  -1.5   0.6  988.5  975.4  982.1 49 37 039 15 N   3.8  0  53 0101322450
 27   3.0  -2.3   0.2  994.4  978.2  983.0 28 18 235  7 SE  5.6  4  57 0101222450
 28   2.4  -2.9  -1.2 1000.9  991.5  997.7 26 21 038  8 W   0.3  0  58 0101222450
 29   3.9   0.1   2.3  991.9  976.5  983.9 58 42 356 22 N  15.0  0  54 0101322450
 30   1.7  -1.1   0.6  982.4  974.4  978.4 45 35 352 23 N   1.3  0  46 0101422450
