********************************************************************************
********************************************************************************
Palmer Station Weather Highlights: June 2008

        Temperature: Abs Max: 4.4 C Day: 25
                        Abs Min: -6.8 C Day: 30
                            Avg: -1.9 C
                        Avg Max: -0.3 C
                        Avg Min: -3.5 C

        Pressure: Abs Max: 1007.2 mb Day: 23
                        Abs Min: 965.5 mb Day: 26
                            Avg: 989.8 mb
                        Avg Max: 994.5 mb
                        Avg Min: 984.4 mb

        Wind: Peak: 51 kts Day: 24
                           Avg: 13 kts
                        Days Prevailing: N: 12
                                             NE: 1
                                              E: 3
                                             SE: 4
                                              S: 0
                                             SW: 1
                                              W: 3
                                             NW: 6

        Precipitation: Melted: 42.2 mm YTD: 375.1 mm
                          Snow: 50 cm YTD: 141 cm
                Maximum Snowstake Depth: 62 cm Day: 13


============================== Daily Weather Data==============================
Column Titles:
        1. Day 9. Wind 2-Min Peak(knots)
        2. Temperature High (C) 10. Wind 2-min Peak Direction(degrees)
        3. Temperature Low (C) 11. Wind Average(knots)
        4. Temperature Average (C) 12. Wind Prevailing Direction
        5. Pressure High (mb) 13. Precipitation Melted(mm)
        6. Pressure Low (mb) 14. Precipitation Snow(cm)
        7. Pressure Average (mb) 15. Depth at Snowstake(cm)
        8. Wind 5-Sec Peak (knots) 16. Sea Temp/Ice(WMO code)

Month YYYY
 1 -2.1 -4.5 -3.1 1002.4  991.0  999.5 46 35 241 12 SW 1.0  0 26 010130/4/0
 2 -0.4 -2.8 -1.3 1004.4 1001.9 1003.3 11 11 323  7 NW 2.3  3 27 010130/4/0
 3 -0.5 -1.7 -0.7 1002.0  994.4  998.8 14 13 321  9 NW 7.9 12 42 010140/4/0
 4 -0.8 -5.8 -2.0  994.4  987.8  990.1  8  8 245  4 NW 0.3  2 42 010160/4/0
 5 -3.0 -6.4 -4.6 1005.6  992.6 1000.3  8  7 348  2  N 0.0  0 40 010160/4/0
 6 -2.2 -4.9 -3.5 1000.0  997.5  999.1 18 15 060  5  E 0.0  0 40 010140/4/0
 7 -2.7 -4.5 -3.4  999.2  995.7  996.9 25 15 133  8 SE 1.3  0 38 010120/4/0
 8 -1.9 -6.2 -4.4 1003.4  996.9 1001.2  9 10 324  3 NE 0.0  0 38 010140/4/0
 9  3.2 -2.3  0.4  997.4  977.5  987.8 40 34 005 10 SE 0.3  0 37 010040/4/0
10  3.9  0.3  1.9  979.8  975.8  976.7 35 29 001 13  N 0.0  0 32 010080/4/0
11  1.1 -0.8  0.4  982.2  979.6  981.4 31 25 006 15  N 0.0  0 31 010080/4/0
12  0.0 -3.2 -1.8  988.8  981.3  986.2 28 21 012  7 SE 6.9  2 33 010110/4/0
13 -3.0 -5.0 -4.4  996.5  986.5  989.1 17 14 357  8  N 4.1 22 62 010100/4/0
14 -3.1 -5.2 -4.3 1004.0  996.5 1001.9 20 17 358  9  N 0.0  0 53 010120/4/0
15 -2.4 -4.8 -3.7 1002.0  974.9  987.0 45 30 358 15  E 0.3  0 46 010100/4/0
16 -1.9 -5.0 -3.6  988.8  973.0  978.6 33 25 056  9  E 0.0  0 35 010070/4/0
17 -4.4 -6.6 -5.9  997.6  988.9  994.9 43 36 359 22  N 0.3  0 33 010110/6/0
18 -2.9 -6.4 -4.8  996.9  988.1  994.5 41 35 002 11 SE 0.3  5 38 010090/4/0
19  0.8 -3.6 -1.1  993.0  982.8  989.4 51 41 002 16  N 3.1  2 40 010070/4/0
20  1.4 -1.5  0.0  995.1  977.5  986.2 44 37 249 20 NW 1.5  0 37 010100/4/0
21  1.6 -4.2 -1.8 1004.9  995.2 1002.1 34 28 001  9  N 0.0  0 37 010130/4/0
22  3.1 -0.3  1.7  999.8  992.0  994.2 48 39 001 25  N 1.3  0 35 010080/4/0
23  1.9  0.1  1.1 1007.2  993.2 1001.7 42 33 322 18 NW 2.3  0 35 010130/4/0
24  4.2  1.2  3.1 1006.9  992.1  998.8 51 39 009 25  N 1.3  0 31 010070/4/0
25  4.4  0.8  2.5  992.4  974.3  984.4 45 36 000 16  N 0.5  0 24 010070/4/0
26  1.8 -1.4  0.0  974.8  965.5  969.2 48 35 009 19  N 1.5  0 24 010090/4/0
27 -1.0 -4.3 -2.4  975.0  968.4  973.4 27 25 273 16 NW 2.8  1 32 010100/6/0
28 -1.7 -5.5 -3.8  978.0  974.0  976.0 39 33 251 16  W 0.5  1 35 010140/4/0
29 -1.0 -5.0 -3.0  981.0  967.5  975.3 40 34 268 17  W 0.5  0 34 010140/4/0
30 -0.7 -6.8 -4.3  981.5  968.4  975.7 46 39 253 18  W 2.3  0 32 010170/4/0
