********************************************************************************
 Palmer Station Weather Highlights:       October 2008

        Temperature:    Abs Max:     5.0 C          Day: 19
                        Abs Min:    -7.8 C          Day: 14
                            Avg:    -0.6 C
                        Avg Max:     1.8 C
                        Avg Min:    -2.4 C

        Pressure:       Abs Max:   998.7 mb         Day: 6
                        Abs Min:   945.6 mb         Day: 30
                            Avg:   981.5 mb
                        Avg Max:   986.4 mb
                        Avg Min:   976.6 mb

        Wind:              Peak:    57 kts          Day: 27
                            Avg:    12 kts
                        Days Prevailing:      N: 7
                                             NE: 7
                                              E: 3
                                             SE: 5
					      S: 0
                                             SW: 4 
					      W: 1
                                             NW: 4

         Precipitation:  Melted:    38.9 mm         YTD:   509.7 mm
                           Snow:      18 cm         YTD:     256 cm
        Maximum Snowstake Depth:      55 cm         Day:      18


============================== Daily Weather Data ==============================
 Column Titles:
        1. Day                          9. Wind 2-Min Peak           (knots)
        2. Temperature High    (C)     10. Wind 2-min Peak Direction (degrees)
        3. Temperature Low     (C)     11. Wind Average              (knots)
        4. Temperature Average (C)     12. Wind Prevailing Direction
        5. Pressure High       (mb)    13. Precipitation Melted      (mm)
        6. Pressure Low        (mb)    14. Precipitation Snow        (cm)
        7. Pressure Average    (mb)    15. Depth at Snowstake        (cm)
        8. Wind 5-Sec Peak     (knots) 16. Sea Temp/Ice              (WMO code)

October 2008
 1   2.8  -2.3  -0.2  987.5  980.4  985.8 29 23 334  9  N  0.0  0  40 0101222450
 2   1.6  -2.3  -0.3  980.4  964.1  969.8 41 31 123 16 SE  0.8  2  49 0101022450
 3   0.4  -3.8  -1.9  978.8  967.1  973.6 28 22 118  6  N  0.0  0  48 0101122450
 4  -0.4  -4.8  -3.2  983.4  978.8  980.2 13 10 104  4  E  0.5  3  51 0101022450
 5  -3.2  -6.1  -4.2  987.5  983.4  985.1 21 19 237  9 SW  0.0  0  47 010140/4/0
 6  -4.3  -7.1  -5.8  998.7  987.4  994.5 28 22 218 13 SW  0.0  0  46 010150/4/0
 7   1.9  -4.5  -1.8  998.0  981.7  989.1 45 36 031 10 NE  0.3  1  46 010110/4/0
 8   3.1  -2.7  -0.5  990.4  986.3  987.5 14 11 170  4 SE  1.0  1  47 010090/4/0
 9   4.4  -1.9  -0.1  994.9  986.3  992.1 49 39 029  8 NW  1.0  0  44 0100822450
10   2.7  -0.3   1.2  988.1  982.3  984.9 40 31 026 17  N 11.2  0  47 010120/4/0
11  -0.4  -2.5  -1.2  989.5  984.2  986.4 25 21 337 15 NW  0.0  0  50 010150/4/0
12   1.0  -2.5  -0.4  989.7  975.0  981.0 35 29 033 17  N  0.8  1  54 010130/4/0
13  -0.2  -5.4  -3.3  986.8  976.1  982.3 23 18 353  9 SW  0.0  0  52 010150/4/0
14  -0.2  -7.8  -4.6  991.5  986.5  988.0 14 11 217  4 SW  0.5  0  50 010100/4/0
15   1.1  -5.1  -3.6  996.9  988.7  994.4 31 19 044  4 SE  0.0  0  50 0101322450
16   2.3  -1.6   0.4  988.8  969.1  976.6 49 39 026 21 NE  3.3  0  49 010090/4/0
17   0.7  -1.6  -0.7  997.7  984.1  994.4 32 25 257 10  W  4.8  0  54 010090/4/0
18   4.0  -1.0   1.4  997.5  982.8  990.0 42 34 045 11 SE  3.8  0  55 010080/4/0
19   5.0   1.7   3.4  983.9  976.8  979.5 42 35 027 20 NE  1.0  0  55 010050/4/0
20   3.2  -0.6   2.1  991.0  980.0  984.6 45 27 026 17 NE  0.5  0  43 010040/4/0
21   2.8  -2.8  -0.6  993.7  990.1  992.4 25 23 029  5 NE  1.3  3  44 010030/4/0
22   3.3  -0.1   1.4  990.1  977.2  983.4 47 37 035 26 NE  0.0  0  43 010030/4/0
23   1.8  -2.7  -0.4  982.6  976.8  980.7 42 33 052 12 NW  0.5  0  42 010040/4/0
24   3.3  -1.1   0.7  979.9  968.2  973.3 38 26 121 13  E  0.3  2  43 010020/4/0
25  -0.2  -2.2  -1.3  980.6  975.6  977.2 22 18 344  9 NW  2.8  0  45 010060/4/0
26   3.1  -1.9  -0.4  985.2  980.6  983.0 16 13 270  4 NE  0.8  2  45 010050/4/0
27   3.9  -1.3   1.1  986.1  975.4  982.8 57 45 031 10 SE  0.8  0  43 010030/4/0
28   3.0   0.4   1.7  978.8  971.3  975.6 42 35 031 20  N  0.3  0  42 010010/4/0
29   2.1  -1.0   0.7  971.6  966.4  968.9 28 23 021 11  N  1.8  3  43 010020/4/0
30   3.8  -0.3   1.4  970.9  945.6  957.2 43 34 022 16  E  0.3  0  36 010030/4/0
31   3.8   0.1   1.1  958.3  945.9  952.5 40 33 026  9  N  0.8  0  35 010030/4/0
