********************************************************************************
Palmer Station Weather Highlights: August 2008

       Temperature: Abs Max: 3.0 C Day: 5
                       Abs Min: -17.6 C Day: 24
                           Avg: -7.1 C
                       Avg Max: -4.0 C
                       Avg Min: -9.7 C

       Pressure: Abs Max: 1022.4 mb Day: 30
                       Abs Min: 944.6 mb Day: 14
                           Avg: 988.0 mb
                       Avg Max: 992.9 mb
                       Avg Min: 982.4 mb

       Wind: Peak: 56 kts Day: 21
                          Avg: 13 kts
                       Days Prevailing: N: 10
                                            NE: 5
                                             E: 0
                                            SE: 0
                                             S: 1
                                            SW: 10
                                             W: 4
                                            NW: 1

       Precipitation: Melted: 7.6 mm YTD: 397.1 mm
                         Snow: 46 cm YTD: 193 cm
               Maximum Snowstake Depth: 80 cm Day: 20


============================== Daily Weather Data==============================
Column Titles:
       1. Day 9. Wind 2-Min Peak(knots)
       2. Temperature High (C) 10. Wind 2-min Peak Direction(degrees)
       3. Temperature Low (C) 11. Wind Average(knots)
       4. Temperature Average (C) 12. Wind Prevailing Direction
       5. Pressure High (mb) 13. Precipitation Melted(mm)
       6. Pressure Low (mb) 14. Precipitation Snow(cm)
       7. Pressure Average (mb) 15. Depth at Snowstake(cm)
       8. Wind 5-Sec Peak (knots) 16. Sea Temp/Ice(WMO code)

August 2008
1   -2.8  -4.9  -3.7 1015.4 1003.1 1009.8 11 10 350  5  N 0.0  0 26 010120/6/0
2   -4.3  -6.7  -5.5 1016.4 1008.6 1013.7 11 11 279  4  N 0.0  0 26 010140/4/0
3   -1.6  -6.8  -4.7 1008.8  998.6 1003.4 43 34 004  7  N 0.0  0 26 010120/4/0
4    1.3  -2.1   0.4  998.6  990.8  993.7 51 41 005 30  N 1.0  0 26 010090/4/0
5    3.0  -1.2   1.3 1000.6  997.2  999.1 38 32 353 17  N 0.3  0 26 010090/4/0
6    0.2  -2.4  -1.2  999.9  989.5  995.4 38 33 000 22  N 0.0  0 26 010100/4/0
7   -1.0  -5.3  -3.1  989.6  984.0  986.9 40 32 007 18  N 0.0  1 27 010120/4/0
8   -4.3  -7.0  -6.0  989.1  982.1  985.9 19 17 249  7  W 0.0  3 34 010140/4/0
9    0.8  -5.4  -2.4  982.4  963.7  975.1 42 35 030 15 NE 0.0  2 34 010120/4/0
10   1.1  -1.3  -0.2  964.6  958.7  961.4 38 32 025 14  N 0.3  0 33 0101420450
11  -1.0  -9.5  -5.8  982.1  964.6  973.4 39 32 243 18  W 0.0  0 32 0101720450
12  -7.1  -9.8  -8.4  986.9  972.9  983.8 33 28 038 11 SW 0.0  0 32 0101520450
13  -2.8 -11.3  -8.3  972.8  951.3  961.6 53 41 030 20 SW 0.0  0 32 0101720450
14  -7.6 -12.2  -9.9  952.8  944.6  947.3 34 26 273 15  S 0.0  0 32 0101720450
15 -10.2 -13.1 -11.3  971.9  952.7  964.1 27 20 246 10 SW 0.0  0 30 0101720460
16  -2.6 -10.8  -7.9  972.4  956.8  963.7 56 47 028 21  W 0.0  0 30 0101820460
17  -9.5 -14.5 -11.7  981.0  964.7  971.8 32 24 235 17 SW 0.0  0 30 0101820450
18  -7.4 -14.5 -12.6  987.4  981.0  984.4 31 25 242 11 SW 0.0  0 30 0101820450
19   0.0  -7.5  -1.9  983.6  978.8  981.7 34 28 334 17 NW 0.0 27 70 0101720450
20   0.9  -0.1   0.4  980.1  966.4  975.3 48 35 353 26  N 5.3  5 80 0101820450
21   0.8  -8.6  -3.2  966.6  945.1  959.1 56 39 359 26  N 0.8  0 74 0101821450
22  -7.1 -14.9 -10.3  976.9  964.3  968.4 37 29 213 17  W 0.0  0 73 0101831450
23  -7.3 -17.4 -14.0  984.5  974.9  980.8 33 26 236 12 SW 0.0  0 71 0101851450
24 -11.9 -17.6 -15.7  999.2  980.9  990.7 32 25 225 15 SW 0.0  0 76 0101791450
25  -4.0 -14.5  -9.9 1003.0  996.4 1000.4 42 34 022 10 SW 0.0  2 74 0101791450
26  -4.0 -10.5  -7.7 1014.2 1000.1 1007.1 28 23 227  8 SW 0.0  3 70 0101751450
27  -8.3 -11.3 -10.5 1018.5 1014.0 1016.7 13 10 236  4 SW 0.0  2 72 0101751450
28  -6.4 -14.9 -11.7 1018.0 1014.7 1015.8  8  7 239  3 NE 0.0  1 72 0101851450
29  -5.9 -15.7 -12.0 1019.7 1014.8 1016.9  8  7 324  2 NE 0.0  0 70 0101851450
30  -6.7 -14.6 -11.1 1022.4 1019.5 1021.2  6  5 065  2 NE 0.0  0 70 0101551450
31  -8.0 -14.8 -11.8 1022.0 1018.8 1020.6  5  5 313  2 NE 0.0  0 70 0101751450
