********************************************************************************
Palmer Station Weather Highlights:          December 2008

        Temperature:    Abs Max:     5.8 C          Day: 20
                        Abs Min:    -2.5 C          Day: 7
                            Avg:     0.7 C
                        Avg Max:     2.5 C
                        Avg Min:    -0.7 C

        Pressure:       Abs Max:  1003.3 mb         Day: 2
                        Abs Min:   956.5 mb         Day: 23
                            Avg:   979.7 mb
                        Avg Max:   984.3 mb
                        Avg Min:   974.9 mb

        Wind:             Peak:       60 kts        Day: 4
                           Avg:       11 kts
                        Days Prevailing:      N: 5
                                             NE: 0
                                              E: 0
                                             SE: 3
                                              S: 0
                                             SW: 6
                                              W: 12
                                             NW: 5

        Precipitation:             Melted:     56.4 mm         YTD:   624.4 mm
                                     Snow:       42 cm         YTD:     315 cm
                  Maximum Snowstake Depth:       20 cm         Day:      21


============================== Daily Weather Data ==============================
Column Titles:
        1. Day                          9. Wind 2-Min Peak           (knots)
        2. Temperature High    (C)     10. Wind 2-min Peak Direction (degrees)
        3. Temperature Low     (C)     11. Wind Average              (knots)
        4. Temperature Average (C)     12. Wind Prevailing Direction
        5. Pressure High       (mb)    13. Precipitation Melted      (mm)
        6. Pressure Low        (mb)    14. Precipitation Snow        (cm)
        7. Pressure Average    (mb)    15. Depth at Snowstake        (cm)
        8. Wind 5-Sec Peak     (knots) 16. Sea Temp/Ice              (WMO code)

December/2008
   1   1.8  -0.4   0.7  999.6 987.2  992.0  38  30   319  20  W    2.5   2   2 000050/4/0
   2   0.9  -0.6   0.3 1003.3 999.3 1001.8  20  17   263   7  NW   4.3   0   0 000050/4/0
   3   1.5   0.2   1.1 1001.2 985.7  992.6  49  33   338  21  W    3.3   0   0 010130/4/0
   4   0.5  -1.3  -0.3  985.6 978.0  981.8  60  26   262  17  W    0.5   0   0 010120/4/0
   5   0.3  -1.4  -0.4  978.2 974.7  976.5  32  25   232  13  W    3.8   5   5 010120/4/0
   6  -0.1  -2.0  -0.9  977.8 965.9  970.9  24  18   014  11  SW   1.5   0   0 010080/4/0
   7   0.2  -2.5  -1.0  981.6 966.2  972.1  31  27   225  17  SW   0.0   0   0 010080/4/0
   8   2.4  -1.2  -0.1  989.1 981.6  986.6  24  20   233  10  SW   1.5   0   0 010060/4/0
   9   1.2  -0.6   0.2  988.3 979.1  984.7  26  20   274  12  W    5.3   9   9 010100/4/0
  10   4.1  -0.1   1.1  987.8 971.9  982.2  19  13   017   5  NW   2.5   4   4 010030/4/0
  11   3.2  -2.3   0.8  978.1 969.4  974.9  51  35   020  17  NW   0.5   0   0 010020/4/0
  12   0.0  -1.8  -0.7  990.0 973.5  980.6  30  25   254  18  W    0.0   2   3 010020/4/0
  13   1.9  -1.9  -0.2  997.3 988.1  994.5  42  33   032  11  SW   1.0   0   0 000040/4/0
  14   1.9  -0.2   0.9  988.2 984.4  985.4  41  32   029  12  NW   1.3   0   0 000040/4/0
  15   2.1  -0.5   0.5  985.0 977.0  979.5   8   6   104   2  NW   0.8   0   0 000050/4/0
  16   4.6   0.4   1.8  977.2 967.7  972.3  22  17   125   5  SE   3.3   0   0 000070/4/0
  17   4.6   0.4   1.8  977.2 967.7  972.3  22  17   125   5  SE   3.3   0   0 000070/4/0
  18   3.9   0.8   1.9  976.6 968.8  972.3  58  41   029  24  N    4.3   0   0 000090/4/0
  19   3.2   1.1   2.4  979.1 969.3  975.1  53  37   352  27  N    2.5   0   0 000090/4/0
  20   5.8   0.6   2.1  988.3 979.0  985.4  38  33   336  11  N    0.3   0   0 000070/4/0
  21   1.9  -0.5   0.4  983.0 972.9  977.3  28  18   213   8  W    8.1  20  20 000060/4/0
  22   3.2  -1.1   0.4  977.1 961.4  972.5  29  24   055  10  W    1.0   0  10 000110/4/0
  23   3.3  -0.5   1.4  963.0 956.5  958.6  30  24   027  11  N    2.0   0   4 000110/4/0
  24   1.4  -0.5   0.5  976.7 963.0  969.6  22  18   234  13  SW   0.0   0   5 000160/4/0
  25   1.4  -0.9   0.4  978.3 973.2  976.6  21  17   275  11  W    0.8   0   0 000170/4/0
  26   4.9  -1.1   1.0  973.2 963.6  968.4  21  18   328   5  N    0.8   0   0 000100/4/0
  27   5.8  -1.0   2.7  976.0 963.4  968.1  23  19   122   5  SE   0.0   0   0 000160/4/0
  28   3.5   0.5   1.3  987.2 976.1  983.0  16  14   238   8  W    0.0   0   0 000210/4/0
  29   2.8  -1.3   0.4  986.8 983.3  984.7  14  13   266   6  W    1.0   0   0 000230/4/0
  30   4.0  -0.9   1.1  991.3 983.8  987.2  13  11   226   4  W    0.0   0   0 000040/4/0
  31   2.0   0.2   0.7  992.5 990.7  991.9  17  14   224   7  SW   0.0   0   0 000200/4/0
