******************************************************************************
Palmer Station Weather Highlights:       August 2014

        Temperature:    Abs Max:     3.0 C          Day: 7
                        Abs Min:   -16.3 C          Day: 31
                            Avg:    -5.5 C
                        Avg Max:    -2.8 C
                        Avg Min:    -8.0 C

        Pressure:       Abs Max:  1019.3 mb         Day: 28
                        Abs Min:   951.9 mb         Day: 9
                            Avg:   994.9 mb
                        Avg Max:   998.9 mb
                        Avg Min:   990.6 mb

        Wind:             Peak:       62 kts        Day: 15
                           Avg:        7 kts
                        Days Prevailing:      N: 5
                                             NE: 8
                                              E: 5
                                             SE: 5
                                              S: 0
                                             SW: 6
                                              W: 1
                                             NW: 1

        Precipitation:  Melted:     19.6 mm         YTD:   245.8 mm
                          Snow:       38 cm         YTD:     209 cm
        Maximum Snowstake Depth:      65 cm         Day: 26


============================= Daily Weather Data=============================
Column Titles:
        1. Day                        10. Wind 2-min Peak Direction  (degrees)
        2. Temperature High    (C)    11. Wind Average               (knots)
        3. Temperature Low     (C)    12. Wind Prevailing Direction
        4. Temperature Average (C)    13. Precipitation Melted       (mm)
        5. Pressure High      (mb)    14. Precipitation Snow         (cm)
        6. Pressure Low       (mb)    15. Depth at Snowstake         (cm)
        7. Pressure Average   (mb)    16. Sea Surface Temperature    (C)
        8. Wind 5-Sec Peak (knots)    17. Sea Ice                    (WMO code)
        9. Wind 2-Min Peak (knots)

 1  -2.6  -9.6  -6.3  997.8  985.7  992.0  8  7 335  1 N   0.5  0 44.0 -1.8 22692
 2  -0.4  -4.4  -2.5  988.6  984.8  985.9 10  9 351  2 SE  1.0  3 47.0 -1.8 22692
 3  -2.4  -5.5  -4.0 1001.2  988.6  994.2 16 14 022  4 NE  0.0  0 46.0 -1.8 22692
 4  -5.0  -7.9  -6.7 1004.6 1001.2 1003.7 10  9 026  3 N   0.0  0 45.0 -1.7 22692
 5  -4.9  -6.7  -5.5 1003.1  997.1 1000.0 17 13 140  3 SE  0.0  0 44.0 -1.8 22692
 6   0.7  -5.3  -1.7  998.4  996.2  997.2 27 18 030  6 SE  0.8  1 45.0 -1.8 22692
 7   3.0  -2.0   0.4  998.0  986.6  993.4 33 25 055  9 NE  0.0  0 45.0 -1.8 22692
 8   1.8   0.2   0.7  983.9  964.6  974.4 47 32 062 16 E   0.0  0 44.0 -1.8 22692
 9   1.4  -3.6  -1.3  964.5  951.9  957.0 54 36 103 18 E   0.3  2 44.0 -1.7 22692
10  -1.9  -4.9  -3.5  975.3  962.9  969.9  8  6 358  4 N   0.0  1 43.0 -1.8 21601
11  -2.6  -5.1  -4.0  981.0  975.2  978.4 17 14 059  3 E   0.0  1 44.0 -1.7 21601
12  -3.1  -5.9  -4.5  981.1  979.1  980.2 19 13 117  6 E   1.3  0 42.0 -1.8 21601
13  -3.8 -10.6  -6.2  996.2  979.1  986.6 22 19 220  7 SW  2.5  8 49.0 -1.8 21601
14  -4.1 -10.7  -6.9  998.7  986.7  995.8 29 24 039  8 NE  0.0  0 48.0 -1.7 21601
15   1.4  -5.5  -1.5  986.7  971.6  977.1 62 46 043 24 E   0.8  0 46.0 -1.6 0/6/0
16   0.6  -2.9  -1.1  978.7  974.1  976.1 34 28 039 14 NE  1.8  0 45.0 -1.7 0/6/0
17  -1.9  -6.9  -4.4  985.1  977.1  981.3 23 16 122  8 SW  0.0  3 47.0 -1.8 0/6/0
18  -6.2  -8.6  -7.5  991.4  985.1  988.1 15 13 243  7 SW  0.0  2 48.0 -1.7 22692
19  -5.2  -8.5  -6.9  993.1  987.0  990.2 32 26 233  9 SW  0.5  0 47.0 -1.7 22692
20  -3.7 -13.2  -9.0  997.3  990.4  993.6 29 24 255 11 SW  0.3  1 47.0 -1.7 22692
21  -6.4 -15.5 -11.9 1004.5  997.4 1001.9 11  9 145  4 NE  0.0  2 49.0 -1.8 42693
22  -2.2  -9.2  -6.5 1003.8  995.4  999.1 14 12 322  4 SE  3.8  6 56.0 -1.8 42693
23  -2.5  -7.3  -4.8 1016.1 1002.0 1010.7 17 14 242  6 N   0.0  2 57.0 -1.7 42693
24  -1.1  -4.7  -2.5 1016.1 1012.0 1014.0 25 19 307 12 NW  4.1  1 58.0 -1.7 42693
25   0.0  -2.8  -1.5 1012.3  998.3 1005.9 46 33 016 16 N   2.0  3 62.0 -1.7 42693
26  -0.8 -12.9  -8.2 1015.5 1000.5 1009.5 28 24 230 10 SW  0.0  2 65.0 -1.7 42693
27  -4.3 -14.5 -10.5 1015.4 1012.8 1013.7 12  9 116  3 SE  0.0  0 65.0 -1.8 42693
28  -6.0 -10.7  -8.7 1019.3 1014.6 1017.1 13 10 118  3 NE  0.0  0 64.0 -1.8 42963
29  -6.1 -11.1  -9.0 1019.3 1017.2 1018.4 10  8 202  3 NE  0.0  0 64.0 -1.8 42963
30 -10.7 -14.5 -12.4 1018.5 1016.5 1017.2  9  7 242  4 W   0.0  0 64.0 -1.8 42963
31  -9.0 -16.3 -13.6 1019.3 1015.9 1018.0  8  6 152  2 NE  0.0  0 64.0 -1.8 42963
