Palmer Station Weather Highlights:       November 2014

        Temperature:    Abs Max:     7.2 C          Day: 9
                        Abs Min:    -7.2 C          Day: 4
                            Avg:    -1.3 C
                        Avg Max:     2.2 C
                        Avg Min:    -3.6 C

        Pressure:       Abs Max:   999.5 mb         Day: 27
                        Abs Min:   960.5 mb         Day: 3
                            Avg:   978.7 mb
                        Avg Max:   982.9 mb
                        Avg Min:   974.3 mb

        Wind:             Peak:       50 kts        Day: 10
                           Avg:        9 kts
                        Days Prevailing:      N: 3
                                             NE: 2
                                              E: 9
                                             SE: 3
                                              S: 0
                                             SW: 2
                                              W: 3
                                             NW: 8

        Precipitation:  Melted:     21.1 mm         YTD:   320.1 mm
                          Snow:       16 cm         YTD:     277 cm
        Maximum Snowstake Depth:     100 cm         Day: 4


============================= Daily Weather Data =============================
Column Titles:
        1. Day                        10. Wind 2-min Peak Direction  (degrees)
        2. Temperature High    (C)    11. Wind Average               (knots)
        3. Temperature Low     (C)    12. Wind Prevailing Direction
        4. Temperature Average (C)    13. Precipitation Melted       (mm)
        5. Pressure High      (mb)    14. Precipitation Snow         (cm)
        6. Pressure Low       (mb)    15. Depth at Snowstake         (cm)
        7. Pressure Average   (mb)    16. Sea Surface Temperature    (C)
        8. Wind 5-Sec Peak (knots)    17. Sea Ice                    (WMO code)
        9. Wind 2-Min Peak (knots)

 1   3.3  -4.1  -0.9  997.0  986.6  994.2 30 24 348  8 NW  0.8  0  94.0  -1.5 0/6/0
 2   1.0  -1.7  -0.4  986.6  964.2  979.5 48 37 347 20 NW  4.6  1  98.0  -1.4 0/6/0
 3   0.7  -5.4  -2.7  966.8  960.5  964.2 43 31 002 13 NW  3.6  2  96.0  -1.5 33690
 4  -3.4  -7.2  -5.5  979.9  963.4  970.4 21 16 258  7 W   0.0  5 100.0  -1.6 53795
 5  -0.3  -6.7  -4.0  983.6  979.9  982.6 21 17 020  7 N   0.0  0  99.0  -1.6 13795
 6   5.4  -3.8   0.4  981.5  975.9  978.6 23 16 032  5 SE  1.5  2 100.0  -1.5 42745
 7   7.1  -2.5   1.2  977.2  974.4  975.4 17 13 073  3 NW  0.0  0  96.0  -1.3 42745
 8   2.0  -1.3  -0.1  984.8  977.2  981.4 20 17 017  7 N   0.0  0  94.0  -1.3 53795
 9   7.2  -1.7   0.6  993.4  984.7  990.3 24 20 012  6 N   0.0  0  93.0  -1.2 53795
10   0.4  -6.3  -2.0  991.7  971.1  981.8 50 38 073 13 E   0.0  0  90.0  -1.3 53795
11   3.6  -1.5   0.4  974.8  970.5  973.3 43 32 053 20 E   0.0  0  89.0  -1.4 19600
12   4.0  -1.0   0.4  974.3  972.5  973.1 30 24 071 13 E   0.0  0  87.0  -1.3 0/6/0
13   2.0  -2.8  -1.3  976.4  973.0  974.5 18 16 280  6 E   0.0  0  86.0  -1.1 0/6/0
14  -2.2  -6.1  -4.9  978.4  975.7  977.1 19 16 224  8 SW  0.0  0  86.0  -1.3 0/6/0
15   2.2  -6.7  -3.6  978.2  973.5  975.4 11 10 216  4 E   0.0  0  86.0  -1.5 0/6/0
16   0.8  -6.6  -3.2  979.6  973.2  976.7 20 17 041  6 E   0.0  0  85.0  -1.0 0/6/0
17  -2.3  -4.4  -3.4  976.8  961.8  967.1 34 26 116 15 E   0.0  0  84.0  -1.2 0/6/0
18   0.3  -4.3  -2.6  972.2  961.3  964.3 20 16 233  5 SE  0.3  1  84.0  -1.2 0/6/0
19  -2.8  -6.3  -5.1  984.6  972.2  980.5 26 23 247 12 SW  0.0  0  84.0  -1.3 0/6/0
20   0.9  -4.5  -1.1  982.1  963.6  968.4 41 29 119 13 SE  2.0  0  83.0  -1.2 0/6/0
21   3.1  -1.7  -0.1  973.3  963.6  967.4 11 10 334  3 NW  1.8  3  88.0  -1.5 0/6/0
22   1.9  -2.8  -1.1  986.2  973.3  980.5 16 13 323  4 W   1.3  1  89.0  -1.2 0/6/0
23   6.2  -3.4  -0.5  988.5  986.2  987.7  8  7 271  3 W   0.0  0  91.0  -1.2 0/6/0
24   3.2  -4.5   0.0  988.4  983.7  986.1 20 15 117  6 E   0.0  0  86.0  -1.0 0/6/0
25   3.8  -2.5  -0.1  989.1  983.3  984.8 15 12 080  6 E   0.0  0  83.0  -0.9 0/6/0
26   2.2  -1.9   0.0  999.4  989.1  994.9 13 11 024  5 NW  0.0  0  82.0  -0.7 0/6/0
27   4.1  -2.4   0.2  999.5  984.0  993.0 41 31 030 16 NE  0.0  0  80.0  -0.5 0/6/0
28   4.3  -0.3   1.7  984.1  977.5  981.5 43 35 033 17 NE  4.8  0  75.0  -0.7 0/6/0
29   1.2  -0.9  -0.4  981.1  978.8  979.8 34 28 020 16 NW  0.3  1  79.0  -0.6 0///0
30   4.7  -1.7   0.1  978.8  972.9  975.4 18 15 322  5 NW  0.3  0  83.0  -0.6 0/6/0
