Palmer Station Weather Highlights:       December 2014

        Temperature:    Abs Max:     6.4 C          Day: 6
                        Abs Min:    -4.5 C          Day: 3
                            Avg:     0.4 C
                        Avg Max:     3.1 C
                        Avg Min:    -1.4 C

        Pressure:       Abs Max:  1012.3 mb         Day: 31
                        Abs Min:   960.1 mb         Day: 11
                            Avg:   982.4 mb
                        Avg Max:   986.0 mb
                        Avg Min:   979.0 mb

        Wind:             Peak:       41 kts        Day: 10
                           Avg:        6 kts
                        Days Prevailing:      N: 4
                                             NE: 1
                                              E: 1
                                             SE: 6
                                              S: 1
                                             SW: 7
                                              W: 3
                                             NW: 8

        Precipitation:  Melted:     15.5 mm         YTD:   356.7 mm
                          Snow:       14 cm         YTD:     307 cm
        Maximum Snowstake Depth:      76 cm         Day: 2


============================= Daily Weather Data =============================
Column Titles:
        1. Day                        10. Wind 2-min Peak Direction  (degrees)
        2. Temperature High    (C)    11. Wind Average               (knots)
        3. Temperature Low     (C)    12. Wind Prevailing Direction
        4. Temperature Average (C)    13. Precipitation Melted       (mm)
        5. Pressure High      (mb)    14. Precipitation Snow         (cm)
        6. Pressure Low       (mb)    15. Depth at Snowstake         (cm)
        7. Pressure Average   (mb)    16. Sea Surface Temperature    (C)
        8. Wind 5-Sec Peak (knots)    17. Sea Ice                    (WMO code)
        9. Wind 2-Min Peak (knots)

 1   0.7  -1.3  -0.5  979.4  973.8  976.3 15 12 237  5 N   0.0  0 75.0  -0.3 0/6/0
 2   0.1  -2.9  -1.5  980.9  978.4  979.5 21 18 221  8 W   1.0  1 76.0  -1.3 0/6/0
 3  -2.7  -4.5  -3.7  989.4  980.2  985.3 26 21 224 14 SW  0.0  0 76.0  -1.4 0/6/0
 4   2.6  -4.4  -2.3  990.7  989.1  989.8 15 12 233  5 SE  0.0  0 76.0  -0.8 0/6/0
 5   4.9  -1.5   1.5  989.1  974.9  981.5 18 15 027  5 NW  0.0  0 75.0  -0.5 0/6/0
 6   6.4  -0.7   2.0  975.9  971.7  974.5 22 18 030  4 SE  0.0  0 71.0   0.3 0/6/0
 7   4.6  -0.7   1.5  971.7  967.9  969.4  8  8 338  2 NW  0.0  0 68.0  -0.1 0/6/0
 8   1.9  -1.3   0.2  980.5  971.6  976.2 18 15 252  5 NW  1.3  0 67.0   0.0 0/6/0
 9   1.0  -1.4  -0.6  983.8  979.4  982.4 26 21 023  8 W   0.5  2 67.0  -0.5 0/6/0
10   1.8  -0.9   0.3  979.4  964.2  968.7 41 32 023 13 NW  0.5  0 64.0  -0.3 0/6/0
11   4.4  -1.3   0.4  968.8  960.1  962.8 23 20 020  6 SE  1.8  5 67.0  -0.2 83653
12   1.1  -2.0  -1.2  984.6  968.8  977.4 23 18 230 12 SW  0.0  0 64.0  -1.4 83665
13   5.2  -2.5   0.2  987.2  983.1  984.6 17 13 232  3 SW  0.0  0 64.0  -1.4 83665
14   4.2  -1.3   0.5  987.4  979.6  983.3 11  8 122  3 SE  0.8  0 62.0  -1.4 83695
15   2.6  -0.6   1.2  986.6  978.4  982.7 25 18 001  8 N   4.1  1 61.0  -1.5 136/4
16   6.0  -0.3   1.5  986.8  981.7  984.1 14 11 117  3 SE  0.0  0 58.0  -1.6 136/5
17   2.6  -0.4   0.4  981.9  981.1  981.5  9  7 243  3 W   0.5  1 55.0  -1.5 134/5
18   5.8  -1.1   1.2  981.6  980.2  980.8  6  5 306  2 S   0.0  0 53.0  -1.5 83655
19   5.9  -2.5   1.8  985.0  981.6  982.9  7  5 324  2 NW  0.0  0 49.0  -1.5 83665
20   4.3  -3.5   0.6  991.4  984.9  988.0 10  8 274  3 NE  0.0  0 44.0  -1.4 83665
21   1.7  -1.2  -0.1  996.4  991.4  994.1 11  9 227  3 NW  0.0  0 41.0  -1.5 83665
22   4.1  -0.7   1.3  996.0  975.2  986.6 19 15 076  6 SE  0.0  0 41.0  -1.3 33661
23   4.1   0.6   2.0  975.2  968.0  970.4 31 24 058 10 E   0.0  0 38.0  -0.9 1/6/0
24   6.1  -0.5   2.4  974.4  969.9  972.1  8  6 323  2 N   0.0  0 37.0  -0.7 0/6/0
25   5.1  -0.1   1.3  977.0  974.4  975.9 29 25 015  8 N   0.0  0 28.0   0.3 0/6/0
26   1.8  -1.6  -0.2  976.0  972.8  974.4 26 23 242  6 NW  2.5  0 28.0  -0.1 0/6/0
27  -0.1  -1.6  -0.8  992.0  975.9  984.6 29 25 233 14 SW  0.0  2 30.0   0.0 0/6/0
28   1.3  -2.2  -0.2  992.8  987.9  990.0 16 13 014  6 NW  2.5  2 32.0  -0.1 0/6/0
29   3.4  -0.7   0.8 1001.8  992.8  997.6 10  7 213  3 SW  0.0  0 30.0  -0.9 0/6/0
30   3.4  -1.0   0.8 1009.2 1001.7 1005.0  5  5 251  2 SW  0.0  0 30.0  -0.9 0/6/0
31   1.5  -0.6   0.1 1012.3 1009.2 1011.3 13 12 240  6 SW  0.0  0 26.0  -0.3 0/6/0

