******************************************************************************
Palmer Station Weather Highlights:       July 2014

        Temperature:    Abs Max:     3.6 C          Day: 12
                        Abs Min:   -14.6 C          Day: 15
                            Avg:    -3.9 C
                        Avg Max:    -1.4 C
                        Avg Min:    -6.4 C

        Pressure:       Abs Max:  1010.5 mb         Day: 25
                        Abs Min:   962.6 mb         Day: 7
                            Avg:   991.1 mb
                        Avg Max:   996.7 mb
                        Avg Min:   985.3 mb

        Wind:             Peak:       72 kts        Day: 14
                           Avg:       12 kts
                        Days Prevailing:      N: 12
                                             NE: 4
                                              E: 2
                                             SE: 6
                                              S: 1
                                             SW: 6
                                              W: 0
                                             NW: 0

        Precipitation:  Melted:     32.8 mm         YTD:   226.2 mm
                          Snow:       36 cm         YTD:     171 cm
        Maximum Snowstake Depth:      44 cm         Day: 19


============================= Daily Weather Data=============================
Column Titles:
        1. Day                        10. Wind 2-min Peak Direction(degrees)
        2. Temperature High    (C)    11. Wind Average(knots)
        3. Temperature Low     (C)    12. Wind Prevailing Direction
        4. Temperature Average (C)    13. Precipitation Melted(mm)
        5. Pressure High      (mb)    14. Precipitation Snow(cm)
        6. Pressure Low       (mb)    15. Depth at Snowstake(cm)
        7. Pressure Average   (mb)    16. Sea Surface Temperature    (C)
        8. Wind 5-Sec Peak (knots)    17. Sea Ice(WMO code)
        9. Wind 2-Min Peak (knots)


 1   1.6   0.1   0.8  981.2  973.1  975.6 54 41 045 30 NE  5.6  2 28.0 -1.3 0/6/0
 2   1.4  -0.6   0.7  975.4  971.1  973.8 51 41 038 25 N   1.0  1 28.0 -1.4 0/6/0
 3   0.2  -2.2  -1.0  978.4  973.6  976.8 42 32 355 19 N   0.0  2 31.0 -1.5 0/6/0
 4  -1.4  -3.7  -2.7  987.7  974.6  979.5 22 19 024  5 N   0.5  0 30.0 -1.7 0/6/0
 5   1.4  -3.0  -0.6  987.8  963.6  974.2 52 42 055 25 NE  1.5  1 31.0 -1.3 0/6/0
 6  -2.3  -4.5  -3.0  973.5  963.2  970.3 46 39 013 19 N   0.0  2 33.0 -1.7 0/6/0
 7  -2.2 -10.3  -7.1  978.7  962.6  968.4 53 38 015 17 SE  1.8  0 32.0 -1.7 0/6/0
 8  -5.1  -9.7  -6.5  996.3  978.8  991.3 28 21 118  7 SW  0.0  1 33.0 -1.8 0/6/0
 9  -1.6  -7.4  -4.3  994.9  980.7  985.8 25 21 249 10 SE  3.1  3 36.0 -1.8 0/6/0
10  -2.6  -9.9  -7.4 1000.0  983.2  991.3 33 28 236 15 SW  0.0  4 38.0 -1.8 0/6/0
11  -0.7  -9.7  -4.9 1001.4  997.7 1000.5 16 13 129  4 SE  0.0  0 37.0 -1.7 0/6/0
12   3.6  -1.7   0.8  997.8  976.0  985.6 54 43 025 26 N   7.4  0 35.0 -1.7 0/6/0
13   0.5  -6.5  -2.8  988.1  974.9  982.7 54 40 013 26 N   2.8  0 33.0 -1.8 0/6/0
14  -0.9  -8.2  -4.9  989.2  974.3  983.2 72 46 016 22 N   1.5  1 34.0 -1.7 0/6/0
15  -0.8 -14.6  -9.8 1004.7  976.4  991.9 49 33 237 20 SW  0.3  1 35.0 -1.8 0/6/0
16  -0.5  -8.4  -2.2 1003.0  989.3  996.4 43 37 019 25 N   0.0  0 35.0 -1.8 0/6/0
17  -6.6 -11.7 -10.0 1009.4  996.1 1004.5 27 22 230 13 SW  0.0  0 33.0 -1.8 0/6/0
18   0.5 -12.8  -9.1 1009.1  997.8 1005.1 24 18 114  6 E   0.0  0 32.0 -1.8 0/6/0
19   0.3  -2.2  -1.1 1005.8  996.7 1001.7 25 19 147  4 E   4.1  8 44.0 -1.8 0/6/0
20   2.0  -1.0   0.7 1007.2 1005.5 1006.5 28 25 018 13 N   0.0  1 43.0 -1.7 0/6/0
21   0.6  -1.7  -0.6 1006.2  993.9 1000.6 39 27 031  9 NE  0.0  0 42.0 -1.7 0/6/0
22  -0.5  -3.6  -2.4  994.0  982.1  987.3 21 12 107  3 SE  0.0  0 40.0 -1.7 0/6/0
23  -2.0  -3.2  -2.5  991.4  981.4  984.8 19 16 019  5 N   0.0  0 38.0 -1.8 0/6/0
24  -2.9  -7.0  -5.1 1010.2  991.4 1001.1 14 10 024  4 NE  0.5  6 43.0 -1.8 0/6/0
25  -5.8  -9.1  -7.7 1010.5 1007.8 1008.9 13 10 246  4 SW  0.0  0 42.0 -1.7 0/6/0
26  -6.0  -8.8  -6.9 1009.1 1004.1 1006.9 20 16 243  7 SW  0.0  0 42.0 -1.7 01692
27  -3.3  -6.0  -4.3 1006.1 1002.8 1004.8 16 13 280  5 N   0.0  0 41.0 -1.7 01692
28  -3.5  -7.2  -5.0 1005.4  998.2 1002.1  9  8 357  4 N   0.0  0 40.0 -1.7 01692
29  -1.9  -7.5  -4.0  998.5  989.4  993.0 17 14 022  3 SE  0.5  0 40.0 -1.8 01692
30  -1.4  -7.1  -2.8  996.7  988.2  991.5 13  8 145  3 SE  2.3  3 43.0 -1.8 01692
31  -4.5  -9.2  -6.6 1000.0  996.7  998.8  3  3 179  0 S   0.0  0 43.0 -1.8 01692

