******************************************************************************
Palmer Station Weather Highlights:       September 2014

        Temperature:    Abs Max:     3.0 C          Day: 9
                        Abs Min:   -12.9 C          Day: 1
                            Avg:    -3.6 C
                        Avg Max:    -0.6 C
                        Avg Min:    -6.3 C

        Pressure:       Abs Max:  1020.0 mb         Day: 20
                        Abs Min:   963.2 mb         Day: 16
                            Avg:   996.1 mb
                        Avg Max:   999.4 mb
                        Avg Min:   992.4 mb

        Wind:             Peak:       68 kts        Day: 15
                           Avg:        8 kts
                        Days Prevailing:      N: 6
                                             NE: 4
                                              E: 5
                                             SE: 11
                                              S: 0
                                             SW: 3
                                              W: 1
                                             NW: 0

        Precipitation:  Melted:     19.5 mm         YTD:   265.3 mm
                          Snow:       22 cm         YTD:     231 cm
        Maximum Snowstake Depth:      75 cm         Day: 18


============================= Daily Weather Data =============================
Column Titles:
        1. Day                        10. Wind 2-min Peak Direction  (degrees)
        2. Temperature High    (C)    11. Wind Average               (knots)
        3. Temperature Low     (C)    12. Wind Prevailing Direction
        4. Temperature Average (C)    13. Precipitation Melted       (mm)
        5. Pressure High      (mb)    14. Precipitation Snow         (cm)
        6. Pressure Low       (mb)    15. Depth at Snowstake         (cm)
        7. Pressure Average   (mb)    16. Sea Surface Temperature    (C)
        8. Wind 5-Sec Peak (knots)    17. Sea Ice                    (WMO code)
        9. Wind 2-Min Peak (knots)


 1  -3.6 -12.9  -9.4 1016.3 1013.5 1015.0 13 11 121  2 SE  0.0  0 63.0  -1.7 52695
 2   1.8  -4.9  -1.5 1013.6 1010.9 1012.2 11 10 161  3 N   1.3  1 64.0  -1.8 52695
 3   0.6  -5.8  -2.0 1016.0 1013.2 1014.9  8  7 351  3 N   0.0  0 64.0  -1.8 42695
 4  -3.9  -9.9  -6.3 1017.0 1015.2 1016.1  6  5 135  1 SE  0.0  0 64.0  -1.8 52695
 5  -0.1  -8.4  -4.3 1015.6 1009.9 1012.4 11  9 124  3 SE  1.3  0 63.0  -1.8 52695
 6   1.5  -2.7  -0.3 1009.9 1004.1 1006.6 37 28 016 10 SE  4.8  2 65.0  -1.7 42695
 7   2.4  -1.1   0.4 1005.5 1004.1 1004.9 19 16 016  5 SE  2.5  5 69.0  -1.7 52695
 8   1.1  -4.9  -2.1 1005.9 1005.0 1005.4 19 16 043  4 SE  0.0  0 69.0  -1.7 52695
 9   3.0  -4.2  -1.8 1006.2 1004.2 1005.0  8  7 141  2 SE  3.8  0 68.0  -1.7 52695
10  -0.6  -8.4  -3.1 1006.7 1001.6 1005.2  6  5 075  2 SE  0.8  0 68.0  -1.7 52695
11   0.0  -9.2  -4.9 1001.6  986.0  993.7 22 18 044  3 SE  0.0  3 71.0  -1.8 52695
12  -0.8  -6.3  -3.0  986.3  980.8  982.7 34 28 068  9 E   0.0  0 70.0  -1.7 52695
13  -1.7  -6.7  -4.6  985.3  979.4  983.7 32 25 016 10 E   0.0  0 68.0  -1.7 42695
14   0.0  -4.4  -2.9  981.2  973.0  978.4 34 25 148  8 NE  0.0  0 66.0  -1.7 22695
15   0.8  -2.4  -0.7  976.4  966.1  972.2 68 50 036 24 NE  0.3  0 65.0  -1.7 22695
16   2.4  -1.0   0.0  970.4  963.2  967.9 61 47 039 25 NE  0.0  0 65.0  -1.7 22695
17  -0.3  -4.4  -2.4  974.2  968.1  970.9 51 39 029 14 NE  1.5  0 65.0  -1.7 22695
18   0.2  -4.7  -3.2  989.9  974.3  979.9 19 14 019  4 N   1.5  9 75.0  -1.7 22695
19  -3.8  -9.8  -7.2 1010.5  990.0 1000.9 16 13 218  6 SW  0.0  0 71.0  -1.7 22695
20  -6.8  -9.7  -8.5 1020.0 1010.5 1016.7  9  7 226  2 SW  0.0  0 69.0  -1.8 22695
21   0.9  -8.4  -5.5 1019.7 1007.4 1014.7 34 18 116  6 E   0.0  0 68.0  -1.7 22695
22   2.4  -1.8  -0.1 1007.4  986.3  997.3 59 43 037 19 E   0.0  0 66.0  -1.7 22695
23   0.9  -1.6  -0.1  991.7  985.9  988.2 55 44 038 19 N   1.5  1 66.0  -1.7 22695
24  -1.3  -6.0  -2.6  992.0  988.1  990.7 32 26 011 11 N   0.0  1 67.0  -1.6 22695
25  -3.9  -9.5  -6.9  989.1  984.4  985.6 28 23 230 11 SW  0.3  0 66.0  -1.6 22695
26  -5.6 -11.0  -8.4  987.8  985.0  987.0 26 21 118 10 SE  0.0  0 65.0  -1.7 22695
27  -0.9  -8.4  -3.6  990.6  984.6  987.7 37 28 122 14 SE  0.0  0 64.0  -1.6 22695
28  -0.6  -7.4  -4.2  997.3  988.4  993.2 44 32 118 16 E   0.0  0 64.0  -1.7 22695
29  -0.8  -5.3  -2.9  997.7  995.2  996.6 27 21 207  6 N   0.0  0 64.0  -1.7 22695
30  -2.3  -6.6  -5.1  999.2  994.6  996.2 12 10 217  4 W   0.0  0 64.0  -1.7 22695



