******************************************************************************
Palmer Station Weather Highlights:       June 2014

        Temperature:    Abs Max:     2.4 C          Day: 30
                        Abs Min:    -7.2 C          Day: 11
                            Avg:    -2.9 C
                        Avg Max:    -1.4 C
                        Avg Min:    -4.5 C

        Pressure:       Abs Max:  1011.5 mb         Day: 5
                        Abs Min:   957.5 mb         Day: 20
                            Avg:   991.1 mb
                        Avg Max:   995.4 mb
                        Avg Min:   986.8 mb

        Wind:             Peak:       62 kts        Day: 30
                           Avg:       12 kts
                        Days Prevailing:      N: 3
                                             NE: 20
                                              E: 1
                                             SE: 3
                                              S: 0
                                             SW: 1
                                              W: 1
                                             NW: 1

        Precipitation:  Melted:     33.5 mm         YTD:   193.8 mm
                          Snow:       27 cm         YTD:     135 cm
        Maximum Snowstake Depth:      29 cm         Day: 24


============================= Daily Weather Data=============================
Column Titles:
        1. Day                        10. Wind 2-min Peak Direction(degrees)
        2. Temperature High    (C)    11. Wind Average(knots)
        3. Temperature Low     (C)    12. Wind Prevailing Direction
        4. Temperature Average (C)    13. Precipitation Melted(mm)
        5. Pressure High      (mb)    14. Precipitation Snow(cm)
        6. Pressure Low       (mb)    15. Depth at Snowstake(cm)
        7. Pressure Average   (mb)    16. Sea Surface Temperature    (C)
        8. Wind 5-Sec Peak (knots)    17. Sea Ice(WMO code)
        9. Wind 2-Min Peak (knots)


 1  -3.0  -5.0  -4.3 1007.3 1001.8 1003.6 11  9 218  3 NE  0.0  1  3.0 -1.4 0/6/0
 2  -3.5  -6.3  -4.9 1009.8 1006.2 1008.5  7  6 066  3 NE  0.0  0  2.0 -1.2 0/6/0
 3  -2.0  -4.1  -2.8 1006.3 1001.8 1003.5 10  8 196  3 NE  0.0  1  3.0 -1.3 0/6/0
 4  -0.4  -3.3  -2.0 1010.6 1006.1 1009.4 14 11 125  4 SE  1.5  0  3.0 -1.4 0/6/0
 5  -3.6  -5.6  -4.6 1011.5 1009.2 1010.8  6  5 061  2 NE  0.0  1  4.0 -1.6 0/6/0
 6  -3.6  -5.0  -4.3 1009.2  997.9 1004.1  7  6 138  2 NE  0.0  0  4.0 -1.6 0/6/0
 7  -4.0  -5.3  -4.6  997.9  992.6  994.0  3  3 048  0 SE  0.0  1  6.0 -1.7 0/6/0
 8  -1.5  -5.2  -3.3 1002.4  993.9  999.1 14 12 349  3 N   0.0  0  6.0 -1.7 0/6/0
 9  -2.7  -4.3  -3.3 1002.2  998.5  999.7 14 12 019  4 NE  0.0  0  6.0 -1.7 0/6/0
10  -3.4  -6.4  -4.6  999.0  996.1  998.3 10  8 045  3 NE  0.0  0  6.0 -1.7 0/6/0
11  -4.5  -7.2  -6.1  996.1  987.8  990.4  8  7 358  2 NE  0.0  0  6.0 -1.7 01600
12  -3.7  -5.8  -4.7  998.0  989.4  993.2 11  9 029  3 NE  0.0  0  6.0 -1.7 01600
13  -2.8  -4.9  -3.9 1006.4  998.0 1002.5 20 16 028  5 NE  0.0  0  6.0 -1.7 01600
14  -3.9  -5.3  -4.4 1010.5 1006.2 1008.7 28 23 028 14 NE  0.0  0  6.0 -1.8 01600
15  -1.5  -6.5  -4.8 1010.1  998.2 1005.8 30 23 030  9 NE  0.0  0  6.0 -1.8 01600
16  -0.1  -3.7  -1.8  998.4  989.4  992.1 36 31 140  9 SE  7.9  2  7.0 -1.6 0/6/0
17  -1.0  -4.0  -1.9  996.6  989.3  992.0 37 28 352 13 N   0.3  9 17.0 -1.7 0/6/0
18  -0.9  -2.6  -1.4 1001.0  996.6  999.7 16 13 342  7 N   1.5  1 17.0 -1.7 0/6/0
19   2.3  -2.0   0.6  999.0  985.2  993.1 42 35 023 17 NE  0.0  0 17.0 -1.6 0/6/0
20   2.1  -4.2  -0.6  985.3  957.5  969.8 54 42 025 28 NE  3.8  1 18.0 -1.6 0/6/0
21  -2.7  -7.1  -5.0  976.4  970.7  972.8 44 33 232 24 W   0.0  3 21.0 -1.7 0/6/0
22  -0.4  -6.7  -4.2  978.0  966.9  973.5 38 31 249 14 SW  4.1  2 24.0 -1.7 0/6/0
23   1.4  -2.5   0.4  969.7  963.3  965.8 45 31 031 17 NE  4.1  3 28.0 -1.7 0/6/0
24   1.1  -2.0  -0.1  976.4  968.6  971.8 43 34 034 22 NE  0.3  2 29.0 -1.7 0/6/0
25  -0.3  -4.6  -2.5  979.7  967.9  976.2 49 39 049 17 E   0.0  0 29.0 -1.6 0/6/0
26  -0.1  -2.7  -1.6  980.8  967.6  972.2 47 38 047 22 NE  0.0  0 28.0 -1.5 0/6/0
27  -2.4  -5.0  -3.4  987.7  977.9  984.8 34 29 016 20 NE  0.0  0 27.0 -1.7 0/6/0
28   1.1  -5.4  -1.3  977.9  966.4  969.2 51 39 025 25 NE  0.5  0 27.0 -1.4 0/6/0
29  -0.3  -2.3  -1.3  988.7  971.4  983.2 48 37 030 20 NW  0.3  0 27.0 -1.5 0/6/0
30   2.4  -1.0   0.4  989.7  980.7  986.0 62 49 041 36 NE  9.4  0 27.0 -1.3 0/6/0
