********************************************************************************
Palmer Station Weather Highlights:       October 2014

        Temperature:    Abs Max:     6.8 C          Day: 20
                        Abs Min:   -14.8 C          Day: 14
                            Avg:    -3.0 C
                        Avg Max:     0.4 C
                        Avg Min:    -6.1 C

        Pressure:       Abs Max:  1009.1 mb         Day: 19
                        Abs Min:   950.7 mb         Day: 24
                            Avg:   979.9 mb
                        Avg Max:   985.9 mb
                        Avg Min:   973.7 mb

        Wind:             Peak:       55 kts        Day: 6
                           Avg:       11 kts
                        Days Prevailing:      N: 8
                                             NE: 3
                                              E: 2
                                             SE: 7
                                              S: 1
                                             SW: 3
                                              W: 5
                                             NW: 2

        Precipitation:  Melted:     54.8 mm         YTD:   320.1 mm
                          Snow:       46 cm         YTD:     277 cm
        Maximum Snowstake Depth:      98 cm         Day: 28


============================= Daily Weather Data =============================
Column Titles:
        1. Day                        10. Wind 2-min Peak Direction  (degrees)
        2. Temperature High    (C)    11. Wind Average               (knots)
        3. Temperature Low     (C)    12. Wind Prevailing Direction
        4. Temperature Average (C)    13. Precipitation Melted       (mm)
        5. Pressure High      (mb)    14. Precipitation Snow         (cm)
        6. Pressure Low       (mb)    15. Depth at Snowstake         (cm)
        7. Pressure Average   (mb)    16. Sea Surface Temperature    (C)
        8. Wind 5-Sec Peak (knots)    17. Sea Ice                    (WMO code)
        9. Wind 2-Min Peak (knots)

 1  -1.1  -6.3  -4.6  999.7  991.5  996.9 15 12 316  7 SE  2.0  1 65.0  -1.7 23691
 2   1.7  -1.8   0.3  991.7  971.9  985.7 55 39 015 22 N  15.2  9 76.0  -1.7 23691
 3   1.1  -1.7   0.2  989.1  969.4  974.3 45 36 334 22 N   2.8  0 75.0  -1.7 22691
 4   3.8  -1.5   0.7  996.2  989.0  993.0 32 27 016 13 N   0.3  0 74.0  -1.6 23100
 5   4.1  -0.3   2.0  991.4  976.7  983.6 54 42 025 25 N   7.6  0 74.0  -1.6 13100
 6   1.6  -4.9  -0.3  984.9  973.2  977.2 55 40 014 20 N   3.1  0 73.0  -1.6 13100
 7  -4.7  -7.4  -6.1  991.4  984.9  989.7 18 15 210  8 S   0.3  8 86.0  -1.6 23100
 8   0.1  -7.4  -4.4  990.6  969.9  980.8 29 24 019  6 NW  2.0  1 84.0  -1.7 23100
 9  -0.6  -6.5  -2.7  969.9  957.4  962.8 21 16 243  6 N   1.5  3 87.0  -1.7 43192
10  -5.0 -10.7  -7.4  975.0  967.0  971.4 24 19 319  7 SW  0.5  1 84.0  -1.7 53192
11  -4.2 -11.6 -10.2  978.6  968.4  976.3 32 25 020  7 SW  0.3  0 86.0  -1.7 53192
12   1.0  -7.9  -2.1  968.4  951.6  958.4 41 34 012 17 N   1.5  5 86.0  -1.7 33192
13  -7.0 -11.7  -9.4  976.2  957.1  964.5 24 21 242 11 W   0.0  1 81.0  -1.7 53192
14  -3.5 -14.8  -9.9  985.3  976.3  983.0 19 17 231  4 SW  0.0  0 81.0  -1.7 53192
15   0.3  -8.6  -3.5  984.1  979.4  980.8 22 16 117  6 SE  7.1  8 89.0  -1.7 53192
16   6.6  -3.1  -0.4  985.8  982.1  984.5  9  7 120  2 SE  0.3  0 92.0  -1.7 53192
17  -1.0  -6.3  -2.8  991.4  984.8  988.3 21 18 021  6 N   4.3  7 92.0  -1.7 43192
18   4.6 -11.1  -2.5 1006.1  991.3  997.4 17 15 015  2 SE  0.0  0 90.0  -1.7 43192
19   5.6  -2.8  -0.6 1009.1 1006.0 1008.3 25 22 022  8 SE  0.3  0 87.0  -1.7 43192
20   6.8  -1.8   1.7 1008.5  992.5 1002.0 20 18 052  9 NE  0.0  0 87.0  -1.7 43661
21   4.5  -2.3   1.5  992.4  975.0  981.0 37 30 028 11 NE  1.0  0 81.0  -1.6 33661
22   0.2  -7.0  -2.0  979.8  963.3  974.3 45 33 030 16 NE  0.0  0 89.0  -1.7 43692
23  -0.4  -5.6  -3.0  970.7  961.2  965.2 45 35 029 19 W   1.3  1 78.0  -1.7 33490
24  -1.3  -6.1  -4.2  972.5  950.7  963.6 54 43 023 13 W   0.5  0 78.0  -1.7 53692
25   1.6  -3.2  -1.7  966.7  955.4  961.8 34 27 252 12 W   0.0  0 78.0  -1.7 53692
26   0.8  -5.1  -3.3  971.3  957.5  963.3 21 17 285  6 NW  1.3  0 77.0  -1.7 53692
27  -0.1 -12.5  -5.0  971.6  963.6  968.5 38 25 071 11 E   1.5  0 81.0  -1.7 13692
28   0.4  -3.1  -2.0  971.5  963.1  965.3 39 31 119 15 SE  0.0  1 98.0  -1.7 23661
29  -0.1  -4.4  -2.9  986.5  971.6  978.6 29 23 122  8 E   0.0  0 98.0  -1.5 22660
30  -1.5  -5.3  -3.3 1000.9  986.5  994.1 44 33 120 15 SE  0.0  0 97.0  -1.4 20660
31  -2.2  -6.1  -5.0 1006.2  996.9 1003.2 18 15 235  7 W   0.3  0 96.0  -1.4 0/6/0
